       nan        nan        nan        nan        nan        nan        nan        nan        nan 21524.42650        nan        nan        nan        nan        nan        nan        nan        nan 21521.74200 21479.36850        nan        nan        nan        nan        nan        nan        nan
21527.49450        nan        nan 21562.40800        nan        nan        nan        nan        nan 21524.81000 21482.43650        nan 21559.72350 21517.35000        nan        nan        nan        nan 21519.43750 21476.75000 21441.09700 21554.35100 21511.66350 21476.01050        nan        nan        nan
21530.95500 21488.58150        nan 21566.38650 21524.01300        nan 21595.60800 21553.23450        nan 21525.58250 21482.89500 21447.24200 21561.01400 21518.32650 21482.67350 21590.23550 21547.54800 21511.89500 21517.51800 21474.35950 21437.90800 21552.94950 21509.79100 21473.33950 21582.17100 21539.01250 21502.56100
21534.82000 21492.13250 21456.47950 21571.03150 21528.34400 21492.69100 21601.59500 21558.90750 21523.25450 21526.75550 21483.59700 21447.14550 21562.96700 21519.80850 21483.35700 21593.53050 21550.37200 21513.92050 21515.99350 21472.20700 21434.72250 21552.20500 21508.41850 21470.93400 21582.76850 21538.98200 21501.49750
21539.10700 21495.94850 21459.49700 21576.35550 21533.19700 21496.74550 21608.60400 21565.44550 21528.99400 21528.34500 21484.55850 21447.07400 21565.59350 21521.80700 21484.32250 21597.84200 21554.05550 21516.57100 21514.87500 21470.30700 21431.57900 21552.12350 21507.55550 21468.82750 21584.37200 21539.80400 21501.07600
21543.83600 21500.04950 21462.56500 21582.37000 21538.58350 21501.09900 21616.58650 21572.80000 21535.31550 21530.36600 21485.79800 21447.07000 21568.90000 21524.33200 21485.60400 21603.11650 21558.54850 21519.82050 21514.18050 21468.67950 21428.52000 21552.71450 21507.21350 21467.05400 21586.93100 21541.43000 21501.27050
21549.02300 21504.45500 21465.72700 21589.07750 21544.50950 21505.78150 21625.48800 21580.92000 21542.19200 21532.83750 21487.33650 21447.17700 21572.89200 21527.39100 21487.23150 21609.30250 21563.80150 21523.64200 21513.92550 21467.34450 21425.58950 21553.98000 21507.39900 21465.64400 21590.39050 21543.80950 21502.05450
21554.68800 21509.18700 21469.02750 21596.47750 21550.97650 21510.81700 21635.26300 21589.76200 21549.60250 21535.77600 21489.19500 21447.44000 21577.56550 21530.98450 21489.22950 21616.35100 21569.77000 21528.01500 21514.12700 21466.32700 21422.83350 21555.91650 21508.11650 21464.62300 21594.70200 21546.90200 21503.40850
21560.84350 21514.26250 21472.50750 21604.56150 21557.98050 21516.22550 21645.86700 21599.28600 21557.53100 21539.19450 21491.39450 21447.90100 21582.91250 21535.11250 21491.61900 21624.21800 21576.41800 21532.92450 21514.79800 21465.64650 21420.29200 21558.51600 21509.36450 21464.01000 21599.82150 21550.67000 21505.31550
21567.50250 21519.70250 21476.20900 21613.32050 21565.52050 21522.02700 21657.26050 21609.46050 21565.96700 21543.10600 21493.95450 21448.60000 21588.92400 21539.77250 21494.41800 21632.86400 21583.71250 21538.35800 21515.95250 21465.32550 21418.00450 21561.77050 21511.14350 21463.82250 21605.71050 21555.08350 21507.76250
21574.67300 21525.52150 21480.16700 21622.74150 21573.59000 21528.23550 21669.40850 21620.25700 21574.90250 21547.51950 21496.89250 21449.57150 21595.58800 21544.96100 21497.64000 21642.25500 21591.62800 21544.30700 21517.59900 21465.38150 21416.00350 21565.66750 21513.45000 21464.07200 21612.33450 21560.11700 21510.73900
21582.36350 21531.73650 21484.41550 21632.81100 21582.18400 21534.86300 21682.28150 21631.65450 21584.33350 21552.44300 21500.22550 21450.84750 21602.89050 21550.67300 21501.29500 21652.36100 21600.14350 21550.76550 21519.74650 21465.83300 21414.32000 21570.19400 21516.28050 21464.76750 21619.66450 21565.75100 21514.23800
21590.57700 21538.35950 21488.98150 21643.51600 21591.29850 21541.92050 21695.85050 21643.63300 21594.25500 21557.88050 21503.96700 21452.45400 21610.81950 21556.90600 21505.39300 21663.15400 21609.24050 21557.72750 21522.40050 21466.69450 21412.97950 21575.33950 21519.63350 21465.91850 21627.67400 21571.96800 21518.25300
21599.31550 21545.40200 21493.88900 21654.84200 21600.92850 21549.41550 21710.09250 21656.17900 21604.66600 21563.83550 21508.12950 21454.41450 21619.36200 21563.65600 21509.94100 21674.61250 21618.90650 21565.19150 21525.56450 21467.97800 21412.00350 21581.09100 21523.50450 21467.53000 21636.34150 21578.75500 21522.78050
21608.57950 21552.87350 21499.15850 21666.77650 21611.07050 21557.35550 21724.98550 21669.27950 21615.56450 21570.30850 21512.72200 21456.74750 21628.50550 21570.91900 21514.94450 21686.71450 21629.12800 21573.15350 21529.24100 21469.69500 21411.41000 21587.43800 21527.89200 21469.60700 21645.64700 21586.10100 21527.81600
21618.37000 21560.78350 21504.80900 21679.30700 21621.72050 21565.74600 21740.50900 21682.92250 21626.94800 21577.30250 21517.75650 21459.47150 21638.23950 21578.69350 21520.40850 21699.44150 21639.89550 21581.61050 21533.43300 21471.85550 21411.21700 21594.37000 21532.79250 21472.15400 21655.57200 21593.99450 21533.35600
21628.68450 21569.13850 21510.85350 21692.42300 21632.87700 21574.59200 21756.64900 21697.10300 21638.81800 21584.81500 21523.23750 21462.59900 21648.55350 21586.97600 21526.33750 21712.77950 21651.20200 21590.56350 21538.13950 21474.46550 21411.43550 21601.87800 21538.20400 21475.17400 21666.10400 21602.43000 21539.40000
21639.52150 21577.94400 21517.30550 21706.11350 21644.53600 21583.89750 21773.38850 21711.81100 21651.17250 21592.84600 21529.17200 21466.14200 21659.43800 21595.76400 21532.73400 21726.71300 21663.03900 21600.00900 21543.36000 21477.53150 21412.07750 21609.95200 21544.12350 21478.66950 21677.22700 21611.39850 21545.94450
21650.87900 21587.20500 21524.17500 21720.36900 21656.69500 21593.66500 21790.71350 21727.03950 21664.00950 21601.39300 21535.56450 21470.11050 21670.88300 21605.05450 21539.60050 21741.22750 21675.39900 21609.94500 21549.09500 21481.06050 21413.15200 21618.58500 21550.55050 21482.64200 21688.92950 21620.89500 21552.98650
21662.75300 21596.92450 21531.47050 21735.17900 21669.35050 21603.89650 21808.61150 21742.78300 21677.32900 21610.45500 21542.42050 21474.51200 21682.88100 21614.84650 21546.93800 21756.31350 21688.27900 21620.37050 21555.34250 21485.05450 21414.66700 21627.76850 21557.48050 21487.09300 21701.20100 21630.91300 21560.52550
21675.14250 21607.10800 21539.19950 21750.53700 21682.50250 21614.59400 21827.07250 21759.03800 21691.12950 21620.03000 21549.74200 21479.35450 21695.42450 21625.13650 21554.74900 21771.96000 21701.67200 21631.28450 21562.10150 21489.51850 21416.62900 21637.49600 21564.91300 21492.02350 21714.03150 21641.44850 21568.55900
21688.04400 21617.75600 21547.36850 21766.43400 21696.14600 21625.75850 21846.08550 21775.79750 21705.41000 21630.11550 21557.53250 21484.64300 21708.50550 21635.92250 21563.03300 21788.15700 21715.57400 21642.68450 21569.37050 21494.45450 21419.04350 21647.76050 21572.84450 21497.43350 21727.41200 21652.49600 21577.08500
21701.45350 21628.87050 21555.98100 21782.86350 21710.28050 21637.39100 21865.64050 21793.05750 21720.16800 21640.70850 21565.79250 21490.38150 21722.11850 21647.20250 21571.79150 21804.89550 21729.97950 21654.56850 21577.14600 21499.86450 21421.91400 21658.55600 21581.27450 21503.32400 21741.33300 21664.05150 21586.10100
21715.36800 21640.45200 21565.04100 21799.81800 21724.90200 21649.49100 21885.73000 21810.81400 21735.40300 21651.80550 21574.52400 21496.57350 21736.25550 21658.97400 21581.02350 21822.16750 21744.88600 21666.93550 21585.42700 21505.74900 21425.24450 21669.87700 21590.19900 21509.69450 21755.78900 21676.11100 21595.60650
21729.78350 21652.50200 21574.55150 21817.29050 21740.00900 21662.05850 21906.34450 21829.06300 21751.11250 21663.40500 21583.72700 21503.22250 21750.91200 21671.23400 21590.72950 21839.96600 21760.28800 21679.78350 21594.21000 21512.10900 21429.03600 21681.71700 21599.61600 21516.54300 21770.77100 21688.67000 21605.59700
21744.69800 21665.02000 21584.51550 21835.27650 21755.59850 21675.09400 21927.47700 21847.79900 21767.29450 21675.50300 21593.40200 21510.32900 21766.08150 21683.98050 21600.90750 21858.28200 21776.18100 21693.10800 21603.49350 21518.94600 21433.29300 21694.07200 21609.52450 21523.87150 21786.27250 21701.72500 21616.07200
21760.10600 21678.00500 21594.93200 21853.76900 21771.66800 21688.59500 21949.11950 21867.01850 21783.94550 21688.09650 21603.54900 21517.89600 21781.75950 21697.21200 21611.55900 21877.11000 21792.56250 21706.90950 21613.27400 21526.25750 21438.01450 21706.93700 21619.92050 21531.67750 21802.28750 21715.27100 21627.02800
21776.00600 21691.45850 21605.80550 21872.76200 21788.21450 21702.56150 21971.26650 21886.71900 21801.06600 21701.18350 21614.16700 21525.92400 21797.93950 21710.92300 21622.68000 21896.44400 21809.42750 21721.18450 21623.55000 21534.04550 21443.20350 21720.30600 21630.80150 21539.95950 21818.81050 21729.30600 21638.46400
21792.39300 21705.37650 21617.13350 21892.25050 21805.23400 21716.99100 21993.91100 21906.89450 21818.65150 21714.75950 21625.25500 21534.41300 21814.61700 21725.11250 21634.27050 21916.27750 21826.77300 21735.93100 21634.31600 21542.30750 21448.85750 21734.17350 21642.16500 21548.71500 21835.83400 21743.82550 21650.37550
21809.26400 21719.75950 21628.91750 21912.22900 21822.72450 21731.88250 22017.04550 21927.54100 21836.69900 21728.82050 21636.81200 21543.36200 21831.78550 21739.77700 21646.32700 21936.60200 21844.59350 21751.14350 21645.57100 21551.04300 21454.97950 21748.53600 21654.00800 21557.94450 21853.35250 21758.82450 21662.76100
21826.61400 21734.60550 21641.15550 21932.69200 21840.68350 21747.23350 22040.66450 21948.65600 21855.20600 21743.36450 21648.83650 21552.77300 21849.44250 21754.91450 21658.85100 21957.41500 21862.88700 21766.82350 21657.31150 21560.25050 21461.56650 21763.38950 21666.32850 21567.64450 21871.36200 21774.30100 21675.61700
21844.44050 21749.91250 21653.84900 21953.63500 21859.10700 21763.04350 22064.76150 21970.23350 21874.17000 21758.38750 21661.32650 21562.64250 21867.58200 21770.52100 21671.83700 21978.70850 21881.64750 21782.96350 21669.53350 21569.92850 21468.61900 21778.72800 21679.12300 21577.81350 21889.85450 21790.24950 21688.94000
21862.73900 21765.67800 21666.99400 21975.05200 21877.99100 21779.30700 22089.33250 21992.27150 21893.58750 21773.88500 21674.28000 21572.97050 21886.19800 21786.59300 21685.28350 22000.47850 21900.87350 21799.56400 21682.23450 21580.07400 21476.13600 21794.54750 21692.38700 21588.44900 21908.82800 21806.66750 21702.72950
21881.50600 21781.90100 21680.59150 21996.93800 21897.33300 21796.02350 22114.36900 22014.76400 21913.45450 21789.85550 21687.69500 21583.75700 21905.28750 21803.12700 21699.18900 22022.71850 21920.55800 21816.62000 21695.41100 21590.68650 21484.11650 21810.84300 21706.11850 21599.54850 21928.27400 21823.54950 21716.97950
21900.73750 21798.57700 21694.63900 22019.28900 21917.12850 21813.19050 22139.86700 22037.70650 21933.76850 21806.29300 21701.56850 21594.99850 21924.84450 21820.12000 21713.55000 22045.42250 21940.69800 21834.12800 21709.05900 21601.76300 21492.55800 21827.61050 21720.31450 21611.10950 21948.18850 21840.89250 21731.68750
21920.42850 21815.70400 21709.13400 22042.09900 21937.37450 21830.80450 22165.82050 22061.09600 21954.52600 21823.19450 21715.89850 21606.69350 21944.86500 21837.56900 21728.36400 22068.58650 21961.29050 21852.08550 21723.17500 21613.30100 21501.45850 21844.84550 21734.97150 21623.12900 21968.56700 21858.69300 21746.85050
21940.57550 21833.27950 21724.07450 22065.36250 21958.06650 21848.86150 22192.22350 22084.92750 21975.72250 21840.55600 21730.68200 21618.83950 21965.34300 21855.46900 21743.62650 22092.20400 21982.33000 21870.48750 21737.75550 21625.29650 21510.81600 21862.54250 21750.08350 21635.60300 21989.40350 21876.94450 21762.46400
21961.17450 21851.30050 21739.45800 22089.07650 21979.20250 21867.36000 22219.07050 22109.19650 21997.35400 21858.37400 21745.91500 21631.43450 21986.27600 21873.81700 21759.33650 22116.27000 22003.81100 21889.33050 21752.79600 21637.74900 21520.63000 21880.69800 21765.65100 21648.53200 22010.69200 21895.64500 21778.52600
21982.22100 21869.76200 21755.28150 22113.23350 22000.77450 21886.29400 22246.35650 22133.89750 22019.41700 21876.64300 21761.59600 21644.47700 22007.65550 21892.60850 21775.48950 22140.77850 22025.73150 21908.61250 21768.29400 21650.65400 21530.89550 21899.30650 21781.66650 21661.90800 22032.42950 21914.78950 21795.03100
22003.70900 21888.66200 21771.54300 22137.82950 22022.78250 21905.66350 22274.07450 22159.02750 22041.90850 21895.36000 21777.72000 21657.96150 22029.48050 21911.84050 21792.08200 22165.72550 22048.08550 21928.32700 21784.24400 21664.00750 21541.61050 21918.36450 21798.12800 21675.73100 22054.60950 21934.37300 21811.97600
22025.63700 21907.99700 21788.23850 22162.85950 22045.21950 21925.46100 22302.22000 22184.58000 22064.82150 21914.52100 21794.28450 21671.88750 22051.74350 21931.50700 21809.11000 22191.10400 22070.86750 21948.47050 21800.64300 21677.80800 21552.77250 21937.86550 21815.03050 21689.99500 22077.22600 21954.39100 21829.35550
22047.99900 21927.76250 21805.36550 22188.31850 22068.08200 21945.68500 22330.78750 22210.55100 22088.15400 21934.12100 21811.28600 21686.25050 22074.44050 21951.60550 21826.57000 22216.90950 22094.07450 21969.03900 21817.48650 21692.05150 21564.37900 21957.80600 21832.37100 21704.69850 22100.27500 21974.84000 21847.16750
22070.78950 21947.95450 21822.91900 22214.20100 22091.36600 21966.33050 22359.77000 22236.93500 22111.89950 21954.15500 21828.72000 21701.04750 22097.56650 21972.13150 21844.45900 22243.13550 22117.70050 21990.02800 21834.76950 21706.73300 21576.42500 21978.18100 21850.14450 21719.83650 22123.75000 21995.71350 21865.40550
22094.00500 21968.57000 21840.89750 22240.50100 22115.06600 21987.39350 22389.16350 22263.72850 22136.05600 21974.61950 21846.58300 21716.27500 22121.11550 21993.07900 21862.77100 22269.77800 22141.74150 22011.43350 21852.48850 21721.85050 21588.90950 21998.98450 21868.34650 21735.40550 22147.64700 22017.00900 21884.06800
22117.64000 21989.60350 21859.29550 22267.21350 22139.17700 22008.86900 22418.96050 22290.92400 22160.61600 21995.50900 21864.87100 21731.93000 22145.08250 22014.44450 21881.50350 22296.82950 22166.19150 22033.25050 21870.63800 21737.39850 21601.82700 22020.21150 21886.97200 21751.40050 22171.95850 22038.71900 21903.14750
22141.68900 22011.05100 21878.11000 22294.33350 22163.69550 22030.75450 22449.15600 22318.51800 22185.57700 22016.81800 21883.57850 21748.00700 22169.46250 22036.22300 21900.65150 22324.28500 22191.04550 22055.47400 21889.21400 21753.37350 21615.17400 22041.85850 21906.01800 21767.81850 22196.68100 22060.84050 21922.64100
22166.14750 22032.90800 21897.33650 22321.85450 22188.61500 22053.04350 22479.74350 22346.50400 22210.93250 22038.54350 21902.70300 21764.50350 22194.25050 22058.41000 21920.21050 22352.13950 22216.29900 22078.09950 21908.21200 21769.77200 21628.94800 22063.91900 21925.47900 21784.65500 22221.80800 22083.36800 21942.54400
22191.01150 22055.17100 21916.97150 22349.77200 22213.93150 22075.73200 22510.71800 22374.87750 22236.67800 22060.68000 21922.24000 21781.41600 22219.44050 22081.00050 21940.17650 22380.38650 22241.94650 22101.12250 21927.62800 21786.58950 21643.14400 22086.38850 21945.35000 21801.90450 22247.33450 22106.29600 21962.85050
22216.27400 22077.83400 21937.01000 22378.07950 22239.63950 22098.81550 22542.07300 22403.63300 22262.80900 22083.22200 21942.18350 21798.73800 22245.02750 22103.98900 21960.54350 22409.02100 22267.98250 22124.53700 21947.45500 21803.82100 21657.75750 22109.26050 21965.62650 21819.56300 22273.25400 22129.62000 21983.55650
22241.93100 22100.89250 21957.44700 22406.77200 22265.73350 22122.28800 22573.80200 22432.76350 22289.31800 22106.16400 21962.53000 21816.46650 22271.00500 22127.37100 21981.30750 22438.03500 22294.40100 22148.33750 21967.68950 21821.46150 21672.78550 22132.53050 21986.30250 21837.62650 22299.56050 22153.33250 22004.65650
22267.97550 22124.34150 21978.27800 22435.84350 22292.20950 22146.14600 22605.89850 22462.26450 22316.20100 22129.50100 21983.27300 21834.59700 22297.36900 22151.14100 22002.46500 22467.42400 22321.19600 22172.52000 21988.32600 21839.50650 21688.22250 22156.19400 22007.37450 21856.09050 22326.24900 22177.42950 22026.14550
22294.40350 22148.17550 21999.49950 22465.28700 22319.05900 22170.38300 22638.35700 22492.12900 22343.45300 22153.22850 22004.40900 21853.12500 22324.11200 22175.29250 22024.00850 22497.18200 22348.36250 22197.07850 22009.35900 21857.95300 21704.06450 22180.24250 22028.83650 21874.94800 22353.31250 22201.90650 22048.01800
22321.20950 22172.39000 22021.10600 22495.09850 22346.27900 22194.99500 22671.17150 22522.35200 22371.06800 22177.34000 22025.93400 21872.04550 22351.22900 22199.82300 22045.93450 22527.30200 22375.89600 22222.00750 22030.78450 21876.79450 21720.30650 22204.67350 22050.68350 21894.19550 22380.74650 22226.75650 22070.26850
22348.38650 22196.98050 22043.09200 22525.26900 22373.86300 22219.97450 22704.33400 22552.92800 22399.03950 22201.83100 22047.84100 21891.35300 22378.71350 22224.72350 22068.23550 22557.77850 22403.78850 22247.30050 22052.59600 21896.02600 21736.94450 22229.47850 22072.90850 21913.82700 22408.54350 22251.97350 22092.89200
22375.92900 22221.93900 22065.45100 22555.79550 22401.80550 22245.31750 22737.84000 22583.85000 22427.36200 22226.69400 22070.12400 21911.04250 22406.56050 22249.99050 22090.90900 22588.60500 22432.03500 22272.95350 22074.78650 21915.64150 21753.97150 22254.65300 22095.50800 21933.83800 22436.69750 22277.55250 22115.88250
22403.83150 22247.26150 22088.18000 22586.66950 22430.09950 22271.01800 22771.68100 22615.11100 22456.02950 22251.92400 22092.77900 21931.10900 22434.76200 22275.61700 22113.94700 22619.77350 22460.62850 22298.95850 22097.35300 21935.63650 21771.38500 22280.19100 22118.47450 21954.22300 22465.20250 22303.48600 22139.23450
22432.08750 22272.94250 22111.27250 22617.88500 22458.74000 22297.07000 22805.85050 22646.70550 22485.03550 22277.51650 22115.80000 21951.54850 22463.31400 22301.59750 22137.34600 22651.27950 22489.56300 22325.31150 22120.28900 21956.00700 21789.17800 22306.08650 22141.80450 21974.97550 22494.05200 22329.77000 22162.94100
22460.69150 22298.97500 22134.72350 22649.43600 22487.71950 22323.46800 22840.34300 22678.62650 22514.37500 22303.46400 22139.18200 21972.35300 22492.20850 22327.92650 22161.09750 22683.11550 22518.83350 22352.00450 22143.58800 21976.74500 21807.34650 22332.33250 22165.48950 21996.09100 22523.23950 22356.39650 22186.99800
22489.63700 22325.35500 22158.52600 22681.31600 22517.03400 22350.20500 22875.15050 22710.86850 22544.03950 22329.76100 22162.91800 21993.51950 22521.44000 22354.59700 22185.19850 22715.27450 22548.43150 22379.03300 22167.24400 21997.84650 21825.88450 22358.92300 22189.52550 22017.56350 22552.75750 22383.36000 22211.39800
22518.91750 22352.07450 22182.67600 22713.51800 22546.67500 22377.27650 22910.26650 22743.42350 22574.02500 22356.40050 22187.00300 22015.04100 22551.00100 22381.60350 22209.64150 22747.74950 22578.35200 22406.39000 22191.25200 22019.30550 21844.78700 22385.85250 22213.90600 22039.38750 22582.60100 22410.65450 22236.13600
22548.52550 22379.12800 22207.16600 22746.03450 22576.63700 22404.67500 22945.68300 22776.28550 22604.32350 22383.37700 22211.43050 22036.91200 22580.88600 22408.93950 22234.42100 22780.53450 22608.58800 22434.06950 22215.60500 22041.11450 21864.04700 22413.11400 22238.62350 22061.55600 22612.76250 22438.27200 22261.20450
22578.45650 22406.51000 22231.99150 22778.85950 22606.91300 22432.39450 22981.39450 22809.44800 22634.92950 22410.68450 22236.19400 22059.12650 22611.08750 22436.59700 22259.52950 22813.62250 22639.13200 22462.06450 22240.29700 22063.27000 21883.66000 22440.70000 22263.67300 22084.06300 22643.23500 22466.20800 22286.59800
22608.70300 22434.21250 22257.14500 22811.98600 22637.49550 22460.42800 23017.39250 22842.90200 22665.83450 22438.31550 22261.28850 22081.67850 22641.59850 22464.57150 22284.96150 22847.00500 22669.97800 22490.36800 22265.32150 22085.76500 21903.61950 22468.60450 22289.04800 22106.90250 22674.01100 22494.45450 22312.30900
22639.25750 22462.23050 22282.62050 22845.40700 22668.38000 22488.77000 23053.66950 22876.64250 22697.03250 22466.26350 22286.70700 22104.56150 22672.41300 22492.85650 22310.71100 22880.67550 22701.11900 22518.97350 22290.67250 22108.59300 21923.92000 22496.82200 22314.74250 22130.06950 22705.08450 22523.00500 22338.33200
22670.11350 22490.55700 22308.41150 22879.11450 22699.55800 22517.41250 23090.21800 22910.66150 22728.51600 22494.52250 22312.44300 22127.77000 22703.52350 22521.44400 22336.77100 22914.62700 22732.54750 22547.87450 22316.34250 22131.74700 21944.55450 22525.34350 22340.74800 22153.55550 22736.44700 22551.85150 22364.65900
22701.26550 22519.18600 22334.51300 22913.10250 22731.02300 22546.35000 23127.03200 22944.95250 22760.27950 22523.08550 22338.49000 22151.29750 22734.92250 22550.32700 22363.13450 22948.85200 22764.25650 22577.06400 22342.32650 22155.22200 21965.51850 22554.16350 22367.05900 22177.35550 22768.09300 22580.98850 22391.28500
22732.70400 22548.10850 22360.91600 22947.36200 22762.76650 22575.57400 23164.10200 22979.50650 22792.31400 22551.94500 22364.84050 22175.13700 22766.60300 22579.49850 22389.79500 22983.34300 22796.23850 22606.53500 22368.61550 22179.01050 21986.80350 22583.27350 22393.66850 22201.46150 22800.01350 22610.40850 22418.20150
22764.42400 22577.31950 22387.61600 22981.88700 22794.78250 22605.07900 23201.42100 23014.31650 22824.61300 22581.09450 22391.48950 22199.28250 22798.55750 22608.95250 22416.74550 23018.09150 22828.48650 22636.27950 22395.20450 22203.10650 22008.40450 22612.66750 22420.56950 22225.86750 22832.20150 22640.10350 22445.40150
22796.41600 22606.81100 22414.60400 23016.66950 22827.06450 22634.85750 23238.98050 23049.37550 22857.16850 22610.52600 22418.42800 22223.72600 22830.77950 22638.68150 22443.97950 23053.09050 22860.99250 22666.29050 22422.08550 22227.50150 22030.31450 22642.33900 22447.75500 22250.56800 22864.65000 22670.06600 22472.87900
22828.67450 22636.57650 22441.87450 23051.70100 22859.60300 22664.90100 23276.77300 23084.67500 22889.97300 22640.23400 22445.65000 22248.46300 22863.26050 22668.67650 22471.48950 23088.33250 22893.74850 22696.56150 22449.25200 22252.19150 22052.52700 22672.27850 22475.21800 22275.55350 22897.35050 22700.29000 22500.62550
22861.19150 22666.60750 22469.42050 23086.97500 22892.39100 22695.20400 23314.79150 23120.20750 22923.02050 22670.20950 22473.14900 22273.48450 22895.99300 22698.93250 22499.26800 23123.80950 22926.74900 22727.08450 22476.69600 22277.16750 22075.03450 22702.47950 22502.95100 22300.81800 22930.29600 22730.76750 22528.63450
22893.95850 22696.89800 22497.23350 23122.48250 22925.42200 22725.75750 23353.02600 23155.96550 22956.30100 22700.44500 22500.91650 22298.78350 22928.96900 22729.44050 22527.30750 23159.51250 22959.98400 22757.85100 22504.41000 22302.42200 22097.83050 22732.93400 22530.94600 22326.35450 22963.47750 22761.48950 22556.89800
22926.96900 22727.44050 22525.30750 23158.21600 22958.68750 22756.55450 23391.46900 23191.94050 22989.80750 22730.93400 22528.94600 22324.35450 22962.18100 22760.19300 22555.60150 23195.43400 22993.44600 22788.85450 22532.38800 22327.94950 22120.90900 22763.63500 22559.19650 22352.15600 22996.88800 22792.44950 22585.40900
22960.21350 22758.22550 22553.63400 23194.16700 22992.17900 22787.58750 23430.11150 23228.12350 23023.53200 22761.66750 22557.22900 22350.18850 22995.62100 22791.18250 22584.14200 23231.56550 23027.12700 22820.08650 22560.62150 22353.74100 22144.26050 22794.57500 22587.69450 22378.21400 23030.51950 22823.63900 22614.15850
22993.68600 22789.24750 22582.20700 23230.32750 23025.88900 22818.84850 23468.94550 23264.50700 23057.46650 22792.64000 22585.75950 22376.27900 23029.28150 22822.40100 22612.92050 23267.89950 23061.01900 22851.53850 22589.10350 22379.79100 22167.88000 22825.74500 22616.43250 22404.52150 23064.36300 22855.05050 22643.13950
23027.37800 22820.49750 22611.01700 23266.69000 23059.80950 22850.32900 23507.96350 23301.08300 23091.60250 22823.84150 22614.52900 22402.61800 23063.15350 22853.84100 22641.93000 23304.42700 23095.11450 22883.20350 22617.82500 22406.09000 22191.75900 22857.13700 22645.40200 22431.07100 23098.41050 22886.67550 22672.34450
23061.28150 22851.96900 22640.05800 23303.24550 23093.93300 22882.02200 23547.15550 23337.84300 23125.93200 22855.26500 22643.53000 22429.19900 23097.22900 22885.49400 22671.16300 23341.13900 23129.40400 22915.07300 22646.78000 22432.63150 22215.89150 22888.74400 22674.59550 22457.85550 23132.65400 22918.50550 22701.76550
23095.38600 22883.65100 22669.32000 23339.98450 23128.24950 22913.91850 23586.51250 23374.77750 23160.44650 22886.90100 22672.75250 22456.01250 23131.49950 22917.35100 22700.61100 23378.02750 23163.87900 22947.13900 22675.95800 22459.40700 22240.26700 22920.55650 22704.00550 22484.86550 23167.08450 22950.53350 22731.39350
23129.68600 22915.53750 22698.79750 23376.89950 23162.75100 22946.01100 23626.02650 23411.87800 23195.13800 22918.74300 22702.19200 22483.05200 23165.95650 22949.40550 22730.26550 23415.08350 23198.53250 22979.39250 22705.35350 22486.40900 22264.88050 22952.56700 22733.62250 22512.09400 23201.69400 22982.74950 22761.22100
23164.17200 22947.62100 22728.48100 23413.98100 23197.43000 22978.29000 23665.68750 23449.13650 23229.99650 22950.78250 22731.83800 22510.30950 23200.59150 22981.64700 22760.11850 23452.29800 23233.35350 23011.82500 22734.95700 22513.63050 22289.72350 22984.76600 22763.43950 22539.53250 23236.47250 23015.14600 22791.23900
23198.83550 22979.89100 22758.36250 23451.22150 23232.27700 23010.74850 23705.48750 23486.54300 23265.01450 22983.01000 22761.68350 22537.77650 23235.39600 23014.06950 22790.16250 23489.66200 23268.33550 23044.42850 22764.76100 22541.06200 22314.78700 23017.14700 22793.44800 22567.17300 23271.41300 23047.71400 22821.43900
23233.66700 23012.34050 22788.43350 23488.61050 23267.28400 23043.37700 23745.41650 23524.09000 23300.18300 23015.41800 22791.71900 22565.44400 23270.36150 23046.66250 22820.38750 23527.16750 23303.46850 23077.19350 22794.75600 22568.69500 22340.06450 23049.69950 22823.63850 22595.00800 23306.50550 23080.44450 22851.81400
23268.65900 23044.96000 22818.68500 23526.13950 23302.44050 23076.16550 23785.46550 23561.76650 23335.49150 23047.99700 22821.93600 22593.30550 23305.47750 23079.41650 22850.78600 23564.80350 23338.74250 23110.11200 22824.93400 22596.52300 22365.54650 23082.41450 22854.00350 22623.02700 23341.74050 23113.32950 22882.35300
23303.80200 23077.74100 22849.11050 23563.80000 23337.73900 23109.10850 23825.62450 23599.56350 23370.93300 23080.73900 22852.32800 22621.35150 23340.73700 23112.32600 22881.34950 23602.56150 23374.15050 23143.17400 22855.28700 22624.53600 22391.22600 23115.28500 22884.53400 22651.22400 23377.10950 23146.35850 22913.04850
23339.08700 23110.67600 22879.69950 23601.58200 23373.17100 23142.19450 23865.88450 23637.47350 23406.49700 23113.63500 22882.88400 22649.57400 23376.13000 23145.37900 22912.06900 23640.43250 23409.68150 23176.37150 22885.80550 22652.72600 22417.09450 23148.30050 22915.22100 22679.58950 23412.60300 23179.52350 22943.89200
23374.50500 23143.75400 22910.44400 23639.47600 23408.72500 23175.41500 23906.23650 23675.48550 23442.17550 23146.67550 22913.59600 22677.96450 23411.64650 23178.56700 22942.93550 23678.40700 23445.32750 23209.69600 22916.48100 22681.08450 22443.14200 23181.45200 22946.05550 22708.11300 23448.21250 23212.81600 22974.87350
23410.04650 23176.96700 22941.33550 23677.47250 23444.39300 23208.76150 23946.66950 23713.59000 23477.95850 23179.85200 22944.45550 22706.51300 23447.27800 23211.88150 22973.93900 23716.47500 23481.07850 23243.13600 22947.30500 22709.60250 22469.36200 23214.73100 22977.02850 22736.78800 23483.92800 23246.22550 23005.98500
23445.70250 23210.30600 22972.36350 23715.56300 23480.16650 23242.22400 23987.17400 23751.77750 23513.83500 23213.15550 22975.45300 22735.21250 23483.01600 23245.31350 23005.07300 23754.62700 23516.92450 23276.68400 22978.26750 22738.27150 22495.74450 23248.12800 23008.13200 22765.60500 23519.73900 23279.74300 23037.21600
23481.46350 23243.76100 23003.52050 23753.73650 23516.03400 23275.79350 24027.74100 23790.03850 23549.79800 23246.57550 23006.57950 22764.05250 23518.84850 23278.85250 23036.32550 23792.85300 23552.85700 23310.33000 23009.36000 22767.08250 22522.28050 23281.63300 23039.35550 22794.55350 23555.63750 23313.36000 23068.55800
23517.31950 23277.32350 23034.79650 23791.98350 23551.98750 23309.46050 24068.35850 23828.36250 23585.83550 23280.10400 23037.82650 22793.02450 23554.76800 23312.49050 23067.68850 23831.14300 23588.86550 23344.06350 23040.57350 22796.02600 22548.96200 23315.23750 23070.69000 22823.62600 23591.61250 23347.06500 23100.00100
23553.26200 23310.98450 23066.18250 23830.29500 23588.01750 23343.21550 24109.01800 23866.74050 23621.93850 23313.73150 23069.18400 22822.12000 23590.76450 23346.21700 23099.15300 23869.48750 23624.94000 23377.87600 23071.89850 22825.09300 22575.78000 23348.93150 23102.12600 22852.81300 23627.65450 23380.84900 23131.53600
23589.28050 23344.73300 23097.66900 23868.65950 23624.11200 23377.04800 24149.70900 23905.16150 23658.09750 23347.44750 23100.64200 22851.32900 23626.82650 23380.02100 23130.70800 23907.87600 23661.07050 23411.75750 23103.32550 22854.27450 22602.72450 23382.70450 23133.65350 22882.10350 23663.75400 23414.70300 23163.15300
23625.36500 23378.55950 23129.24650 23907.06850 23660.26300 23410.95000 24190.42100 23943.61550 23694.30250 23381.24300 23132.19200 22880.64200 23662.94650 23413.89550 23162.34550 23946.29900 23697.24800 23445.69800 23134.84400 22883.56050 22629.78700 23416.54750 23165.26400 22911.49050 23699.90000 23448.61650 23194.84300
23661.50650 23412.45550 23160.90550 23945.51100 23696.46000 23444.91000 24231.14350 23982.09250 23730.54250 23415.10750 23163.82400 22910.05050 23699.11200 23447.82850 23194.05500 23984.74450 23733.46100 23479.68750 23166.44550 22912.94250 22656.95750 23450.45000 23196.94700 22940.96200 23736.08250 23482.57950 23226.59450
23697.69300 23446.40950 23192.63600 23983.97600 23732.69250 23478.91900 24271.86500 24020.58150 23766.80800 23449.03100 23195.52800 22939.54300 23735.31400 23481.81100 23225.82600 24023.20300 23769.70000 23513.71500 23198.12000 22942.40950 22684.22700 23484.40300 23228.69250 22970.51000 23772.29200 23516.58150 23258.39900
23733.91600 23480.41300 23224.42800 24022.45350 23768.95050 23512.96550 24312.57550 24059.07250 23803.08750 23483.00500 23227.29450 22969.11200 23771.54250 23515.83200 23257.64950 24061.66450 23805.95400 23547.77150 23229.85750 22971.95350 22711.58700 23518.39500 23260.49100 23000.12450 23808.51700 23550.61300 23290.24650
23770.16450 23514.45400 23256.27150 24060.93400 23805.22350 23547.04100 24353.26500 24097.55450 23839.37200 23517.01700 23259.11300 22998.74650 23807.78650 23549.88250 23289.51600 24100.11750 23842.21350 23581.84700 23261.64750 23001.56250 22739.02550 23552.41700 23292.33200 23029.79500 23844.74800 23584.66300 23322.12600
23806.42850 23548.52450 23288.15800 24099.40550 23841.50150 23581.13500 24393.92100 24136.01700 23875.65050 23551.05900 23290.97400 23028.43700 23844.03600 23583.95100 23321.41400 24138.55150 23878.46650 23615.92950 23293.48150 23031.22900 22766.53400 23586.45850 23324.20600 23059.51100 23880.97400 23618.72150 23354.02650
23842.69750 23582.61250 23320.07550 24137.85750 23877.77250 23615.23550 24434.53400 24174.44900 23911.91200 23585.12000 23322.86750 23058.17250 23880.28000 23618.02750 23353.33250 24176.95650 23914.70400 23650.00900 23325.34750 23060.94100 22794.10350 23620.50750 23356.10100 23089.26350 23917.18400 23652.77750 23385.94000
23878.96100 23616.70850 23352.01350 24176.28000 23914.02750 23649.33250 24475.09200 24212.83950 23948.14450 23619.18850 23354.78200 23087.94450 23916.50750 23652.10100 23385.26350 24215.31950 23950.91300 23684.07550 23357.23600 23090.68950 22821.72200 23654.55500 23388.00850 23119.04100 23953.36700 23686.82050 23417.85300
23915.20750 23650.80100 23383.96350 24214.66100 23950.25450 23683.41700 24515.58350 24251.17700 23984.33950 23653.25500 23386.70850 23117.74100 23952.70850 23686.16200 23417.19450 24253.63100 23987.08450 23718.11700 23389.13600 23120.46350 22849.38100 23688.58950 23419.91700 23148.83450 23989.51200 23720.83950 23449.75700
23951.42750 23684.88100 23415.91350 24252.99000 23986.44350 23717.47600 24555.99800 24289.45150 24020.48400 23687.30850 23418.63600 23147.55350 23988.87100 23720.19850 23449.11600 24291.87900 24023.20650 23752.12400 23421.03800 23150.25400 22877.07000 23722.60050 23451.81650 23178.63250 24025.60850 23754.82450 23481.64050
23987.60800 23718.93550 23447.85300 24291.25500 24022.58250 23751.50000 24596.32400 24327.65150 24056.56900 23721.33750 23450.55350 23177.36950 24024.98450 23754.20050 23481.01650 24330.05350 24059.26950 23786.08550 23452.93050 23180.04800 22904.77800 23756.57750 23483.69500 23208.42500 24061.64650 23788.76400 23513.49400
24023.74000 23752.95600 23479.77200 24329.44600 24058.66200 23785.47800 24636.54850 24365.76450 24092.58050 23755.33300 23482.45050 23207.18050 24061.03900 23788.15650 23512.88650 24368.14150 24095.25900 23819.98900 23484.80350 23209.83750 22932.49600 23790.50950 23515.54350 23238.20200 24097.61200 23822.64600 23545.30450
24059.81150 23786.92900 23511.65900 24367.55100 24094.66850 23819.39850 24676.66200 24403.77950 24128.50950 23789.28200 23514.31600 23236.97450 24097.02150 23822.05550 23544.71400 24406.13250 24131.16650 23853.82500 23516.64500 23239.61000 22960.21100 23824.38450 23547.34950 23267.95050 24133.49550 23856.46050 23577.06150
24095.81100 23820.84500 23543.50350 24405.55800 24130.59200 23853.25050 24716.65150 24441.68550 24164.34400 23823.17400 23546.13900 23266.74000 24132.92100 23855.88600 23576.48700 24444.01450 24166.97950 23887.58050 23548.44450 23269.35500 22987.91450 23858.19150 23579.10200 23297.66150 24169.28500 23890.19550 23608.75500
24131.72800 23854.69300 23575.29400 24443.45600 24166.42100 23887.02200 24756.50550 24479.47050 24200.07150 23856.99850 23577.90900 23296.46850 24168.72650 23889.63700 23608.19650 24481.77600 24202.68650 23921.24600 23580.19250 23299.06350 23015.59500 23891.92050 23610.79150 23327.32300 24204.97000 23923.84100 23640.37250
24167.55050 23888.46100 23607.02050 24481.23250 24202.14300 23920.70250 24796.21100 24517.12150 24235.68100 23890.74450 23609.61550 23326.14700 24204.42650 23923.29750 23639.82900 24519.40500 24238.27600 23954.80750 23611.87550 23328.72200 23043.24200 23925.55750 23642.40400 23356.92400 24240.53600 23957.38250 23671.90250
24203.26700 23922.13800 23638.66950 24518.87700 24237.74800 23954.27950 24835.75800 24554.62900 24271.16050 23924.39800 23641.24450 23355.76450 24240.00800 23956.85450 23671.37450 24556.88900 24273.73550 23988.25550 23643.48300 23358.32050 23070.84300 23959.09300 23673.93050 23386.45300 24275.97400 23990.81150 23703.33400
24238.86500 23955.71150 23670.23150 24556.37650 24273.22300 23987.74300 24875.13150 24591.97800 24306.49800 23957.95000 23672.78750 23385.31000 24275.46150 23990.29900 23702.82150 24594.21650 24309.05400 24021.57650 23675.00400 23387.84750 23098.38950 23992.51550 23705.35900 23415.90100 24311.27050 24024.11400 23734.65600
24274.33400 23989.17150 23701.69400 24593.71950 24308.55700 24021.07950 24914.32150 24629.15900 24341.68150 23991.38800 23704.23150 23414.77350 24310.77350 24023.61700 23734.15900 24631.37550 24344.21900 24054.76100 23706.42700 23417.29150 23125.86850 24025.81250 23736.67700 23445.25400 24346.41450 24057.27900 23765.85600
24309.66150 24022.50500 23733.04700 24630.89250 24343.73600 24054.27800 24953.31500 24666.15850 24376.70050 24024.70050 23735.56500 23444.14200 24345.93150 24056.79600 23765.37300 24668.35400 24379.21850 24087.79550 23737.74050 23446.64200 23153.26900 24058.97150 23767.87300 23474.50000 24381.39400 24090.29550 23796.92250
24344.83550 24055.70000 23764.27700 24667.88550 24378.75000 24087.32700 24992.09950 24702.96400 24411.54100 24057.87550 23766.77700 23473.40400 24380.92550 24089.82700 23796.45400 24705.13950 24414.04100 24120.66800 23768.93150 23475.88600 23180.58000 24091.98150 23798.93600 23503.63000 24416.19550 24123.15000 23827.84400
24379.84450 24088.74600 23795.37300 24704.68500 24413.58650 24120.21350 25030.66150 24739.56300 24446.19000 24090.90050 23797.85500 23502.54900 24415.74100 24122.69550 23827.38950 24741.71750 24448.67200 24153.36600 23799.99000 23505.01300 23207.78950 24124.83050 23829.85350 23532.63000 24450.80700 24155.83000 23858.60650
24414.67550 24121.63000 23826.32400 24741.27800 24448.23250 24152.92650 25068.98900 24775.94350 24480.63750 24123.76500 23828.78800 23531.56450 24450.36750 24155.39050 23858.16700 24778.07850 24483.10150 24185.87800 23830.90400 23534.01150 23234.88700 24157.50650 23860.61400 23561.48950 24485.21750 24188.32500 23889.20050
24449.31600 24154.33900 23857.11550 24777.65200 24482.67500 24185.45150 25107.06950 24812.09250 24514.86900 24156.45500 23859.56250 23560.43800 24484.79100 24187.89850 23888.77400 24814.20850 24517.31600 24218.19150 23861.65900 23562.86800 23261.85850 24189.99500 23891.20400 23590.19450 24519.41250 24220.62150 23919.61200
24483.75450 24186.86200 23887.73750 24813.79600 24516.90350 24217.77900 25144.89000 24847.99750 24548.87300 24188.95850 23890.16750 23589.15800 24519.00000 24220.20900 23919.19950 24850.09400 24551.30300 24250.29350 23892.24500 23591.57150 23288.69400 24222.28650 23921.61300 23618.73550 24553.38050 24252.70700 23949.82950
24517.97750 24219.18650 23918.17700 24849.69450 24550.90350 24249.89400 25182.43600 24883.64500 24582.63550 24221.26400 23920.59050 23617.71300 24552.98100 24252.30750 23949.43000 24885.72250 24585.04900 24282.17150 23922.65000 23620.11000 23315.38100 24254.36700 23951.82700 23647.09800 24587.10850 24284.56850 23979.83950
24551.97350 24251.30000 23948.42250 24885.33700 24584.66350 24281.78600 25219.69600 24919.02250 24616.14500 24253.35950 23950.81950 23646.09050 24586.72300 24284.18300 23979.45400 24921.08200 24618.54200 24313.81300 23952.86100 23648.47200 23341.90850 24286.22450 23981.83550 23675.27200 24620.58350 24316.19450 24009.63100
24585.72900 24283.18900 23978.46000 24920.70900 24618.16900 24313.44000 25256.65700 24954.11700 24649.38800 24285.23050 23980.84150 23674.27800 24620.21050 24315.82150 24009.25800 24956.15850 24651.76950 24345.20600 23982.86550 23676.64350 23368.26300 24317.84550 24011.62350 23703.24300 24653.79350 24347.57150 24039.19100
24619.23000 24314.84100 24008.27750 24955.79800 24651.40900 24344.84550 25293.30350 24988.91450 24682.35100 24316.86500 24010.64300 23702.26250 24653.43300 24347.21100 24038.83050 24990.93850 24684.71650 24376.33600 24012.64950 23704.61250 23394.43150 24349.21750 24041.18050 23730.99950 24686.72300 24378.68600 24068.50500
24652.46600 24346.24400 24037.86350 24990.59100 24684.36900 24375.98850 25329.62450 25023.40250 24715.02200 24348.25050 24040.21350 23730.03250 24686.37550 24378.33850 24068.15750 25025.40900 24717.37200 24407.19100 24042.20300 23732.36700 23420.40400 24380.32800 24070.49200 23758.52900 24719.36150 24409.52550 24097.56250
24685.42200 24377.38500 24067.20400 25025.07350 24717.03650 24406.85550 25365.60400 25057.56700 24747.38600 24379.37450 24069.53850 23757.57550 24719.02600 24409.19000 24097.22700 25059.55650 24749.72050 24437.75750 24071.51200 23759.89550 23446.16650 24411.16350 24099.54700 23785.81800 24751.69400 24440.07750 24126.34850
24718.08550 24408.24950 24096.28650 25059.23300 24749.39700 24437.43400 25401.23050 25091.39450 24779.43150 24410.22300 24098.60650 23784.87750 24751.37050 24439.75400 24126.02500 25093.36800 24781.75150 24468.02250 24100.56300 23787.18250 23471.70650 24441.71050 24128.33000 23812.85400 24783.70800 24470.32750 24154.85150
24750.44300 24438.82650 24125.09750 25093.05650 24781.44000 24467.71100 25436.48850 25124.87200 24811.14300 24440.78300 24127.40250 23811.92650 24783.39650 24470.01600 24154.54000 25126.82850 24813.44800 24497.97200 24129.34300 23814.21700 23497.01100 24471.95650 24156.83050 23839.62450 24815.38850 24500.26250 24183.05650
24782.48150 24469.10100 24153.62500 25126.52950 24813.14900 24497.67300 25471.36500 25157.98450 24842.50850 24471.04150 24155.91550 23838.70950 24815.08950 24499.96350 24182.75750 25159.92500 24844.79900 24527.59300 24157.84050 23840.98600 23522.06750 24501.88850 24185.03400 23866.11550 24846.72400 24529.86950 24210.95100
24814.18700 24499.06100 24181.85500 25159.63750 24844.51150 24527.30550 25505.84550 25190.71950 24873.51350 24500.98600 24184.13150 23865.21300 24846.43650 24529.58200 24210.66350 25192.64450 24875.79000 24556.87150 24186.04100 23867.47600 23546.86350 24531.49150 24212.92650 23892.31400 24877.69950 24559.13450 24238.52200
24845.54600 24528.69150 24209.77300 25192.36900 24875.51450 24556.59600 25539.91700 25223.06250 24904.14400 24530.60100 24212.03600 23891.42350 24877.42400 24558.85900 24238.24650 25224.97200 24906.40700 24585.79450 24213.93100 23893.67350 23571.38550 24560.75400 24240.49650 23918.20850 24908.30200 24588.04450 24265.75650
24876.54550 24557.98050 24237.36800 25224.70750 24906.14250 24585.53000 25573.56400 25254.99900 24934.38650 24559.87550 24239.61800 23917.33000 24908.03750 24587.78000 24265.49200 25256.89400 24936.63650 24614.34850 24241.49750 23919.56600 23595.62150 24589.65950 24267.72800 23943.78350 24938.51600 24616.58450 24292.64000
24907.17100 24586.91350 24264.62550 25256.64050 24936.38300 24614.09500 25606.77350 25286.51600 24964.22800 24588.79300 24266.86150 23942.91700 24938.26250 24616.33100 24292.38650 25288.39550 24966.46400 24642.51950 24268.72700 23945.14000 23619.55600 24618.19650 24294.60950 23969.02550 24968.32950 24644.74250 24319.15850
24937.40800 24615.47650 24291.53200 25288.15300 24966.22150 24642.27700 25639.52850 25317.59700 24993.65250 24617.34200 24293.75500 23968.17100 24968.08700 24644.50000 24318.91600 25319.46250 24995.87550 24670.29150 24295.60600 23970.38200 23643.17800 24646.35100 24321.12700 23993.92300 24997.72650 24672.50250 24345.29850
24967.24350 24643.65650 24318.07250 25319.23100 24995.64400 24670.06000 25671.81650 25348.22950 25022.64550 24645.50750 24320.28350 23993.07950 24997.49500 24672.27100 24345.06700 25350.08050 25024.85650 24697.65250 24322.11950 23995.27700 23666.47250 24674.10700 24347.26450 24018.46000 25026.69250 24699.85000 24371.04550
24996.66250 24671.43850 24344.23450 25349.86000 25024.63600 24697.43200 25703.62350 25378.39950 25051.19550 24673.27450 24346.43200 24017.62750 25026.47200 24699.62950 24370.82500 25380.23550 25053.39300 24724.58850 24348.25550 24019.81300 23689.42550 24701.45300 24373.01050 24042.62300 25055.21650 24726.77400 24396.38650
25025.65150 24698.80900 24370.00450 25380.02500 25053.18250 24724.37800 25734.93200 25408.08950 25079.28500 24700.63250 24372.19000 24041.80250 25055.00600 24726.56350 24396.17600 25409.91300 25081.47050 24751.08300 24373.99950 24043.97650 23712.02600 24728.37300 24398.35000 24066.39950 25083.28000 24753.25700 24421.30650
25054.19600 24725.75350 24395.36600 25409.71300 25081.27050 24750.88300 25765.73050 25437.28800 25106.90050 24727.56300 24397.54000 24065.58950 25083.08000 24753.05700 24421.10650 25439.09750 25109.07450 24777.12400 24399.33600 24067.75100 23734.25750 24754.85300 24423.26800 24089.77450 25110.87050 24779.28550 24445.79200
25082.28100 24752.25800 24420.30750 25438.90750 25108.88450 24776.93400 25796.00150 25465.97850 25134.02800 24754.05400 24422.46900 24088.97550 25110.68050 24779.09550 24445.60200 25467.77450 25136.18950 24802.69600 24424.25250 24091.12550 23756.10700 24780.87900 24447.75200 24112.73350 25137.97300 24804.84600 24469.82750
25109.89200 24778.30700 24444.81350 25467.59400 25136.00900 24802.51550 25825.73000 25494.14500 25160.65150 24780.09050 24446.96350 24111.94500 25137.79250 24804.66550 24469.64700 25495.92850 25162.80150 24827.78300 24448.73350 24114.08350 23777.56100 24806.43550 24471.78550 24135.26300 25164.57150 24829.92150 24493.39900
25137.01500 24803.88800 24468.86950 25495.75900 25162.63200 24827.61350 25854.90250 25521.77550 25186.75700 24805.65800 24471.00800 24134.48550 25164.40200 24829.75200 24493.22950 25523.54550 25188.89550 24852.37300 24472.76650 24136.61250 23798.60450 24831.51050 24495.35650 24157.34850 25190.65400 24854.50000 24516.49200
25163.63400 24828.98400 24492.46150 25523.38450 25188.73450 24852.21200 25883.50200 25548.85200 25212.32950 24830.74250 24494.58850 24156.58050 25190.49300 24854.33900 24516.33100 25550.61050 25214.45650 24876.44850 24496.33400 24158.69700 23819.22350 24856.08450 24518.44750 24178.97400 25216.20200 24878.56500 24539.09150
25189.73600 24853.58200 24515.57400 25550.45950 25214.30550 24876.29750 25911.51450 25575.36050 25237.35250 24855.32750 24517.69050 24178.21700 25216.05100 24878.41400 24538.94050 25577.10600 25239.46900 24899.99550 24519.42400 24180.32250 23839.40450 24880.14750 24541.04600 24200.12800 25241.20250 24902.10100 24561.18300
25215.30350 24877.66650 24538.19300 25576.96400 25239.32700 24899.85350 25938.92300 25601.28600 25261.81250 24879.40000 24540.29850 24199.38050 25241.06050 24901.95900 24561.04100 25603.01950 25263.91800 24923.00000 24542.02100 24201.47550 23859.13200 24903.68150 24563.13600 24220.79250 25265.64050 24925.09500 24582.75150
25240.32350 24901.22200 24560.30400 25602.88650 25263.78500 24922.86700 25965.71250 25626.61100 25285.69300 24902.94450 24562.39900 24220.05550 25265.50750 24924.96200 24582.61850 25628.33350 25287.78800 24945.44450 24564.10950 24222.14050 23878.39300 24926.67250 24584.70350 24240.95600 25289.49850 24947.52950 24603.78200
25264.78000 24924.23450 24581.89100 25628.21050 25287.66500 24945.32150 25991.86850 25651.32300 25308.97950 24925.94500 24583.97600 24240.22850 25289.37550 24947.40650 24603.65900 25653.03350 25311.06450 24967.31700 24585.67500 24242.30250 23897.17050 24949.10550 24605.73300 24260.60100 25312.76350 24969.39100 24624.25900
25288.65700 24946.68800 24602.94050 25652.91850 25310.94950 24967.20200 26017.37300 25675.40400 25331.65650 24948.38700 24605.01450 24259.88250 25312.64850 24969.27600 24624.14400 25677.10300 25333.73050 24988.59850 24606.70200 24261.94700 23915.45100 24970.96350 24626.20850 24279.71250 25335.41800 24990.66300 24644.16700
25311.93950 24968.56700 24623.43500 25676.99750 25333.62500 24988.49300 26042.21150 25698.83900 25353.70700 24970.25450 24625.49950 24279.00350 25335.31250 24990.55750 24644.06150 25700.52650 25355.77150 25009.27550 24627.17600 24281.05850 23933.22000 24992.23400 24646.11650 24298.27800 25357.44800 25011.33050 24663.49200
25334.61250 24989.85750 24643.36150 25700.42900 25355.67400 25009.17800 26066.36700 25721.61200 25375.11600 24991.53400 24645.41650 24297.57800 25357.35050 25011.23300 24663.39450 25723.28850 25377.17100 25029.33250 24647.08250 24299.62300 23950.46300 25012.89900 24665.43950 24316.27950 25378.83700 25031.37750 24682.21750
25356.66000 25010.54250 24662.70400 25723.19950 25377.08200 25029.24350 26089.82400 25743.70650 25395.86800 25012.20850 24664.74900 24315.58900 25378.74800 25031.28850 24682.12850 25745.37250 25397.91300 25048.75300 24666.40450 24317.62400 23967.16300 25032.94400 24684.16350 24333.70250 25399.56850 25050.78800 24700.32700
25378.06550 25030.60600 24681.44600 25745.29200 25397.83250 25048.67250 26112.56600 25765.10650 25415.94650 25032.26150 24683.48100 24333.02000 25399.48800 25050.70750 24700.24650 25766.76200 25417.98150 25067.52050 24685.12650 24335.04650 23983.30600 25052.35300 24702.27300 24350.53250 25419.62700 25069.54700 24717.80650
25398.81450 25050.03400 24699.57300 25766.68950 25417.90900 25067.44800 26134.57700 25785.79650 25435.33550 25051.67950 24701.59950 24349.85900 25419.55450 25069.47450 24717.73400 25787.44200 25437.36200 25085.62150 24703.23500 24351.87600 23998.87700 25071.11000 24719.75100 24366.75200 25438.99750 25087.63850 24734.63950
25418.89000 25068.81000 24717.06950 25787.37700 25437.29700 25085.55650 26155.84000 25805.76000 25454.01950 25070.44550 24719.08650 24366.08750 25438.93250 25087.57350 24734.57450 25807.39550 25456.03650 25103.03750 24720.71200 24368.09600 24013.86050 25089.19900 24736.58300 24382.34750 25457.66200 25105.04600 24750.81050
25438.27650 25086.91750 24733.91850 25807.33850 25455.97950 25102.98050 26176.33900 25824.98000 25471.98100 25088.54300 24735.92700 24381.69150 25457.60500 25104.98900 24750.75350 25826.60550 25473.98950 25119.75400 24737.54250 24383.69100 24028.24000 25106.60450 24752.75300 24397.30200 25475.60500 25121.75350 24766.30250
25456.95650 25104.34050 24750.10500 25826.55650 25473.94050 25119.70500 26196.05600 25843.44000 25489.20450 25105.95600 24752.10450 24396.65350 25475.55600 25121.70450 24766.25350 25845.05550 25491.20400 25135.75300 24753.71050 24398.64450 24042.00050 25123.31050 24768.24450 24411.60050 25492.81000 25137.74400 24781.10000
25474.91550 25121.06400 24765.61300 25845.01400 25491.16250 25135.71150 26214.97550 25861.12400 25505.67300 25122.67000 24767.60400 24410.96000 25492.76850 25137.70250 24781.05850 25862.73000 25507.66400 25151.02000 24769.20100 24412.94250 24055.12700 25139.29950 24783.04100 24425.22550 25509.26100 25153.00250 24795.18700
25492.13600 25137.07000 24780.42600 25862.69550 25507.62950 25150.98550 26233.08000 25878.01400 25521.37000 25138.66700 24782.40850 24424.59300 25509.22650 25152.96800 24795.15250 25879.61100 25523.35250 25165.53700 24783.99650 24426.56750 24067.60250 25154.55600 24797.12700 24438.16200 25524.94050 25167.51150 24808.54650
25508.60150 25152.34300 24794.52750 25879.58400 25523.32550 25165.51000 26250.35250 25894.09400 25536.27850 25153.93100 24796.50200 24437.53700 25524.91350 25167.48450 24808.51950 25895.68200 25538.25300 25179.28800 24798.08050 24439.50350 24079.41150 25169.06300 24810.48600 24450.39400 25539.83150 25181.25450 24821.16250
25524.29600 25166.86700 24807.90200 25895.66250 25538.23350 25179.26850 26266.77650 25909.34750 25550.38250 25168.44550 24809.86850 24449.77650 25539.81200 25181.23500 24821.14300 25910.92600 25552.34900 25192.25700 24811.43850 24451.73500 24090.53800 25182.80500 24823.10150 24461.90450 25553.91900 25194.21550 24833.01850
25539.20200 25180.62500 24820.53300 25910.91250 25552.33550 25192.24350 26282.33300 25923.75600 25563.66400 25182.19500 24822.49150 24461.29450 25553.90550 25194.20200 24833.00500 25925.32600 25565.62250 25204.42550 24824.05350 24463.24600 24100.96650 25195.76400 24834.95650 24472.67700 25567.18450 25206.37700 24844.09750
25553.30300 25193.59950 24832.40250 25925.32000 25565.61650 25204.41950 26297.00750 25937.30400 25576.10700 25195.16150 24834.35400 24472.07450 25567.17850 25206.37100 24844.09150 25938.86600 25578.05850 25215.77900 24835.90700 24474.01850 24110.67950 25207.92400 24846.03550 24482.69650 25579.61150 25217.72300 24854.38400
25566.58250 25205.77500 24843.49550 25938.86600 25578.05850 25215.77900 26310.78000 25949.97250 25587.69300 25207.32800 24845.43950 24482.10050 25579.61150 25217.72300 24854.38400 25951.52550 25589.63700 25226.29800 24846.98450 24484.03700 24119.66100 25219.26800 24856.32050 24491.94450 25591.18200 25228.23450 24863.85850
25579.02250 25217.13400 24853.79500 25951.53200 25589.64350 25226.30450 26323.63350 25961.74500 25598.40600 25218.67900 24855.73150 24491.35550 25591.18850 25228.24100 24863.86500 25963.29000 25600.34250 25235.96650 24857.26850 24493.28500 24127.89600 25229.77800 24865.79450 24500.40550 25601.87950 25237.89600 24872.50700
25590.60700 25227.65950 24863.28350 25963.30300 25600.35550 25235.97950 26335.55150 25972.60400 25608.22800 25229.19650 24865.21300 24499.82400 25601.89250 25237.90900 24872.52000 25974.14100 25610.15750 25244.76850 24866.74250 24501.74550 24135.36600 25239.43850 24874.44150 24508.06200 25611.68700 25246.69000 24880.31050
25601.31700 25237.33350 24871.94450 25974.15950 25610.17600 25244.78700 26346.51450 25982.53100 25617.14200 25238.86300 24873.86600 24507.48650 25611.70550 25246.70850 24880.32900 25984.06050 25619.06350 25252.68400 24875.38800 24509.40150 24142.05400 25248.23050 24882.24400 24514.89650 25620.58550 25254.59900 24887.25150
25611.13700 25246.14000 24879.76050 25984.08550 25619.08850 25252.70900 26356.50650 25991.50950 25625.13000 25247.66200 24881.67550 24514.32800 25620.61050 25254.62400 24887.27650 25993.03150 25627.04500 25259.69750 24883.18950 24516.23650 24147.94500 25256.13800 24889.18500 24520.89350 25628.55900 25261.60600 24893.31450
25620.04800 25254.06150 24886.71400 25993.06200 25627.07550 25259.72800 26365.50800 25999.52150 25632.17400 25255.57550 24888.62250 24520.33100 25628.58950 25261.63650 24893.34500 26001.03550 25634.08250 25265.79100 24890.12900 24522.23300 24153.02100 25263.14300 24895.24700 24526.03500 25635.58900 25267.69300 24898.48100
25628.03300 25261.08000 24892.78850 26001.07150 25634.11850 25265.82700 26373.50050 26006.54750 25638.25600 25262.58650 24894.69050 24525.47850 25635.62500 25267.72900 24898.51700 26008.05400 25640.15800 25270.94600 24896.19000 24527.37400 24157.26550 25269.22850 24900.41250 24530.30400 25641.65750 25272.84150 24902.73300
25635.07450 25267.17850 24897.96650 26008.09600 25640.20000 25270.98800 26380.46700 26012.57100 25643.35900 25268.67800 24899.86200 24529.75350 25641.69950 25272.88350 24902.77500 26014.07050 25645.25450 25275.14600 24901.35450 24531.64250 24160.66050 25274.37600 24904.66400 24533.68200 25646.74700 25277.03500 24906.05300
25641.15450 25272.33850 24902.23000 26014.11800 25645.30200 25275.19350 26386.39000 26017.57400 25647.46550 25273.83100 24904.11900 24533.13700 25646.79450 25277.08250 24906.10050 26019.06650 25649.35450 25278.37250 24905.60500 24535.02050 24163.19000 25278.56850 24907.98400 24536.15350 25650.84050 25280.25600 24908.42550
25646.25500 25276.54300 24905.56100 26019.11800 25649.40600 25278.42400 26391.24900 26021.53700 25650.55500 25278.02900 24907.44450 24535.61400 25650.89200 25280.30750 24908.47700 26023.02300 25652.43850 25280.60800 24908.92400 24537.49100 24164.83500 25281.78700 24910.35400 24537.69800 25653.91800 25282.48500 24909.82900
25650.35900 25279.77450 24907.94400 26023.07950 25652.49500 25280.66450 26395.02700 26024.44250 25652.61200 25281.25400 24909.82100 24537.16500 25653.97450 25282.54150 24909.88550 26025.92200 25654.48900 25281.83300 24911.29350 24539.03700 24165.58050 25284.01400 24911.75750 24538.30100 25655.96150 25283.70500 24910.24850
25653.44600 25282.01300 24909.35700 26025.98300 25654.55000 25281.89400 26397.70400 26026.27100 25653.61500 25283.48550 24911.22900 24537.77250 25656.02250 25283.76600 24910.30950 26027.74350 25655.48700 25282.03050 24912.69550 24539.63850 24165.40550 25285.23250 24912.17550 24537.94250 25656.95350 25283.89650 24909.66350
25655.49950 25283.24300 24909.78650 26027.81000 25655.55350 25282.09700 26399.26150 26027.00500 25653.54850 25284.70950 24911.65250 24537.41950 25657.02000 25283.96300 24909.73000 26028.47150 25655.41450 25281.18150        nan        nan        nan        nan        nan        nan        nan        nan        nan
