       nan        nan        nan        nan        nan        nan        nan        nan        nan 22283.11900        nan        nan        nan        nan        nan        nan        nan        nan 22280.33350 22237.65500        nan        nan        nan        nan        nan        nan        nan
22286.32500        nan        nan 22324.25300        nan        nan        nan        nan        nan 22283.53950 22240.86100        nan 22321.46750 22278.78900        nan        nan        nan        nan 22277.96500 22234.95200 22199.20150 22315.89300 22272.88000 22237.12950        nan        nan        nan
22289.95850 22247.28000        nan 22328.40700 22285.72850        nan 22360.18700 22317.50850        nan 22284.38400 22241.37100 22205.62050 22322.83250 22279.81950 22244.06900 22354.61250 22311.59950 22275.84900 22276.01650 22232.50050 22195.88600 22314.46500 22270.94900 22234.33450 22346.24500 22302.72900 22266.11450
22294.03200 22251.01900 22215.26850 22333.26100 22290.24800 22254.49750 22366.38150 22323.36850 22287.61800 22285.66450 22242.14850 22205.53400 22324.89350 22281.37750 22244.76300 22358.01400 22314.49800 22277.88350 22274.49500 22230.30950 22192.58050 22313.72400 22269.53850 22231.80950 22346.84450 22302.65900 22264.93000
22298.56050 22255.04450 22218.43000 22338.82950 22295.31350 22258.69900 22373.64100 22330.12500 22293.51050 22287.39100 22243.20550 22205.47650 22327.66000 22283.47450 22245.74550 22362.47150 22318.28600 22280.55700 22273.41150 22228.39050 22189.32200 22313.68050 22268.65950 22229.59100 22348.49200 22303.47100 22264.40250
22303.55950 22259.37400 22221.64500 22345.11900 22300.93350 22263.20450 22381.91400 22337.72850 22299.99950 22289.58000 22244.55900 22205.49050 22331.13950 22286.11850 22247.05000 22367.93450 22322.91350 22283.84500 22272.77850 22226.76050 22186.15550 22314.33800 22268.32000 22227.71500 22351.13300 22305.11500 22264.51000
22309.04750 22264.02650 22224.95800 22352.13450 22307.11350 22268.04500 22391.15100 22346.13000 22307.06150 22292.24600 22246.22800 22205.62300 22335.33300 22289.31500 22248.71000 22374.34950 22328.33150 22287.72650 22272.61150 22225.44050 22183.12800 22315.69850 22268.52750 22226.21500 22354.71500 22307.54400 22265.23150
22315.03750 22269.01950 22228.41450 22359.87200 22313.85400 22273.24900 22401.30450 22355.28650 22314.68150 22295.40300 22248.23200 22205.91950 22340.23750 22293.06650 22250.75400 22381.67000 22334.49900 22292.18650 22272.92400 22224.45150 22180.28200 22317.75850 22269.28600 22225.11650 22359.19100 22310.71850 22266.54900
22321.54300 22274.37200 22232.05950 22368.32600 22321.15500 22278.84250 22412.32950 22365.15850 22322.84600 22299.06400 22250.59150 22206.42200 22345.84700 22297.37450 22253.20500 22389.85050 22341.37800 22297.20850 22273.72850 22223.81400 22177.66250 22320.51150 22270.59700 22224.44550 22364.51500 22314.60050 22268.44900
22328.57650 22280.10400 22235.93450 22377.48600 22329.01350 22284.84400 22424.18650 22375.71400 22331.54450 22303.24100 22253.32650 22207.17500 22352.15050 22302.23600 22256.08450 22398.85100 22348.93650 22302.78500 22275.03750 22223.55050 22175.30900 22323.94700 22272.46000 22224.21850 22370.64750 22319.16050 22270.91900
22336.14550 22286.23100 22240.07950 22387.34000 22337.42550 22291.27400 22436.83950 22386.92500 22340.77350 22307.94200 22256.45500 22208.21350 22359.13650 22307.64950 22259.40800 22408.63600 22357.14900 22308.90750 22276.86050 22223.68050 22173.25650 22328.05500 22274.87500 22224.45100 22377.55450 22324.37450 22273.95050
22344.25600 22292.76900 22244.52750 22397.87400 22346.38700 22298.14550 22450.25800 22398.77100 22350.52950 22313.17450 22259.99450 22209.57050 22366.79250 22313.61250 22263.18850 22419.17650 22365.99650 22315.57250 22279.20500 22224.22150 22171.53650 22332.82300 22277.83950 22225.15450 22385.20700 22330.22350 22277.53850
22352.91400 22299.73400 22249.31000 22409.07600 22355.89600 22305.47200 22464.41300 22411.23300 22360.80900 22318.94450 22263.96100 22211.27600 22375.10650 22320.12300 22267.43800 22430.44350 22375.46000 22322.77500 22282.07800 22225.19050 22170.17750 22338.24000 22281.35250 22226.33950 22393.57700 22336.68950 22281.67650
22362.12150 22307.13800 22254.45300 22420.93250 22365.94900 22313.26400 22479.28050 22424.29700 22371.61200 22325.25500 22268.36750 22213.35450 22384.06600 22327.17850 22272.16550 22442.41400 22385.52650 22330.51350 22285.48450 22226.60250 22169.20350 22344.29550 22285.41350 22228.01450 22402.64350 22343.76150 22286.36250
22371.88050 22314.99300 22259.98000 22433.43050 22376.54300 22321.53000 22494.83850 22437.95100 22382.93800 22332.11000 22273.22800 22215.82900 22393.66000 22334.77800 22277.37900 22455.06800 22396.18600 22338.78700 22289.42850 22228.46900 22168.63450 22350.97850 22290.01900 22230.18450 22412.38650 22351.42700 22291.59250
22382.19100 22323.30900 22265.91000 22446.56000 22387.67800 22330.27900 22511.06850 22452.18650 22394.78750 22339.50950 22278.55000 22218.71550 22403.87850 22342.91900 22283.08450 22468.38700 22407.42750 22347.59300 22293.91100 22230.80150 22168.48750 22358.28000 22295.17050 22232.85650 22422.78850 22359.67900 22297.36500
22393.05400 22332.09450 22272.26000 22460.30900 22399.34950 22339.51500 22527.95450 22466.99500 22407.16050 22347.45550 22284.34600 22222.03200 22414.71050 22351.60100 22289.28700 22482.35600 22419.24650 22356.93250 22298.93650 22233.61000 22168.77900 22366.19150 22300.86500 22236.03400 22433.83700 22368.51050 22303.67950
22404.46950 22341.36000 22279.04600 22474.66900 22411.55950 22349.24550 22545.48100 22482.37150 22420.05750 22355.95050 22290.62400 22225.79300 22426.15000 22360.82350 22295.99250 22496.96200 22431.63550 22366.80450 22304.50600 22236.90350 22169.52300 22374.70550 22307.10300 22239.72250 22445.51750 22377.91500 22310.53450
22416.43650 22351.11000 22286.27900 22489.63200 22424.30550 22359.47450 22563.63700 22498.31050 22433.47950 22364.99200 22297.38950 22230.00900 22438.18750 22370.58500 22303.20450 22512.19250 22444.59000 22377.20950 22310.61950 22240.68850 22170.72950 22383.81500 22313.88400 22243.92500 22457.82000 22387.88900 22317.93000
22428.95350 22361.35100 22293.97050 22505.19000 22437.58750 22370.20700 22582.40950 22514.80700 22447.42650 22374.58100 22304.65000 22234.69100 22450.81750 22380.88650 22310.92750 22528.03700 22458.10600 22388.14700 22317.27850 22244.97150 22172.40850 22393.51500 22321.20800 22248.64500 22470.73450 22398.42750 22325.86450
22442.02050 22372.08950 22302.13050 22521.33550 22451.40450 22381.44550 22601.78950 22531.85850 22461.89950 22384.71800 22312.41100 22239.84800 22464.03300 22391.72600 22319.16300 22544.48700 22472.18000 22399.61700 22324.48400 22249.75850 22174.57000 22403.79900 22329.07350 22253.88500 22484.25300 22409.52750 22334.33900
22455.63600 22383.32900 22310.76600 22538.06350 22465.75650 22393.19350 22621.76850 22549.46150 22476.89850 22395.40200 22320.67650 22245.48800 22477.82950 22403.10400 22327.91550 22561.53450 22486.80900 22411.62050 22332.23500 22255.05350 22177.21900 22414.66250 22337.48100 22259.64650 22498.36750 22421.18600 22343.35150
22469.79950 22395.07400 22319.88550 22555.36850 22480.64300 22405.45450 22642.33900 22567.61350 22492.42500 22406.63250 22329.45100 22251.61650 22492.20150 22415.02000 22337.18550 22579.17200 22501.99050 22424.15600 22340.53250 22260.86100 22180.36450 22426.10150 22346.43000 22265.93350 22513.07200 22433.40050 22352.90400
22484.50850 22407.32700 22329.49250 22573.24450 22496.06300 22418.22850 22663.49400 22586.31250 22508.47800 22418.40850 22338.73700 22258.24050 22507.14450 22427.47300 22346.97650 22597.39400 22517.72250 22437.22600 22349.37600 22267.18450 22184.01000 22438.11200 22355.92050 22272.74600 22528.36150 22446.17000 22362.99550
22499.76300 22420.09150 22339.59500 22591.68900 22512.01750 22431.52100 22685.22600 22605.55450 22525.05800 22430.73050 22348.53900 22265.36450 22522.65650 22440.46500 22357.29050 22616.19350 22534.00200 22450.82750 22358.76600 22274.02750 22188.16200 22450.69200 22365.95350 22280.08800 22544.22900 22459.49050 22373.62500
22515.56250 22433.37100 22350.19650 22610.69650 22528.50500 22445.33050 22707.53200 22625.34050 22542.16600 22443.59800 22358.85950 22272.99400 22538.73200 22453.99350 22368.12800 22635.56750 22550.82900 22464.96350 22368.70200 22281.39300 22192.82450 22463.83600 22376.52700 22287.95850 22560.67150 22473.36250 22384.79400
22531.90500 22447.16650 22361.30100 22630.26450 22545.52600 22459.66050 22730.40600 22645.66750 22559.80200 22457.00900 22369.70000 22281.13150 22555.36850 22468.05950 22379.49100 22655.51000 22568.20100 22479.63250 22379.18350 22289.28250 22198.00100 22477.54300 22387.64200 22296.36050 22577.68450 22487.78350 22396.50200
22548.78950 22461.48050 22372.91200 22650.38850 22563.07950 22474.51100 22753.84350 22666.53450 22577.96600 22470.96400 22381.06300 22289.78150 22572.56300 22482.66200 22391.38050 22676.01800 22586.11700 22494.83550 22390.21100 22297.69850 22203.69550 22491.81000 22399.29750 22305.29450 22595.26500 22502.75250 22408.74950
22566.21500 22476.31400 22385.03250 22671.06700 22581.16600 22489.88450 22777.84000 22687.93900 22596.65750 22485.46200 22392.94950 22298.94650 22590.31400 22497.80150 22403.79850 22697.08700 22604.57450 22510.57150 22401.78300 22306.64300 22209.90950 22506.63500 22411.49500 22314.76150 22613.40800 22518.26800 22421.53450
22584.18150 22491.66900 22397.66600 22692.29750 22599.78500 22505.78200 22802.39250 22709.88000 22615.87700 22500.50250 22405.36250 22308.62900 22608.61850 22513.47850 22416.74500 22718.71350 22623.57350 22526.84000 22413.90100 22316.11750 22216.64800 22522.01700 22424.23350 22324.76400 22632.11200 22534.32850 22434.85900
22602.68700 22507.54700 22410.81350 22714.07500 22618.93500 22522.20150 22827.49750 22732.35750 22635.62400 22516.08550 22418.30200 22318.83250 22627.47350 22529.69000 22430.22050 22740.89600 22643.11250 22543.64300 22426.56300 22326.12350 22223.91250 22537.95100 22437.51150 22335.30050 22651.37350 22550.93400 22448.72300
22621.73200 22523.94850 22424.47900 22736.40050 22638.61700 22539.14750 22853.15250 22755.36900 22655.89950 22532.20950 22431.77000 22329.55900 22646.87800 22546.43850 22444.22750 22763.63000 22663.19050 22560.97950 22439.77000 22336.66300 22231.70500 22554.43850 22451.33150 22346.37350 22671.19050 22568.08350 22463.12550
22641.31400 22540.87450 22438.66350 22759.27000 22658.83050 22556.61950 22879.35300 22778.91350 22676.70250 22548.87450 22445.76750 22340.80950 22666.83050 22563.72350 22458.76550 22786.91350 22683.80650 22578.84850 22453.52100 22347.73650 22240.02750 22571.47700 22465.69250 22357.98350 22691.56000 22585.77550 22478.06650
22661.43300 22558.32600 22453.36800 22782.68150 22679.57450 22574.61650 22906.09850 22802.99150 22698.03350 22566.07950 22460.29500 22352.58600 22687.32800 22581.54350 22473.83450 22810.74500 22704.96050 22597.25150 22467.81550 22359.34400 22248.88150 22589.06400 22480.59250 22370.13000 22712.48100 22604.00950 22493.54700
22682.08850 22576.30400 22468.59500 22806.63400 22700.84950 22593.14050 22933.38450 22827.60000 22719.89100 22583.82450 22475.35300 22364.89050 22708.37000 22599.89850 22489.43600 22835.12050 22726.64900 22616.18650 22482.65450 22371.48800 22258.26900 22607.20000 22496.03350 22382.81450 22733.95050 22622.78400 22509.56500
22703.27900 22594.80750 22484.34500 22831.12550 22722.65400 22612.19150 22961.21050 22852.73900 22742.27650 22602.10900 22490.94250 22377.72350 22729.95550 22618.78900 22505.57000 22860.04050 22748.87400 22635.65500 22498.03600 22384.16900 22268.19150 22625.88250 22512.01550 22396.03800 22755.96750 22642.10050 22526.12300
22725.00450 22613.83800 22500.61900 22856.15450 22744.98800 22631.76900 22989.57300 22878.40650 22765.18750 22620.93150 22507.06450 22391.08700 22752.08150 22638.21450 22522.23700 22885.50000 22771.63300 22655.65550 22513.96050 22397.38650 22278.64950 22645.11050 22528.53650 22409.79950 22778.52900 22661.95500 22543.21800
22747.26400 22633.39700 22517.41950 22881.71900 22767.85200 22651.87450 23018.47100 22904.60400 22788.62650 22640.29300 22523.71900 22404.98200 22774.74800 22658.17400 22539.43700 22911.50000 22794.92600 22676.18900 22530.42850 22411.14300 22289.64550 22664.88350 22545.59800 22424.10050 22801.63550 22682.35000 22560.85250
22770.05600 22653.48200 22534.74500 22907.81850 22791.24450 22672.50750 23047.90200 22931.32800 22812.59100 22660.19150 22540.90600 22419.40850 22797.95400 22678.66850 22557.17100 22938.03750 22818.75200 22697.25450 22547.43700 22425.43650 22301.17900 22685.19950 22563.19900 22438.94150 22825.28300 22703.28250 22579.02500
22793.38200 22674.09650 22552.59900 22934.45050 22815.16500 22693.66750 23077.86450 22958.57900 22837.08150 22680.62750 22558.62700 22434.36950 22821.69600 22699.69550 22575.43800 22965.11000 22843.10950 22718.85200 22564.98950 22440.27050 22313.25300 22706.05800 22581.33900 22454.32150 22849.47200 22724.75300 22597.73550
22817.23750 22695.23700 22570.97950 22961.61400 22839.61350 22715.35600 23108.35550 22986.35500 22862.09750 22701.59950 22576.88050 22449.86300 22845.97600 22721.25700 22594.23950 22992.71750 22867.99850 22740.98100 22583.08250 22455.64250 22325.86600 22727.45900 22600.01900 22470.24250 22874.20050 22746.76050 22616.98400
22841.62550 22716.90650 22589.88900 22989.30850 22864.58950 22737.57200 23139.37500 23014.65600 22887.63850 22723.10850 22595.66850 22465.89200 22870.79150 22743.35150 22613.57500 23020.85800 22893.41800 22763.64150 22601.71700 22471.55500 22339.01950 22749.40000 22619.23800 22486.70250 22899.46650 22769.30450 22636.76900
22866.54450 22739.10450 22609.32800 23017.53250 22890.09250 22760.31600 23170.92150 23043.48150 22913.70500 22745.15300 22614.99100 22482.45550 22896.14100 22765.97900 22633.44350 23049.53000 22919.36800 22786.83250 22620.89300 22488.00800 22352.71650 22771.88100 22638.99600 22503.70450 22925.27000 22792.38500 22657.09350
22891.99200 22761.83000 22629.29450 23046.28350 22916.12150 22783.58600 23202.99200 23072.83000 22940.29450 22767.73200 22634.84700 22499.55550 22922.02350 22789.13850 22653.84700 23078.73200 22945.84700 22810.55550 22640.60950 22505.00000 22366.95400 22794.90100 22659.29150 22521.24550 22951.60950 22816.00000 22677.95400
22917.96900 22785.08400 22649.79250 23075.56150 22942.67650 22807.38500 23235.58550 23102.70050 22967.40900 22790.84650 22655.23700 22517.19100 22948.43900 22812.82950 22674.78350 23108.46300 22972.85350 22834.80750 22660.86600 22522.53400 22381.73550 22818.45850 22680.12650 22539.32800 22978.48250 22840.15050 22699.35200
22944.47450 22808.86500 22670.81900 23105.36600 22969.75650 22831.71050 23268.70150 23133.09200 22995.04600 22814.49400 22676.16200 22535.36350 22975.38550 22837.05350 22696.25500 23138.72100 23000.38900 22859.59050 22681.66250 22540.60800 22397.06050 22842.55400 22701.49950 22557.95200 23005.88950 22864.83500 22721.28750
22971.50650 22833.17450 22692.37600 23135.69400 22997.36200 22856.56350 23302.33650 23164.00450 23023.20600 22838.67500 22697.62050 22554.07300 23002.86250 22861.80800 22718.26050 23169.50500 23028.45050 22884.90300 22702.99850 22559.22200 22412.92850 22867.18600 22723.40950 22577.11600 23033.82850 22890.05200 22743.75850
22999.06600 22858.01150 22714.46400 23166.54600 23025.49150 22881.94400 23336.49050 23195.43600 23051.88850 22863.38950 22719.61300 22573.31950 23030.86950 22887.09300 22740.79950 23200.81400 23057.03750 22910.74400 22724.87450 22578.37750 22429.34200 22892.35450 22745.85750 22596.82200 23062.29900 22915.80200 22766.76650
23027.15150 22883.37500 22737.08150 23197.92050 23054.14400 22907.85050 23371.16300 23227.38650 23081.09300 22888.63650 22742.13950 22593.10400 23059.40550 22912.90850 22763.87300 23232.64800 23086.15100 22937.11550 22747.28800 22598.07300 22446.29950 22918.05700 22768.84200 22617.06850 23091.29950 22942.08450 22790.31100
23055.76350 22909.26650 22760.23100 23229.81750 23083.32050 22934.28500 23406.35150 23259.85450 23110.81900 22914.41500 22765.20000 22613.42650 23088.46900 22939.25400 22787.48050 23265.00300 23115.78800 22964.01450 22770.24150 22618.31100 22463.80250 22944.29550 22792.36500 22637.85650 23120.82950 22968.89900 22814.39050
23084.89900 22935.68400 22783.91050 23262.23300 23113.01800 22961.24450 23442.05450 23292.83950 23141.06600 22940.72550 22788.79500 22634.28650 23118.05950 22966.12900 22811.62050 23297.88100 23145.95050 22991.44200 22793.73250 22639.08950 22481.85100 22971.06650 22816.42350 22659.18500 23150.88800 22996.24500 22839.00650
23114.55950 22962.62900 22808.12050 23295.16900 23143.23850 22988.73000 23478.27150 23326.34100 23171.83250 22967.56650 22812.92350 22655.68500 23148.17600 22993.53300 22836.29450 23331.27850 23176.63550 23019.39700 22817.76100 22660.40900 22500.44500 22998.37050 22841.01850 22681.05450 23181.47300 23024.12100 22864.15700
23144.74300 22990.10000 22832.86150 23328.62250 23173.97950 23016.74100 23515.00050 23360.35750 23203.11900 22994.93750 22837.58550 22677.62150 23178.81700 23021.46500 22861.50100 23365.19500 23207.84300 23047.87900 22842.32800 22682.26950 22519.58500 23026.20750 22866.14900 22703.46450 23212.58550 23052.52700 22889.84250
23175.44950 23018.09750 22858.13350 23362.59400 23205.24200 23045.27800 23552.24050 23394.88850 23234.92450 23022.84000 22862.78150 22700.09700 23209.98450 23049.92600 22887.24150 23399.63100 23239.57250 23076.88800 22867.43150 22704.67150 22539.27200 23054.57600 22891.81600 22726.41650 23244.22250 23081.46250 22916.06300
23206.67850 23046.62000 22883.93550 23397.08200 23237.02350 23074.33900 23589.99150 23429.93300 23267.24850 23051.27000 22888.51000 22723.11050 23241.67350 23078.91350 22913.51400 23434.58300 23271.82300 23106.42350 22893.07150 22727.61400 22559.50450 23083.47500 22918.01750 22749.90800 23276.38450 23110.92700 22942.81750
23238.42750 23075.66750 22910.26800 23432.08500 23269.32500 23103.92550 23628.25000 23465.49000 23300.09050 23080.22900 22914.77150 22746.66200 23273.88650 23108.42900 22940.31950 23470.05150 23304.59400 23136.48450 22919.24700 22751.09650 22580.28350 23112.90450 22944.75400 22773.94100 23309.06950 23140.91900 22970.10600
23270.69850 23105.24100 22937.13150 23467.60250 23302.14500 23134.03550 23667.01600 23501.55850 23333.44900 23109.71650 22941.56600 22770.75300 23306.62050 23138.47000 22967.65700 23506.03400 23337.88350 23167.07050 22945.95950 22775.12100 22601.61000 23142.86350 22972.02500 22798.51400 23342.27700 23171.43850 22997.92750
23303.48850 23135.33800 22964.52500 23503.63300 23335.48250 23164.66950 23706.28800 23538.13750 23367.32450 23139.73150 22968.89300 22795.38200 23339.87600 23169.03750 22995.52650 23542.53100 23371.69250 23198.18150 22973.20700 22799.68600 22623.48300 23173.35150 22999.83050 22823.62750 23376.00650 23202.48550 23026.28250
23336.79750 23165.95900 22992.44800 23540.17600 23369.33750 23195.82650 23746.06550 23575.22700 23401.71600 23170.27300 22996.75200 22820.54900 23373.65150 23200.13050 23023.92750 23579.54100 23406.02000 23229.81700 23000.98850 22824.79100 22645.90250 23204.36700 23028.16950 22849.28100 23410.25650 23234.05900 23055.17050
23370.62550 23197.10450 23020.90150 23577.23000 23403.70900 23227.50600 23786.34650 23612.82550 23436.62250 23201.34100 23025.14350 22846.25500 23407.94550 23231.74800 23052.85950 23617.06200 23440.86450 23261.97600 23029.30550 22850.43650 22668.87000 23235.91000 23057.04100 22875.47450 23445.02650 23266.15750 23084.59100
23404.97000 23228.77250 23049.88400 23614.79450 23438.59700 23259.70850 23827.12950 23650.93200 23472.04350 23232.93450 23054.06550 22872.49900 23442.75900 23263.89000 23082.32350 23655.09400 23476.22500 23294.65850 23058.15650 22876.62150 22692.38350 23267.98100 23086.44600 22902.20800 23480.31600 23298.78100 23114.54300
23439.83250 23260.96350 23079.39700 23652.86850 23473.99950 23292.43300 23868.41500 23689.54600 23507.97950 23265.05450 23083.51950 22899.28150 23478.09050 23296.55550 23112.31750 23693.63700 23512.10200 23327.86400 23087.54100 22903.34750 22716.44450 23300.57700 23116.38350 22929.48050 23516.12350 23331.93000 23145.02700
23475.21150 23293.67650 23109.43850 23691.45200 23509.91700 23325.67900 23910.20000 23728.66500 23544.42700 23297.69800 23113.50450 22926.60150 23513.93850 23329.74500 23142.84200 23732.68650 23548.49300 23361.59000 23117.45850 22930.61300 22741.05300 23333.69900 23146.85350 22957.29350 23552.44700 23365.60150 23176.04150
23511.10500 23326.91150 23140.00850 23730.54150 23546.34800 23359.44500 23952.48450 23768.29100 23581.38800 23330.86550 23144.02000 22954.46000 23550.30200 23363.45650 23173.89650 23772.24500 23585.39950 23395.83950 23147.90950 22958.41750 22766.20800 23367.34600 23177.85400 22985.64450 23589.28900 23399.79700 23207.58750
23547.51300 23360.66750 23171.10750 23770.13800 23583.29250 23393.73250 23995.26550 23808.42000 23618.86000 23364.55700 23175.06500 22982.85550 23587.18200 23397.69000 23205.48050 23812.30950 23622.81750 23430.60800 23178.89150 22986.76100 22791.91000 23401.51650 23209.38600 23014.53500 23626.64400 23434.51350 23239.66250
23584.43550 23394.94350 23202.73400 23810.24000 23620.74800 23428.53850 24038.54500 23849.05300 23656.84350 23398.77000 23206.63950 23011.78850 23624.57450 23432.44400 23237.59300 23852.87950 23660.74900 23465.89800 23210.40550 23015.64400 22818.15900 23436.21000 23241.44850 23043.96350 23664.51500 23469.75350 23272.26850
23621.87000 23429.73950 23234.88850 23850.84600 23658.71550 23463.86450 24082.31800 23890.18750 23695.33650 23433.50550 23238.74400 23041.25900 23662.48150 23467.72000 23270.23500 23893.95350 23699.19200 23501.70700 23242.45100 23045.06550 22844.95500 23471.42700 23274.04150 23073.93100 23702.89900 23505.51350 23305.40300
23659.81750 23465.05600 23267.57100 23891.95600 23697.19450 23499.70950 24126.58650 23931.82500 23734.34000 23468.76300 23271.37750 23071.26700 23700.90150 23503.51600 23303.40550 23935.53200 23738.14650 23538.03600 23275.02700 23075.02550 22872.29800 23507.16550 23307.16400 23104.43650 23741.79600 23541.79450 23339.06700
23698.27650 23500.89100 23300.78050 23933.56800 23736.18250 23536.07200 24171.34750 23973.96200 23773.85150 23504.54050 23304.53900 23101.81150 23739.83200 23539.83050 23337.10300 23977.61150 23777.61000 23574.88250 23308.13300 23105.52400 22900.18750 23543.42450 23340.81550 23135.47900 23781.20400 23578.59500 23373.25850
23737.24550 23537.24400 23334.51650 23975.68150 23775.68000 23572.95250 24216.60000 24016.59850 23813.87100 23540.83800 23338.22900 23132.89250 23779.27400 23576.66500 23371.32850 24020.19250 23817.58350 23612.24700 23341.76900 23136.56050 22928.62350 23580.20500 23374.99650 23167.05950 23821.12350 23615.91500 23407.97800
23776.72450 23574.11550 23368.77900 24018.29500 23815.68600 23610.34950 24262.34350 24059.73450 23854.39800 23577.65550 23372.44700 23164.51000 23819.22600 23614.01750 23406.08050 24063.27450 23858.06600 23650.12900 23375.93450 23168.13400 22957.60650 23617.50500 23409.70450 23199.17700 23861.55350 23653.75300 23443.22550
23816.71250 23611.50400 23403.56700 24061.40800 23856.19950 23648.26250 24308.57600 24103.36750 23895.43050 23614.99150 23407.19100 23196.66350 23859.68700 23651.88650 23441.35900 24106.85500 23899.05450 23688.52700 23410.62800 23200.24500 22987.13550 23655.32350 23444.94050 23231.83100 23902.49150 23692.10850 23478.99900
23857.20900 23649.40850 23438.88100 24105.02000 23897.21950 23686.69200 24355.29700 24147.49650 23936.96900 23652.84550 23442.46250 23229.35300 23900.65650 23690.27350 23477.16400 24150.93350 23940.55050 23727.44100 23445.85000 23232.89300 23017.21050 23693.66100 23480.70400 23265.02150 23943.93800 23730.98100 23515.29850
23898.21200 23687.82900 23474.71950 24149.12850 23938.74550 23725.63600 24402.50450 24192.12150 23979.01200 23691.21650 23478.25950 23262.57700 23942.13300 23729.17600 23513.49350 24195.50900 23982.55200 23766.86950 23481.59900 23266.07700 23047.83150 23732.51550 23516.99350 23298.74800 23985.89150 23770.36950 23552.12400
23939.72200 23726.76500 23511.08250 24193.73350 23980.77650 23765.09400 24450.19850 24237.24150 24021.55900 23730.10450 23514.58250 23296.33700 23984.11600 23768.59400 23550.34850 24240.58100 24025.05900 23806.81350 23517.87600 23299.79800 23078.99900 23771.88750 23553.80950 23333.01050 24028.35250 23810.27450 23589.47550
23981.73750 23766.21550 23547.97000 24238.83400 24023.31200 23805.06650 24498.37600 24282.85400 24064.60850 23769.50900 23551.43100 23330.63200 24026.60550 23808.52750 23587.72850 24286.14750 24068.06950 23847.27050 23554.67850 23334.05400 23110.71200 23811.77500 23591.15050 23367.80850 24071.31700 23850.69250 23627.35050
24024.25850 23806.18050 23585.38150 24284.42850 24066.35050 23845.55150 24547.03750 24328.95950 24108.16050 23809.42800 23588.80350 23365.46150 24069.59800 23848.97350 23625.63150 24332.20700 24111.58250 23888.24050 23592.00750 23368.84650 23142.97050 23852.17750 23629.01650 23403.14050 24114.78650 23891.62550 23665.74950
24067.28200 23846.65750 23623.31550 24330.51550 24109.89100 23886.54900 24596.18100 24375.55650 24152.21450 23849.86150 23626.70050 23400.82450 24113.09500 23889.93400 23664.05800 24378.76050 24155.59950 23929.72350 23629.86100 23404.17250 23175.77350 23893.09450 23667.40600 23439.00700 24158.76000 23933.07150 23704.67250
24110.80900 23887.64800 23661.77200 24377.09500 24153.93400 23928.05800 24645.80500 24422.64400 24196.76800 23890.80850 23665.12000 23436.72100 24157.09450 23931.40600 23703.00700 24425.80450 24200.11600 23971.71700 23668.23950 23440.03400 23209.12150 23934.52550 23706.32000 23475.40750 24203.23550 23975.03000 23744.11750
24154.83750 23929.14900 23700.75000 24424.16550 24198.47700 23970.07800 24695.90800 24470.21950 24241.82050 23932.26850 23704.06300 23473.15050 24201.59650 23973.39100 23742.47850 24473.33900 24245.13350 24014.22100 23707.14150 23476.42900 23243.01450 23976.46950 23745.75700 23512.34250 24248.21200 24017.49950 23784.08500
24199.36800 23971.16250 23740.25000 24471.72550 24243.52000 24012.60750 24746.49050 24518.28500 24287.37250 23974.24100 23743.52850 23510.11400 24246.59850 24015.88600 23782.47150 24521.36350 24290.65100 24057.23650 23746.56750 23513.35850 23277.45200 24018.92500 23785.71600 23549.80950 24293.69000 24060.48100 23824.57450
24244.39800 24013.68550 23780.27100 24519.77450 24289.06200 24055.64750 24797.54900 24566.83650 24333.42200 24016.72450 23783.51550 23547.60900 24292.10100 24058.89200 23822.98550 24569.87550 24336.66650 24100.76000 23786.51600 23550.82050 23312.43350 24061.89250 23826.19700 23587.81000 24339.66700 24103.97150 23865.58450
24289.92750 24056.71850 23820.81200 24568.31100 24335.10200 24099.19550 24849.08350 24615.87450 24379.96800 24059.71900 23824.02350 23585.63650 24338.10250 24102.40700 23864.02000 24618.87500 24383.17950 24144.79250 23826.98650 23588.81600 23347.95850 24105.37000 23867.19950 23626.34200 24386.14250 24147.97200 23907.11450
24335.95550 24100.26000 23861.87300 24617.33450 24381.63900 24143.25200 24901.09250 24665.39700 24427.01000 24103.22300 23865.05250 23624.19500 24384.60200 24146.43150 23905.57400 24668.36000 24430.18950 24189.33200 23867.97850 23627.34400 23384.02800 24149.35750 23908.72300 23665.40700 24433.11550 24192.48100 23949.16500
24382.48100 24144.31050 23903.45300 24666.84250 24428.67200 24187.81450 24953.57450 24715.40400 24474.54650 24147.23650 23906.60200 23663.28600 24431.59800 24190.96350 23947.64750 24718.33000 24477.69550 24234.37950 23909.49200 23666.40350 23420.64050 24193.85350 23950.76500 23705.00200 24480.58550 24237.49700 23991.73400
24429.50200 24188.86750 23945.55150 24716.83500 24476.20050 24232.88450 25006.52850 24765.89400 24522.57800 24191.75750 23948.66900 23702.90600 24479.09050 24236.00200 23990.23900 24768.78400 24525.69550 24279.93250 23951.52450 23705.99400 23457.79500 24238.85750 23993.32700 23745.12800 24528.55100 24283.02050 24034.82150
24477.02000 24233.93150 23988.16850 24767.31100 24524.22250 24278.45950 25059.95250 24816.86400 24571.10100 24236.78700 23991.25650 23743.05750 24527.07800 24281.54750 24033.34850 24819.71950 24574.18900 24325.99000 23994.07800 23746.11600 23495.49350 24284.36900 24036.40700 23785.78450 24577.01050 24329.04850 24078.42600
24525.03150 24279.50100 24031.30200 24818.26900 24572.73850 24324.53950 25113.84700 24868.31650 24620.11750 24282.32250 24034.36050 23783.73800 24575.56000 24327.59800 24076.97550 24871.13800 24623.17600 24372.55350 24037.14950 23786.76800 23533.73350 24330.38700 24080.00550 23826.97100 24625.96500 24375.58350 24122.54900
24573.53700 24325.57500 24074.95250 24869.70800 24621.74600 24371.12350 25168.20850 24920.24650 24669.62400 24328.36400 24077.98250 23824.94800 24624.53500 24374.15350 24121.11900 24923.03550 24672.65400 24419.61950 24080.73850 23827.95000 23572.51500 24376.90950 24124.12100 23868.68600 24675.41000 24422.62150 24167.18650
24622.53500 24372.15350 24119.11900 24921.62650 24671.24500 24418.21050 25223.03750 24972.65600 24719.62150 24374.90950 24122.12100 23866.68600 24674.00100 24421.21250 24165.77750 24975.41200 24722.62350 24467.18850 24124.84550 23869.66100 23611.83850 24423.93700 24168.75250 23910.93000 24725.34800 24470.16350 24212.34100
24672.02400 24419.23550 24163.80050 24974.02350 24721.23500 24465.80000 25278.33000 25025.54150 24770.10650 24421.96000 24166.77550 23908.95300 24723.95950 24468.77500 24210.95250 25028.26600 24773.08150 24515.25900 24169.46900 23911.90100 23651.70350 24471.46850 24213.90050 23953.70300 24775.77500 24518.20700 24258.00950
24722.00450 24466.82000 24208.99750 25026.89800 24771.71350 24513.89100 25334.08800 25078.90350 24821.08100 24469.51350 24211.94550 23951.74800 24774.40700 24516.83900 24256.64150 25081.59700 24824.02900 24563.83150 24214.60900 23954.66950 23692.10900 24519.50250 24259.56300 23997.00250 24826.69250 24566.75300 24304.19250
24772.47350 24514.90550 24254.70800 25080.24850 24822.68050 24562.48300 25390.30800 25132.74000 24872.54250 24517.56900 24257.62950 23995.06900 24825.34400 24565.40450 24302.84400 25135.40350 24875.46400 24612.90350 24260.26400 23997.96550 23733.05450 24568.03900 24305.74050 24040.82950 24878.09850 24615.80000 24350.88900
24823.43200 24563.49250 24300.93200 25134.07400 24874.13450 24611.57400 25446.98900 25187.04950 24924.48900 24566.12700 24303.82850 24038.91750 24876.76900 24614.47050 24349.55950 25189.68400 24927.38550 24662.47450 24306.43400 24041.78900 23774.54050 24617.07600 24352.43100 24085.18250 24929.99100 24665.34600 24398.09750
24874.87750 24612.57900 24347.66800 25188.37400 24926.07550 24661.16450 25504.13050 25241.83200 24976.92100 24615.18450 24350.53950 24083.29100 24928.68100 24664.03600 24396.78750 25244.43750 24979.79250 24712.54400 24353.11650 24086.13800 23816.56550 24666.61300 24399.63450 24130.06200 24982.36950 24715.39100 24445.81850
24926.81000 24662.16500 24394.91650 25243.14600 24978.50100 24711.25250 25561.73100 25297.08600 25029.83750 24664.74200 24397.76350 24128.19100 24981.07800 24714.09950 24444.52700 25299.66300 25032.68450 24763.11200 24400.31350 24131.01400 23859.13000 24716.64950 24447.35000 24175.46600 25035.23450 24765.93500 24494.05100
24979.22700 24712.24850 24442.67600 25298.38900 25031.41050 24761.83800 25619.78750 25352.80900 25083.23650 24714.79850 24445.49900 24173.61500 25033.96050 24764.66100 24492.77700 25355.35900 25086.05950 24814.17550 24448.02150 24176.41450 23902.23250 24767.18350 24495.57650 24221.39450 25088.58200 24816.97500 24542.79300
25032.12900 24762.82950 24490.94550 25354.10300 25084.80350 24812.91950 25678.30000 25409.00050 25137.11650 24765.35200 24493.74500 24219.56300 25087.32600 24815.71900 24541.53700 25411.52300 25139.91600 24865.73400 24496.24200 24222.34000 23945.87350 24818.21600 24544.31400 24267.84750 25142.41300 24868.51100 24592.04450
25085.51350 24813.90650 24539.72450 25410.28500 25138.67800 24864.49600 25737.26700 25465.66000 25191.47800 24816.40350 24542.50150 24266.03500 25141.17500 24867.27300 24590.80650 25468.15700 25194.25500 24917.78850 24544.97250 24268.78950 23990.05200 24869.74400 24593.56100 24314.82350 25196.72600 24920.54300 24641.80550
25139.38100 24865.47900 24589.01250 25466.93550 25193.03350 24916.56700 25796.68750 25522.78550 25246.31900 24867.95000 24591.76700 24313.02950 25195.50450 24919.32150 24640.58400 25525.25650 25249.07350 24970.33600 24594.21300 24315.76250 24034.76750 24921.76750 24643.31700 24362.32200 25251.51950 24973.06900 24692.07400
25193.72950 24917.54650 24638.80900 25524.05150 25247.86850 24969.13100 25856.55850 25580.37550 25301.63800 24919.99250 24641.54200 24360.54700 25250.31450 24971.86400 24690.86900 25582.82150 25304.37100 25023.37600 24643.96300 24363.25800 24080.02100 24974.28500 24693.58000 24410.34300 25306.79200 25026.08700 24742.85000
25248.55800 24970.10750 24689.11250 25581.63400 25303.18350 25022.18850 25916.88050 25638.43000 25357.43500 24972.52850 24691.82350 24408.58650 25305.60450 25024.89950 24741.66250 25640.85100 25360.14600 25076.90900 24694.22150 24411.27650 24125.80950 25027.29750 24744.35250 24458.88550 25362.54400 25079.59900 24794.13200
25303.86450 25023.15950 24739.92250 25639.67950 25358.97450 25075.73750 25977.65050 25696.94550 25413.70850 25025.55750 24742.61250 24457.14550 25361.37250 25078.42750 24792.96050 25699.34350 25416.39850 25130.93150 24744.98600 24459.81550 24172.13350 25080.80100 24795.63050 24507.94850 25418.77200 25133.60150 24845.91950
25359.65050 25076.70550 24791.23850 25698.18800 25415.24300 25129.77600 26038.86850 25755.92350 25470.45650 25079.07900 24793.90850 24506.22650 25417.61650 25132.44600 24844.76400 25758.29700 25473.12650 25185.44450 24796.25950 24508.87550 24218.99400 25134.79700 24847.41300 24557.53150 25475.47750 25188.09350 24898.21200
25415.91150 25130.74100 24843.05900 25757.15700 25471.98650 25184.30450 26100.53150 25815.36100 25527.67900 25133.09200 24845.70800 24555.82650 25474.33750 25186.95350 24897.07200 25817.71200 25530.32800 25240.44650 24848.03650 24558.45600 24266.38800 25189.28200 24899.70150 24607.63350 25532.65650 25243.07600 24951.00800
25472.64950 25185.26550 24895.38400 25816.58750 25529.20350 25239.32200 26162.64000 25875.25600 25585.37450 25187.59400 24898.01350 24605.94550 25531.53200 25241.95150 24949.88350 25877.58450 25588.00400 25295.93600 24900.32000 24608.55600 24314.31650 25244.25800 24952.49400 24658.25450 25590.31050 25298.54650 25004.30700
25529.86000 25240.27950 24948.21150 25876.47500 25586.89450 25294.82650 26225.18950 25935.60900 25643.54100 25242.58600 24950.82200 24656.58250 25589.20100 25297.43700 25003.19750 25937.91550 25646.15150 25351.91200 24953.10650 24659.17450 24362.77900 25299.72150 25005.78950 24709.39400 25648.43600 25354.50400 25058.10850
25587.54550 25295.78150 25001.54200 25936.82100 25645.05700 25350.81750 26288.18250 25996.41850 25702.17900 25298.06600 25004.13400 24707.73850 25647.34150 25353.40950 25057.01400 25998.70300 25704.77100 25408.37550 25006.39700 24710.31050 24411.77400 25355.67250 25059.58600 24761.04950 25707.03400 25410.94750 25112.41100
25645.70150 25351.76950 25055.37400 25997.62250 25703.69050 25407.29500 26351.61400 26057.68200 25761.28650 25354.03250 25057.94600 24759.40950 25705.95350 25409.86700 25111.33050 26059.94500 25763.85850 25465.32200 25060.18950 24761.96400 24461.30100 25412.11050 25113.88500 24813.22200 25766.10200 25467.87650 25167.21350
25704.32950 25408.24300 25109.70650 26058.87900 25762.79250 25464.25600 26415.48400 26119.39750 25820.86100 25410.48650 25112.26100 24811.59800 25765.03600 25466.81050 25166.14750 26121.64100 25823.41550 25522.75250 25114.48400 24814.13500 24511.36050 25469.03350 25168.68450 24865.91000 25825.63850 25525.28950 25222.51500
25763.42750 25465.20200 25164.53900 26120.58900 25822.36350 25521.70050 26479.79200 26181.56650 25880.90350 25467.42500 25167.07600 24864.30150 25824.58650 25524.23750 25221.46300 26183.78950 25883.44050 25580.66600 25169.27850 24866.82100 24561.95200 25526.44000 25223.98250 24919.11350 25885.64300 25583.18550 25278.31650
25822.99300 25522.64400 25219.86950 26182.75100 25882.40200 25579.62750 26544.53450 26244.18550 25941.41100 25524.84650 25222.38900 24917.52000 25884.60450 25582.14700 25277.27800 26246.38800 25943.93050 25639.06150 25224.57250 24920.02150 24613.07250 25584.33050 25279.77950 24972.83050 25946.11400 25641.56300 25334.61400
25883.02600 25580.56850 25275.69950 26245.36400 25942.90650 25638.03750 26609.71100 26307.25350 26002.38450 25582.75200 25278.20100 24971.25200 25945.09000 25640.53900 25333.59000 26309.43700 26004.88600 25697.93700 25280.36550 24973.73700 24664.72400 25642.70350 25336.07500 25027.06200 26007.05050 25700.42200 25391.40900
25943.52550 25638.97450 25332.02550 26308.42600 26003.87500 25696.92600 26675.32050 26370.76950 26063.82050 25641.13900 25334.51050 25025.49750 26006.03950 25699.41100 25390.39800 26372.93400 26066.30550 25757.29250 25336.65650 25027.96600 24716.90450 25701.55700 25392.86650 25081.80500 26068.45150 25759.76100 25448.69950
26004.48950 25697.86100 25388.84800 26371.93600 26065.30750 25756.29450 26741.36000 26434.73150 26125.71850 25700.00700 25391.31650 25080.25500 26067.45350 25758.76300 25447.70150 26436.87750 26128.18700 25817.12550 25393.44400 25082.70750 24769.61400 25760.89050 25450.15400 25137.06050 26130.31450 25819.57800 25506.48450
26065.91750 25757.22700 25446.16550 26435.89250 26127.20200 25816.14050 26807.82950 26499.13900 26188.07750 25759.35450 25448.61800 25135.52450 26129.32950 25818.59300 25505.49950 26501.26650 26190.53000 25877.43650 25450.72800 25137.96100 24822.85200 25820.70300 25507.93600 25192.82700 26192.64000 25879.87300 25564.76400
26127.80700 25817.07050 25503.97700 26500.29450 26189.55800 25876.46450 26874.72600 26563.98950 26250.89600 25819.18050 25506.41350 25191.30450 26191.66800 25878.90100 25563.79200 26566.09950 26253.33250 25938.22350 25508.50600 25193.72500 24876.61650 25880.99350 25566.21250 25249.10400 26255.42500 25940.64400 25623.53550
26190.15900 25877.39200 25562.28300 26565.14000 26252.37300 25937.26400 26942.04950 26629.28250 26314.17350 25879.48450 25564.70350 25247.59500 26254.46550 25939.68450 25622.57600 26631.37500 26316.59400 25999.48550 25566.77850 25250.00050 24930.90800 25941.75950 25624.98150 25305.88900 26318.66900 26001.89100 25682.79850
26252.97000 25938.18900 25621.08050 26630.42800 26315.64700 25998.53850 27009.79700 26695.01600 26377.90750 25940.26400 25623.48600 25304.39350 26317.72200 26000.94400 25681.85150 26697.09100 26380.31300 26061.22050 25625.54400 25306.78500 24985.72650 26003.00200 25684.24300 25363.18450 26382.37100 26063.61200 25742.55350
26316.23950 25999.46150 25680.36900 26696.15650 26379.37850 26060.28600 27077.96750 26761.18950 26442.09700 26001.51950 25682.76050 25361.70200 26381.43650 26062.67750 25741.61900 26763.24750 26444.48850 26123.43000 25684.80200 25364.07800 25041.06950 26064.71900 25743.99500 25420.98650 26446.53000 26125.80600 25802.79750
26379.96700 26061.20800 25740.14950 26762.32400 26443.56500 26122.50650 27146.55950 26827.80050 26506.74200 26063.24950 25742.52550 25419.51700 26445.60650 26124.88250 25801.87400 26829.84200 26509.11800 26186.10950 25744.55050 25421.87900 25096.93800 26126.90750 25804.23600 25479.29500 26511.14300 26188.47150 25863.53050
26444.15000 26123.42600 25800.41750 26828.93100 26508.20700 26185.19850 27215.57200 26894.84800 26571.83950 26125.45100 25802.77950 25477.83850 26510.23200 26187.56050 25862.61950 26896.87300 26574.20150 26249.26050 25804.78900 25480.18650 25153.33000 26189.57000 25864.96750 25538.11100 26576.21100 26251.60850 25924.75200
26508.78800 26186.11650 25861.17550 26895.97300 26573.30150 26248.36050 27285.00200 26962.33050 26637.38950 26188.12600 25863.52350 25536.66700 26575.31100 26250.70850 25923.85200 26964.34000 26639.73750 26312.88100 25865.51700 25539.00050 25210.24600 26252.70200 25926.18550 25597.43100 26641.73100 26315.21450 25986.46000
26573.87950 26249.27700 25922.42050 26963.45150 26638.84900 26311.99250 27354.84900 27030.24650 26703.39000 26251.27050 25924.75400 25595.99950 26640.84250 26314.32600 25985.57150 27032.24000 26705.72350 26376.96900 25926.73300 25598.31950 25267.68400 26316.30500 25987.89150 25657.25600 26707.70250 26379.28900 26048.65350
26639.42250 26312.90600 25984.15150 27031.36250 26704.84600 26376.09150 27425.11000 27098.59350 26769.83900 26314.88500 25986.47150 25655.83600 26706.82500 26378.41150 26047.77600 27100.57250 26772.15900 26441.52350 25988.43600 25658.14300 25325.64400 26380.37600 26050.08300 25717.58400 26774.12350 26443.83050 26111.33150
26705.41700 26377.00350 26046.36800 27099.70650 26771.29300 26440.65750 27495.78600 27167.37250 26836.73700 26378.96800 26048.67500 25716.17600 26773.25750 26442.96450 26110.46550 27169.33700 26839.04400 26506.54500 26050.62450 25718.47000 25384.12500 26444.91400 26112.75950 25778.41450 26840.99350 26508.83900 26174.49400
26771.86100 26441.56800 26109.06900 27168.48150 26838.18850 26505.68950 27566.87300 27236.58000 26904.08100 26443.51750 26111.36300 25777.01800 26840.13800 26507.98350 26173.63850 27238.52950 26906.37500 26572.03000 26113.29750 25779.29900 25443.12650 26509.91800 26175.91950 25839.74700 26908.30950 26574.31100 26238.13850
26838.75350 26506.59900 26172.25400 27237.68500 26905.53050 26571.18550 27638.37000 27306.21550 26971.87050 26508.53350 26174.53500 25838.36250 26907.46500 26573.46650 26237.29400 27308.15000 26974.15150 26637.97900 26176.45600 25840.63100 25502.64850 26575.38750 26239.56250 25901.58000 26976.07250 26640.24750 26302.26500
26906.09150 26572.09300 26235.92050 27307.31600 26973.31750 26637.14500 27710.27450 27376.27600 27040.10350 26574.01400 26238.18900 25900.20650 26975.23850 26639.41350 26301.43100 27378.19700 27042.37200 26704.38950 26240.09600 25902.46250 25562.68800 26641.32050 26303.68700 25963.91250 27044.27900 26706.64550 26366.87100
26973.87600 26638.05100 26300.06850 27377.37350 27041.54850 26703.56600 27782.58700 27446.76200 27108.77950 26639.95800 26302.32450 25962.55000 27043.45550 26705.82200 26366.04750 27448.66900 27111.03550 26771.26100 26304.21750 25964.79400 25623.24600 26707.71500 26368.29150 26026.74350 27112.92850 26773.50500 26431.95700
27042.10450 26704.47100 26364.69650 27447.85550 27110.22200 26770.44750 27855.30400 27517.67050 27177.89600 26706.36400 26366.94050 26025.39250 27112.11500 26772.69150 26431.14350 27519.56350 27180.14000 26838.59200 26368.82050 26027.62450 25684.32150 26774.57150 26433.37550 26090.07250 27182.02000 26840.82400 26497.52100
27110.77450 26771.35100 26429.80300 27518.76000 27179.33650 26837.78850 27928.42350 27589.00000 27247.45200 26773.23100 26432.03500 26088.73200 27181.21650 26840.02050 26496.71750 27590.88000 27249.68400 26906.38100 26433.90200 26090.95300 25745.91300 26841.88750 26498.93850 26153.89850 27251.55100 26908.60200 26563.56200
27179.88700 26838.69100 26495.38800 27590.08700 27248.89100 26905.58800 28001.94550 27660.74950 27317.44650 26840.55800 26497.60900 26152.56900 27250.75800 26907.80900 26562.76900 27662.61650 27319.66750 26974.62750 26499.46300 26154.77850 25808.02100 26909.66300 26564.97850 26218.22100 27321.52150 26976.83700 26630.07950
27249.43900 26906.49000 26561.45000 27661.83350 27318.88450 26973.84450 28075.86700 27732.91800 27387.87800 26908.34400 26563.65950 26216.90200 27320.73850 26976.05400 26629.29650 27734.77200 27390.08750 27043.33000 26565.50100 26219.09950 25870.64300 26977.89550 26631.49400 26283.03750 27391.92900 27045.52750 26697.07100
27319.42950 26974.74500 26627.98750 27733.99850 27389.31400 27042.55650 28150.18750 27805.50300 27458.74550 26976.58650 26630.18500 26281.72850 27391.15550 27044.75400 26696.29750 27807.34450 27460.94300 27112.48650 26632.01450 26283.91550 25933.77900 27046.58350 26698.48450 26348.34800 27462.77250 27114.67350 26764.53700
27389.85700 27043.45550 26694.99900 27806.58050 27460.17900 27111.72250 28224.90400 27878.50250 27530.04600 27045.28500 26697.18600 26347.04950 27462.00850 27113.90950 26763.77300 27880.33200 27532.23300 27182.09650 26699.00350 26349.22600 25997.42850 27115.72700 26765.94950 26414.15200 27534.05050 27184.27300 26832.47550
27460.71950 27112.62050 26762.48400 27879.57750 27531.47850 27181.34200 28300.01500 27951.91600 27601.77950 27114.43800 26764.66050 26412.86300 27533.29600 27183.51850 26831.72100 27953.73350 27603.95600 27252.15850 26766.46600 26415.02900 26061.59000 27185.32400 26833.88700 26480.44800 27605.76150 27254.32450 26900.88550
27532.01700 27182.23950 26830.44200 27952.98850 27603.21100 27251.41350 28375.51950 28025.74200 27673.94450 27184.04500 26832.60800 26479.16900 27605.01650 27253.57950 26900.14050 28027.54750 27676.11050 27322.67150 26834.40200 26481.32450 26126.26350 27255.37350 26902.29600 26547.23500 27677.90450 27324.82700 26969.76600
27603.74700 27252.31000 26898.87100 28026.81100 27675.37400 27321.93500 28451.41450 28099.97750 27746.53850 27254.10400 26901.02650 26545.96550 27677.16800 27324.09050 26969.02950 28101.77150 27748.69400 27393.63300 26902.80900 26548.11050 26191.44700 27325.87300 26971.17450 26614.51100 27750.47650 27395.77800 27039.11450
27675.90850 27322.83100 26967.77000 28101.04400 27747.96650 27392.90550 28527.69950 28174.62200 27819.56100 27324.61350 26969.91500 26613.25150 27749.74900 27395.05050 27038.38700 28176.40450 27821.70600 27465.04250 26971.68650 26615.38650 26257.14000 27396.82200 27040.52200 26682.27550 27823.47750 27467.17750 27108.93100
27748.49900 27393.80050 27037.13700 28175.68600 27820.98750 27464.32400 28604.37200 28249.67350 27893.01000 27395.57200 27039.27200 26681.02550 27822.75900 27466.45900 27108.21250 28251.44500 27895.14500 27536.89850 27041.03300 26683.15150 26323.34200 27468.22000 27110.33850 26750.52900 27896.90600 27539.02450 27179.21500
27821.51850 27465.21850 27106.97200 28250.73550 27894.43550 27536.18900 28681.43050 28325.13050 27966.88400 27466.97950 27109.09800 26749.28850 27896.19650 27538.31500 27178.50550 28326.89150 27969.01000 27609.20050 27110.84750 26751.40500 26390.05200 27540.06450 27180.62200 26819.26900 27970.75950 27611.31700 27249.96400
27894.96500 27537.08350 27177.27400 28326.19000 27968.30850 27608.49900 28758.87300 28400.99150 28041.18200 27538.83300 27179.39050 26818.03750 27970.05800 27610.61550 27249.26250 28402.74100 28043.29850 27681.94550 27181.12950 26820.14450 26457.26950 27612.35450 27251.36950 26888.49450 28045.03750 27684.05250 27321.17750
27968.83600 27609.39350 27248.04050 28402.04800 28042.60550 27681.25250 28836.69750 28477.25500 28115.90200 27611.13250 27250.14750 26887.27250 28044.34450 27683.35950 27320.48450 28478.99400 28118.00900 27755.13400 27251.87650 26889.37050 26524.99300 27685.08850 27322.58250 26958.20500 28119.73800 27757.23200 27392.85450
28043.13150 27682.14650 27319.27150 28478.30900 28117.32400 27754.44900 28914.90250 28553.91750 28191.04250 27683.87550 27321.36950 26956.99200 28119.05300 27756.54700 27392.16950 28555.64650 28193.14050 27828.76300 27323.08800 26959.08050 26593.22100 27758.26550 27394.25800 27028.39850 28194.85900 27830.85150 27464.99200
28117.84850 27755.34250 27390.96500 28554.97050 28192.46450 27828.08700 28993.48650 28630.98050 28266.60300 27757.06100 27393.05350 27027.19400 28194.18300 27830.17550 27464.31600 28632.69900 28268.69150 27902.83200 27394.76200 27029.27350 26661.95250 27831.88400 27466.39550 27099.07450 28270.40000 27904.91150 27537.59050
28192.98700 27828.97950 27463.12000 28632.03050 28268.02300 27902.16350 29072.44700 28708.43950 28342.58000 27830.68800 27465.19950 27097.87850 28269.73150 27904.24300 27536.92200 28710.14800 28344.65950 27977.33850 27466.89900 27099.95000 26731.18850 27905.94250 27538.99350 27170.23200 28346.35900 27979.41000 27610.64850
28268.54450 27903.05600 27535.73500 28709.48800 28343.99950 27976.67850 29151.78250 28786.29400 28418.97300 27904.75550 27537.80650 27169.04500 28345.69900 27978.75000 27609.98850 28787.99350 28421.04450 28052.28300 27539.49650 27171.10800 26800.92650 27980.44000 27612.05150 27241.87000 28422.73450 28054.34600 27684.16450
28344.51950 27977.57050 27608.80900 28787.34150 28420.39250 28051.63100 29231.49150 28864.54250 28495.78100 27979.26050 27610.87200 27240.69050 28422.08250 28053.69400 27683.51250 28866.23250 28497.84400 28127.66250 27612.55250 27242.74450 26871.16500 28055.37450 27685.56650 27313.98700 28499.52450 28129.71650 27758.13700
28420.91100 28052.52250 27682.34100 28865.58800 28497.19950 28127.01800 29311.57200 28943.18350 28573.00200 28054.20300 27684.39500 27312.81550 28498.88000 28129.07200 27757.49250 28944.86400 28575.05600 28203.47650 27686.06700 27314.86150 26941.90450 28130.74400 27759.53850 27386.58150 28576.72800 28205.52250 27832.56550
28497.71750 28127.90950 27756.33000 28944.22700 28574.41900 28202.83950 29392.02100 29022.21300 28650.63350 28129.58150 27758.37600 27385.41900 28576.09100 28204.88550 27831.92850 29023.88500 28652.67950 28279.72250 27760.03900 27387.45700 27013.14350 28206.54850 27833.96650 27459.65300 28654.34250 28281.76050 27907.44700
28574.93650 28203.73100 27830.77400 29023.25550 28652.05000 28279.09300 29472.83800 29101.63250 28728.67550 28205.39400 27832.81200 27458.49850 28653.71300 28281.13100 27906.81750 29103.29550 28730.71350 28356.40000 27834.46600 27460.52900 27084.88050 28282.78500 27908.84800 27533.19950 28732.36750 28358.43050 27982.78200
28652.56650 28279.98450 27905.67100 29102.67350 28730.09150 28355.77800 29554.02050 29181.43850 28807.12500 28281.63850 27907.70150 27532.05300 28731.74550 28357.80850 27982.16000 29183.09250 28809.15550 28433.50700 27909.34650 27534.07600 27157.11450 28359.45350 27984.18300 27607.22150 28810.80050 28435.53000 28058.56850
28730.60650 28356.66950 27981.02100 29182.47800 28808.54100 28432.89250 29635.56600 29261.62900 28885.98050 28358.31450 27983.04400 27606.08250 28810.18600 28434.91550 28057.95400 29263.27400 28888.00350 28511.04200 27984.68100 27608.09800 27229.84550 28436.55250 28059.96950 27681.71700 28889.64050 28513.05750 28134.80500
28809.05450 28433.78400 28056.82250 29262.66700 28887.39650 28510.43500 29717.47400 29342.20350 28965.24200 28435.42100 28058.83800 27680.58550 28889.03350 28512.45050 28134.19800 29343.84050 28967.25750 28589.00500 28060.46650 27682.59350 27303.07150 28514.07900 28136.20600 27756.68400 28968.88600 28591.01300 28211.49100
28887.91000 28511.32700 28133.07450 29343.24050 28966.65750 28588.40500 29799.74200 29423.15900 29044.90650 28512.95550 28135.08250 27755.56050 28968.28600 28590.41300 28210.89100 29424.78750 29046.91450 28667.39250 28136.70300 27757.56150 27376.79150 28592.03350 28212.89200 27832.12200 29048.53500 28669.39350 28288.62350
28967.17000 28589.29700 28209.77500 29424.19400 29046.32100 28666.79900 29882.36750 29504.49450 29124.97250 28590.91750 28211.77600 27831.00600 29047.94150 28668.80000 28288.03000 29506.11500 29126.97350 28746.20350 28213.38850 27833.00000 27451.00550 28670.41250 28290.02400 27908.02950 29128.58600 28748.19750 28366.20300
29046.83300 28667.69150 28286.92150 29505.52850 29126.38700 28745.61700 29965.34950 29586.20800 29205.43800 28669.30400 28288.91550 27906.92100 29127.99950 28747.61100 28365.61650 29587.82050 29207.43200 28825.43750 28290.52100 27908.90800 27525.71000 28749.21650 28367.60350 27984.40550 29209.03750 28827.42450 28444.22650
29126.89850 28746.51000 28364.51550 29587.24100 29206.85250 28824.85800 30048.68500 29668.29650 29286.30200 28748.11550 28366.50250 27983.30450 29208.45800 28826.84500 28443.64700 29669.90200 29288.28900 28905.09100 28368.10000 27985.28500 27600.90700 28828.44250 28445.62750 28061.24950 29289.88650 28907.07150 28522.69350
29207.36400 28825.75100 28442.55300 29669.32950 29287.71650 28904.51850 30132.37350 29750.76050 29367.56250 28827.34850 28444.53350 28060.15550 29289.31400 28906.49900 28522.12100 29752.35800 29369.54300 28985.16500 28446.12450 28062.12950 27676.59350 28908.09000 28524.09500 28138.55900 29371.13400 28987.13900 28601.60300
29288.22700 28905.41200 28521.03400 29751.79250 29368.97750 28984.59950 30216.41100 29833.59600 29449.21800 28907.00300 28523.00800 28137.47200 29370.56850 28986.57350 28601.03750 29835.18700 29451.19200 29065.65600 28524.59100 28139.43950 27752.76900 28988.15650 28603.00500 28216.33450 29452.77500 29067.62350 28680.95300
29369.48800 28985.49300 28599.95700 29834.62800 29450.63300 29065.09700 30300.79800 29916.80300 29531.26700 28987.07600 28601.92450 28215.25400 29452.21600 29067.06450 28680.39400 29918.38600 29533.23450 29146.56400 28603.50100 28217.21500 27829.43200 29068.64100 28682.35500 28294.57200 29534.81100 29148.52500 28760.74200
29451.14300 29065.99150 28679.32100 29917.83350 29532.68200 29146.01150 30385.53000 30000.37850 29613.70800 29067.56800 28681.28200 28293.49900 29534.25850 29147.97250 28760.18950 30001.95500 29615.66900 29227.88600 28682.85150 28295.45450 27906.58250 29149.54200 28762.14500 28373.27300 29617.23850 29229.84150 28840.96950
29533.19200 29146.90600 28759.12300 30001.40800 29615.12200 29227.33900 30470.60700 30084.32100 29696.53800 29148.47550 28761.07850 28372.20650 29616.69150 29229.29450 28840.42250 30085.89050 29698.49350 29309.62150 28762.64100 28374.15550 27984.21800 29230.85700 28842.37150 28452.43400 29700.05600 29311.57050 28921.63300
29615.63200 29228.23500 28839.36300 30085.35000 29697.95300 29309.08100 30556.02550 30168.62850 29779.75650 29229.79750 28841.31200 28451.37450 29699.51550 29311.03000 28921.09250 30170.19100 29781.70550 29391.76800 28842.86850 28453.31750 28062.33750 29312.58650 28923.03550 28532.05550 29783.26200 29393.71100 29002.73100
29698.46250 29309.97700 28920.03950 30169.65700 29781.17150 29391.23400 30641.78450 30253.29900 29863.36150 29311.53350 28921.98250 28531.00250 29782.72800 29393.17700 29002.19700 30254.85550 29865.30450 29474.32450 28923.53250 28532.94000 28140.94050 29394.72700 29004.13450 28612.13500 29866.85450 29476.26200 29084.26250
29781.68150 29392.13050 29001.15050 30254.32750 29864.77650 29473.79650 30727.88200 30338.33100 29947.35100 29393.68050 29003.08800 28611.08850 29866.32650 29475.73400 29083.73450 30339.88100 29949.28850 29557.28900 29004.63150 28613.02100 28220.02600 29477.27750 29085.66700 28692.67200 29950.83200 29559.22150 29166.22650
29865.28650 29474.69400 29082.69450 30339.35900 29948.76650 29556.76700 30814.31500 30423.72250 30031.72300 29476.23750 29084.62700 28691.63200 29950.31000 29558.69950 29165.70450 30425.26600 30033.65550 29640.66050 29086.16450 28693.55950 28299.59300 29560.23700 29167.63200 28773.66550 30035.19300 29642.58800 29248.62150
29949.27600 29557.66550 29164.67050 30424.75000 30033.13950 29640.14450 30901.08250 30509.47200 30116.47700 29559.20300 29166.59800 28772.63150 30034.67700 29642.07200 29248.10550 30511.00950 30118.40450 29724.43800 29168.12900 28774.55300 28379.63900 29643.60300 29250.02700 28855.11300 30119.93550 29726.35950 29331.44550
30033.64900 29641.04400 29247.07750 30510.49900 30117.89400 29723.92750 30988.18200 30595.57700 30201.61050 29642.57500 29248.99900 28854.08500 30119.42500 29725.84900 29330.93500 30597.10800 30203.53200 29808.61800 29250.52500 28856.00150 28460.16350 29727.37500 29332.85150 28937.01350 30205.05800 29810.53450 29414.69650
30118.40300 29724.82700 29329.91300 30596.60300 30203.02700 29808.11300 31075.61100 30682.03500 30287.12100 29726.35300 29331.82950 28935.99150 30204.55300 29810.02950 29414.19150 30683.56100 30289.03750 29893.19950        nan        nan        nan        nan        nan        nan        nan        nan        nan
