       nan        nan        nan        nan        nan        nan        nan        nan        nan  448.77021        nan        nan        nan        nan        nan        nan        nan        nan  448.82632  449.68770        nan        nan        nan        nan        nan        nan        nan
 448.70565        nan        nan  447.94332        nan        nan        nan        nan        nan  448.76174  449.62288        nan  447.99922  448.85743        nan        nan        nan        nan  448.87403  449.74237  450.46665  448.11113  448.97651  449.69833        nan        nan        nan
 448.63251  449.49315        nan  447.85998  448.71766        nan  447.22345  448.07869        nan  448.74474  449.61257  450.33644  447.97182  448.83667  449.55804  447.33497  448.19736  448.91667  448.91330  449.79196  450.53394  448.13981  449.01544  449.75486  447.50248  448.37562  449.11293
 448.55054  449.41762  450.14086  447.76264  448.62668  449.34737  447.09959  447.96107  448.67962  448.71895  449.59685  450.33819  447.93047  448.80529  449.54401  447.26692  448.13914  448.87568  448.94396  449.83629  450.60105  448.15469  449.04388  449.80594  447.49047  448.37703  449.13683
 448.45944  449.33633  450.07681  447.65103  448.52475  449.26256  446.95452  447.82553  448.56103  448.68419  449.57549  450.33936  447.87497  448.76305  449.52416  447.17776  448.06308  448.82181  448.96580  449.87513  450.66722  448.15556  449.06161  449.85083  447.45748  448.36071  449.14747
 448.35893  449.24893  450.01169  447.52503  448.41172  449.17164  446.78931  447.67309  448.43050  448.64013  449.54813  450.33907  447.80518  448.70981  449.49780  447.06855  447.97020  448.75559  448.97856  449.90812  450.73154  448.14236  449.06845  449.88880  447.40461  448.32766  449.14530
 448.24863  449.15505  449.94461  447.38457  448.28749  449.07400  446.60500  447.50478  448.28854  448.58647  449.51441  450.33639  447.72111  448.64546  449.46426  446.94037  447.86150  448.67744  448.98193  449.93484  450.79305  448.11503  449.06427  449.91916  447.33292  448.27884  449.13074
 448.12831  449.05435  449.87464  447.22975  448.15208  448.96907  446.40257  447.32149  448.13546  448.52295  449.47392  450.33037  447.62282  448.56996  449.42297  446.79418  447.73782  448.58767  448.97563  449.95486  450.85090  448.07367  449.04897  449.94140  447.24337  448.21506  449.10417
 447.99770  448.94644  449.80088  447.06072  448.00549  448.85635  446.18298  447.12404  447.97155  448.44932  449.42625  450.32018  447.51045  448.48330  449.37347  446.63094  447.59996  448.48663  448.95941  449.96777  450.90415  448.01841  449.02254  449.95498  447.13690  448.13708  449.06585
 447.85658  448.83094  449.72250  446.87772  447.84782  448.73547  445.94706  446.91311  447.79706  448.36533  449.37102  450.30491  447.38425  448.38553  449.31533  446.45147  447.44858  448.37450  448.93303  449.97310  450.95200  447.94946  448.98498  449.95958  447.01433  448.04553  449.01605
 447.70482  448.70755  449.63868  446.68103  447.67917  448.60603  445.69557  446.68931  447.61208  448.27084  449.30785  450.28386  447.24446  448.27672  449.24825  446.25652  447.28422  448.25144  448.89629  449.97047  450.99375  447.86704  448.93630  449.95487  446.87636  447.94088  448.95494
 447.54231  448.57595  449.54877  446.47095  447.49963  448.46779  445.42918  446.45307  447.41669  448.16572  449.23641  450.25634  447.09137  448.15693  449.17196  446.04671  447.10729  448.11756  448.84905  449.95952  451.02873  447.77143  448.87656  449.94063  446.72359  447.82355  448.88263
 447.36896  448.43584  449.45214  446.24776  447.30929  448.32048  445.14851  446.20481  447.21101  448.04986  449.15637  450.22177  446.92525  448.02620  449.08624  445.82266  446.91819  447.97298  448.79118  449.93990  451.05638  447.66284  448.80579  449.91664  446.55662  447.69392  448.79926
 447.18476  448.28700  449.34827  446.01178  447.10824  448.16393  444.85410  445.94486  446.99506  447.92322  449.06749  450.17964  446.74636  447.88463  448.99092  445.58486  446.71721  447.81774  448.72258  449.91132  451.07620  447.54152  448.72401  449.88274  446.37589  447.55222  448.70490
 446.98969  448.12920  449.23670  445.76330  446.89656  447.99796  444.54642  445.67349  446.76887  447.78572  448.96950  450.12950  446.55496  447.73223  448.88584  445.33377  446.50460  447.65188  448.64318  449.87354  451.08777  447.40771  448.63129  449.83882  446.18185  447.39873  448.59962
 446.78378  447.96226  449.11706  445.50256  446.67428  447.82244  444.22591  445.39092  446.53248  447.63740  448.86225  450.07102  446.35129  447.56909  448.77091  445.06978  446.28059  447.47548  448.55297  449.82634  451.09077  447.26160  448.52763  449.78476  445.97486  447.23361  448.48349
 446.56705  447.78603  448.98901  445.22985  446.44154  447.63729  443.89294  445.09735  446.28591  447.47824  448.74550  450.00385  446.13559  447.39524  448.64602  444.79324  446.04532  447.28855  448.45188  449.76952  451.08483  447.10339  448.41310  449.72049  445.75522  447.05704  448.35651
 446.33951  447.60033  448.85225  444.94537  446.19831  447.44240  443.54787  444.79293  446.02919  447.30820  448.61911  449.92770  445.90801  447.21072  448.51109  444.50446  445.79897  447.09113  448.33990  449.70290  451.06970  446.93326  448.28770  449.64590  445.52325  446.86916  448.21876
 446.10123  447.40507  448.70658  444.64934  445.94469  447.23770  443.19096  444.47782  445.76233  447.12737  448.48299  449.84237  445.66880  447.01558  448.36606  444.20374  445.54167  446.88325  448.21705  449.62637  451.04515  446.75137  448.15147  449.56095  445.27919  446.67007  448.07023
 445.85228  447.20017  448.55177  444.34195  445.68071  447.02313  442.82254  444.15215  445.48537  446.93574  448.33701  449.74765  445.41808  446.80983  448.21086  443.89132  445.27352  446.66492  448.08331  449.53980  451.01099  446.55785  448.00443  449.46557  445.02328  446.45991  447.91099
 445.59268  446.98552  448.38766  444.02340  445.40643  446.79867  442.44284  443.81603  445.19832  446.73335  448.18106  449.64336  445.15604  446.59353  448.04548  443.56742  444.99466  446.43620  447.93868  449.44308  450.96703  446.35287  447.84662  449.35974  444.75571  446.23877  447.74103
 445.32250  446.76107  448.21410  443.69384  445.12189  446.56427  442.05209  443.46957  444.90124  446.52023  448.01509  449.52936  444.88281  446.36672  447.86984  443.23226  444.70516  446.19710  447.78322  449.33615  450.91316  446.13654  447.67805  449.24343  444.47669  446.00674  447.56043
 445.04180  446.52677  448.03097  443.35343  444.82713  446.31989  441.65048  443.11287  444.59412  446.29643  447.83904  449.40555  444.59854  446.12943  447.68398  442.88604  444.40513  445.94766  447.61690  449.21892  450.84922  445.90898  447.49877  449.11658  444.18638  445.76390  447.36917
 444.75066  446.28259  447.83821  443.00233  444.52223  446.06558  441.23823  442.74602  444.27704  446.06199  447.65288  449.27181  444.30336  445.88171  447.48783  442.52890  444.09465  445.68789  447.43979  449.09135  450.77513  445.67030  447.30880  448.97921  443.88492  445.51030  447.16729
 444.44913  446.02851  447.63569  442.64065  444.20719  445.80125  440.81553  442.36915  443.95002  445.81696  447.45654  449.12806  443.99736  445.62356  447.28139  442.16106  443.77381  445.41788  447.25187  448.95338  450.69078  445.42057  447.10815  448.83126  443.57250  445.24608  446.95484
 444.13725  445.76448  447.42336  442.26855  443.88210  445.52697  440.38251  441.98230  443.61309  445.56136  447.25000  448.97422  443.68068  445.35508  447.06468  441.78261  443.44268  445.13760  447.05321  448.80497  450.59609  445.15995  446.89688  448.67277  443.24922  444.97124  446.73183
 443.81511  445.49053  447.20117  441.88613  443.54698  445.24271  439.93935  441.58557  443.26630  445.29528  447.03326  448.81024  443.35343  445.07626  446.83769  441.39373  443.10134  444.84713  446.84383  448.64612  450.49101  444.88848  446.67500  448.50369  442.91522  444.68589  446.49830
 443.48279  445.20663  446.96908  441.49353  443.20191  444.94850  439.48619  441.17904  442.90969  445.01874  446.80630  448.63607  443.01571  444.78719  446.60042  440.99453  442.74985  444.54648  446.62375  448.47678  450.37548  444.60628  446.44257  448.32405  442.57060  444.39008  446.25426
 443.14033  444.91281  446.72707  441.09084  442.84693  444.64435  439.02319  440.76282  442.54333  444.73180  446.56913  448.45168  442.66760  444.48788  446.35288  440.58517  442.38833  444.23572  446.39304  448.29695  450.24947  444.31342  446.19960  448.13385  442.21552  444.08389  445.99980
 442.78780  444.60907  446.47509  440.67816  442.48209  444.33026  438.55047  440.33698  442.16724  444.43452  446.32172  448.25704  442.30920  444.17836  446.09510  440.16577  442.01682  443.91490  446.15170  448.10662  450.11291  444.00997  445.94612  447.93307  441.85006  443.76738  445.73492
 442.42527  444.29542  446.21316  440.25566  442.10746  444.00633  438.06817  439.90158  441.78150  444.12693  446.06411  448.05211  441.94063  443.85875  445.82709  439.73641  441.63540  443.58403  445.89980  447.90579  449.96577  443.69606  445.68222  447.72176  441.47433  443.44061  445.45964
 442.05280  443.97189  445.94124  439.82336  441.72310  443.67250  437.57639  439.45673  441.38614  443.80912  445.79630  447.83688  441.56197  443.52903  445.54886  439.29725  441.24414  443.24317  445.63737  447.69445  449.80806  443.37171  445.40788  447.49990  441.08844  443.10364  445.17403
 441.67048  443.63851  445.65934  439.38140  441.32904  443.32884  437.07530  439.00250  440.98122  443.48111  445.51829  447.61135  441.17328  443.18926  445.26045  438.84838  440.84312  442.89238  445.36445  447.47261  449.63973  443.03702  445.12316  447.26753  440.69249  442.75655  444.87812
 441.27836  443.29530  445.36748  438.92990  440.92538  442.97541  436.56496  438.53895  440.56680  443.14299  445.23013  447.37553  440.77469  442.83953  444.96190  438.38989  440.43239  442.53169  445.08110  447.24031  449.46080  442.69209  444.82813  447.02467  440.28655  442.39939  444.57195
 440.87651  442.94230  445.06566  438.46891  440.51215  442.61222  436.04554  438.06620  440.14296  442.79480  444.93183  447.12940  440.36626  442.47986  444.65321  437.92193  440.01208  442.16119  444.78734  446.99754  449.27123  442.33695  444.52281  446.77134  439.87076  442.03225  444.25559
 440.46501  442.57956  444.75389  437.99856  440.08944  442.23931  435.51711  437.58431  439.70972  442.43659  444.62343  446.87298  439.94807  442.11032  444.33445  437.44454  439.58220  441.78090  444.48324  446.74430  449.07104  441.97171  444.20723  446.50755  439.44517  441.65514  443.92903
 440.04392  442.20711  444.43222  437.51892  439.65730  441.85675  434.97981  437.09338  439.26719  442.06844  444.30494  446.60628  439.52023  441.73095  444.00563  436.95790  439.14286  441.39089  444.16885  446.48066  448.86024  441.59643  443.88147  446.23335  439.00991  441.26820  443.59239
 439.61331  441.82497  444.10062  437.03010  439.21579  441.46457  434.43372  436.59345  438.81539  441.69040  443.97641  446.32930  439.08279  441.34183  443.66680  436.46204  438.69412  440.99121  443.84420  446.20660  448.63881  441.21118  443.54556  445.94877  438.56503  440.87143  443.24566
 439.17327  441.43324  443.75918  436.53218  438.76498  441.06282  433.87897  436.08464  438.35442  441.30254  443.63789  446.04210  438.63585  440.94299  443.31800  435.95709  438.23606  440.58192  443.50939  445.92220  448.40679  440.81605  443.19957  445.65382  438.11067  440.46494  442.88892
 438.72384  441.03191  443.40788  436.02527  438.30496  440.65156  433.31566  435.56703  437.88432  440.90491  443.28939  445.74464  438.17953  440.53454  442.95929  435.44316  437.76877  440.16309  443.16440  445.62743  448.16415  440.41110  442.84354  445.34857  437.64687  440.04879  442.52222
 438.26515  440.62109  443.04679  435.50946  437.83578  440.23083  432.74391  435.04070  437.40519  440.49760  442.93099  445.43702  437.71385  440.11650  442.59069  434.92032  437.29231  439.73477  442.80935  445.32237  447.91096  439.99639  442.47750  445.03303  437.17375  439.62304  442.14560
 437.79721  440.20078  442.67592  434.98481  437.35751  439.80070  432.16379  434.50573  436.91707  440.08063  442.56270  445.11921  437.23891  439.68894  442.21226  434.38867  436.80677  439.29703  442.44426  445.00703  447.64722  439.57203  442.10154  444.70727  436.69140  439.18777  441.75916
 437.32012  439.77106  442.29532  434.45143  436.87023  439.36121  431.57541  433.96220  436.42004  439.65411  442.18457  444.79127  436.75482  439.25192  441.82406  433.84833  436.31221  438.84994  442.06920  444.68145  447.37292  439.13808  441.71570  444.37128  436.19988  438.74303  441.36288
 436.83398  439.33199  441.90507  433.90944  436.37402  438.91247  430.97890  433.41021  435.91419  439.21810  441.79667  444.45322  436.26166  438.80553  441.42613  433.29937  435.80871  438.39353  441.68422  444.34570  447.08815  438.69460  441.32007  444.02518  435.69929  438.28892  440.95689
 436.33884  438.88361  441.50515  433.35890  435.86894  438.45447  430.37435  432.84983  435.39957  438.77264  441.39905  444.10513  435.75949  438.34983  441.01854  432.74189  435.29638  437.92793  441.28940  443.99977  446.79288  438.24170  440.91465  443.66895  435.18975  437.82549  440.54121
 435.83478  438.42602  441.09567  432.79990  435.35507  437.98733  429.76184  432.28117  434.87628  438.31785  440.99173  443.74700  435.24841  437.88486  440.60132  432.17600  434.77526  437.45316  440.88479  443.64376  446.48716  437.77942  440.49954  443.30265  434.67130  437.35282  440.11590
 435.32191  437.95925  440.67664  432.23255  434.83248  437.51109  429.14152  431.70428  434.34437  437.85377  440.57482  443.37890  434.72850  437.41072  440.17455  431.60180  434.24546  436.96930  440.47045  443.27770  446.17106  437.30785  440.07480  442.92637  434.14407  436.87100  439.68107
 434.80027  437.48337  440.24812  431.65692  434.30126  437.02581  428.51345  431.11929  433.80394  437.38047  440.14834  443.00086  434.19985  436.92749  439.73828  431.01936  433.70706  436.47644  440.04643  442.90162  445.84455  436.82706  439.64049  442.54011  433.60812  436.38010  439.23673
 434.26995  436.99848  439.81018  431.07312  433.76150  436.53157  427.87772  430.52627  433.25505  436.89802  439.71237  442.61293  433.66252  436.43521  439.29256  430.42877  433.16012  435.97461  439.61285  442.51561  445.50773  436.33716  439.19669  442.14395  433.06354  435.88018  438.78295
 433.73103  436.50459  439.36285  430.48121  433.21324  436.02842  427.23446  429.92530  432.69778  436.40652  439.26695  442.21516  433.11663  435.93397  438.83746  429.83016  432.60476  435.46393  439.16969  442.11966  445.16061  435.83818  438.74341  441.73794  432.51043  435.37133  438.31984
 433.18361  436.00182  438.90622  429.88134  432.65661  435.51646  426.58377  429.31649  432.13221  435.90600  438.81214  441.80761  432.56226  435.42384  438.37307  429.22358  432.04102  434.94445  438.71709  441.71388  444.80323  435.33024  438.28078  441.32214  431.94887  434.85360  437.84742
 432.62776  435.49020  438.44034  429.27355  432.09165  434.99576  425.92573  428.69990  431.55844  435.39658  438.34803  441.39032  431.99948  434.90489  437.89941  428.60917  431.46901  434.41624  438.25509  441.29830  444.43565  434.81341  437.80885  440.89661  431.37897  434.32711  437.36579
 432.06356  434.96983  437.96525  428.65797  431.51846  434.46637  425.26046  428.07564  430.97654  434.87833  437.87466  440.96335  431.42840  434.37722  437.41660  427.98701  430.88882  433.87940  437.78375  440.87299  444.05792  434.28776  437.32768  440.46141  430.80078  433.79192  436.87500
 431.49109  434.44077  437.48104  428.03466  430.93711  433.92837  424.58806  427.44380  430.38659  434.35128  437.39210  440.52675  430.84906  433.84087  436.92465  427.35717  430.30051  433.33399  437.30316  440.43800  443.67005  433.75337  436.83734  440.01658  430.21443  433.24811  436.37513
 430.91044  433.90311  436.98777  427.40372  430.34772  433.38186  423.90859  426.80446  429.78868  433.81558  436.90044  440.08060  430.26162  433.29596  436.42368  426.71978  429.70420  432.78009  436.81338  439.99339  443.27215  433.21034  436.33792  439.56222  429.61999  432.69575  435.86626
 430.32172  433.35691  436.48551  426.76527  429.75033  432.82688  423.22220  426.15773  429.18288  433.27126  436.39973  439.62494  429.66610  432.74253  435.91372  426.07491  429.09994  432.21778  436.31451  439.53925  442.86424  432.65873  435.82947  439.09835  429.01755  432.13496  435.34845
 429.72496  432.80224  435.97431  426.11937  429.14504  432.26354  422.52897  425.50370  428.56930  432.71842  435.89003  439.15983  429.06263  432.18069  435.39487  425.42268  428.48787  431.64715  435.80657  439.07560  442.44636  432.09865  435.31208  438.62508  428.40722  431.56578  434.82179
 429.12030  432.23920  435.45425  425.46614  428.53196  431.69189  421.82901  424.84245  427.94801  432.15713  435.37144  438.68534  428.45129  431.61051  434.86719  424.76317  427.86803  431.06827  435.28968  438.60253  442.01859  431.53016  434.78581  438.14245  427.78907  430.98831  434.28634
 428.50781  431.66786  434.92542  424.80566  427.91115  431.11204  421.12240  424.17407  427.31909  431.58749  434.84402  438.20155  427.83217  431.03206  434.33076  424.09647  427.24051  430.48122  434.76392  438.12011  441.58099  430.95336  434.25076  437.65053  427.16320  430.40263  433.74218
 427.88756  431.08829  434.38785  424.13803  427.28270  430.52405  420.40925  423.49866  426.68264  431.00957  434.30783  437.70850  427.20537  430.44544  433.78567  423.42269  426.60543  429.88609  434.22933  437.62840  441.13359  430.36834  433.70700  437.14940  426.52969  429.80883  433.18939
 427.25968  430.50058  433.84166  423.46335  426.64670  429.92800  419.68967  422.81632  426.03875  430.42346  433.76297  437.20627  426.57095  429.85073  433.23195  422.74193  425.96286  429.28296  433.68601  437.12748  440.67649  429.77515  433.15459  436.63912  425.88865  429.20700  432.62806
 426.62421  429.90481  433.28688  422.78170  426.00325  429.32398  418.96372  422.12713  425.38747  429.82921  433.20950  436.69492  425.92902  429.24801  432.66972  422.05424  425.31289  428.67191  433.13404  436.61740  440.20973  429.17392  432.59362  436.11978  425.24015  428.59721  432.05826
 425.98125  429.30106  432.72363  422.09317  425.35242  428.71206  418.23155  421.43121  424.72896  429.22696  432.64750  436.17455  425.27967  428.63735  432.09905  421.35980  424.65562  428.05306  432.57350  436.09824  439.73338  428.56471  432.02416  435.59142  424.58433  427.97957  431.48007
 425.33092  428.68941  432.15196  421.39789  424.69431  428.09236  417.49322  420.72861  424.06325  428.61676  432.07705  435.64519  424.62300  428.01886  431.52001  420.65863  423.99112  427.42642  432.00445  435.57009  439.24750  427.94762  431.44633  435.05415  423.92121  427.35413  430.89356
 424.67330  428.06996  431.57195  420.69592  424.02900  427.46492  416.74888  420.01947  423.39046  427.99870  431.49825  435.10694  423.95908  427.39262  430.93268  419.95087  423.31953  426.79217  431.42702  435.03302  438.75217  427.32273  430.86017  434.50802  423.25097  426.72104  430.29885
 424.00845  427.44279  430.98369  419.98737  423.35662  426.82987  415.99856  419.30386  422.71066  427.37289  430.91116  434.55988  423.28805  426.75873  430.33717  419.23660  422.64089  426.15032  430.84124  434.48708  438.24745  426.69015  430.26578  433.95313  422.57363  426.08032  429.69597
 423.33651  426.80799  430.38726  419.27234  422.67722  426.18725  415.24242  418.58190  422.02397  426.73940  430.31586  434.00406  422.60994  426.11724  429.73352  418.51592  421.95531  425.50101  430.24722  433.93237  437.73341  426.04994  429.66324  433.38953  421.88932  425.43210  429.08505
 422.65753  426.16561  429.78272  418.55091  421.99088  425.53718  414.48052  417.85363  421.33044  426.09830  429.71242  433.43957  421.92488  425.46826  429.12183  417.78892  421.26288  424.84428  429.64504  433.36897  437.21011  425.40220  429.05263  432.81731  421.19813  424.77645  428.46614
 421.97161  425.51578  429.17017  417.82320  421.29774  424.87973  413.71297  417.11921  420.63020  425.44971  429.10096  432.86649  421.23297  424.81189  428.50220  417.05572  420.56372  424.18027  429.03479  432.79694  436.67765  424.74705  428.43405  432.23657  420.50016  424.11348  427.83936
 421.27887  424.85858  428.54970  417.08929  420.59785  424.21500  412.93988  416.37870  419.92333  424.79371  428.48153  432.28489  420.53429  424.14820  427.87469  416.31640  419.85788  423.50904  428.41654  432.21636  436.13608  424.08452  427.80755  431.64736  419.79548  423.44326  427.20478
 420.57938  424.19407  427.92137  416.34929  419.89133  423.54307  412.16134  415.63218  419.20991  424.13038  427.85422  431.69486  419.82892  423.47728  427.23941  415.57104  419.14546  422.83067  427.79038  431.62734  435.58548  423.41475  427.17327  431.04977  419.08420  422.76589  426.56246
 419.87323  423.52236  427.28529  415.60328  419.17825  422.86405  411.37745  414.87979  418.49005  423.45982  427.21914  431.09648  419.11698  422.79926  426.59643  414.81977  418.42660  422.14529  427.15642  431.02993  435.02593  422.73782  426.53126  430.44390  418.36643  422.08147  425.91254
 419.16051  422.84356  426.64153  414.85135  418.45872  422.17799  410.58830  414.12160  417.76384  422.78211  426.57635  430.48982  418.39855  422.11416  425.94583  414.06267  417.70134  421.45295  426.51471  430.42423  434.45751  422.05381  425.88161  429.82982  417.64224  421.39008  425.25507
 418.44135  422.15772  425.99018  414.09362  417.73283  421.48501  409.79400  413.35771  417.03136  422.09736  425.92595  429.87499  417.67373  421.42213  425.28772  413.29984  416.96980  420.75377  425.86538  429.81032  433.88030  421.36283  425.22442  429.20761  416.91175  420.69182  424.59016
 417.71579  421.46496  425.33133  413.33017  417.00068  420.78521  408.99463  412.58821  416.29271  421.40565  425.26802  429.25203  416.94261  420.72325  424.62217  412.53137  416.23207  420.04782  425.20847  429.18827  433.29436  420.66496  424.55977  428.57736  416.17502  419.98676  423.91786
 416.98397  420.76535  424.66506  412.56110  416.26234  420.07864  408.19032  411.81321  415.54800  420.70705  424.60265  428.62105  416.20528  420.01758  423.94926  411.75736  415.48825  419.33520  424.54411  428.55819  432.69978  419.96029  423.88776  427.93915  415.43219  419.27504  423.23831
 416.24594  420.05898  423.99145  411.78651  415.51792  419.36543  407.38114  411.03279  414.79730  420.00169  423.92994  427.98213  415.46186  419.30526  423.26911  410.97793  414.73844  418.61601  423.87236  427.92014  432.09665  419.24893  423.20847  427.29308  414.68333  418.55670  422.55159
 415.50184  419.34598  423.31061  411.00650  414.76753  418.64566  406.56718  410.24704  414.04071  419.28965  423.24996  427.33537  414.71242  418.58634  422.58179  410.19313  413.98269  417.89033  423.19335  427.27424  431.48506  418.53097  422.52201  426.63923  413.92853  417.83187  421.85776
 414.75174  418.62640  422.62262  410.22115  414.01123  417.91941  405.74856  409.45608  413.27834  418.57102  422.56283  426.68085  413.95707  417.86095  421.88740  409.40310  413.22116  417.15827  422.50713  426.62054  430.86508  417.80649  421.82844  425.97770  413.16790  417.10063  421.15695
 413.99575  417.90036  421.92758  409.43057  413.24915  417.18679  404.92538  408.66000  412.51027  417.84589  421.86861  426.01865  413.19588  417.12914  421.18602  408.60791  412.45391  416.41992  421.81382  425.95916  430.23679  417.07558  421.12787  425.30854  412.40154  416.36308  420.44922
 413.23393  417.16792  421.22556  408.63485  412.48136  416.44790  404.09770  407.85887  411.73659  417.11435  421.16739  425.34885  412.42898  416.39105  420.47775  407.80767  411.68102  415.67534  421.11349  425.29016  429.60028  416.33837  420.42039  424.63189  411.62952  415.61929  419.73467
 412.46642  416.42921  420.51665  407.83409  411.70795  415.70280  403.26566  407.05282  410.95741  416.37651  420.45929  424.67157  411.65645  415.64674  419.76267  407.00247  410.90262  414.92467  420.40625  424.61366  428.95565  415.59491  419.70609  423.94779  410.85196  414.86939  419.01341
 411.69328  415.68429  419.80097  407.02839  410.92904  414.95161  402.42933  406.24192  410.17281  415.63245  419.74438  423.98686  410.87837  414.89632  419.04088  406.19240  410.11879  414.16798  419.69218  423.92971  428.30297  414.84532  418.98506  423.25638  410.06896  414.11345  418.28553
 410.91462  414.93328  419.07859  406.21782  410.14470  414.19441  401.58881  405.42627  409.38289  414.88228  419.02275  423.29485  410.09486  414.13987  418.31248  405.37758  409.32961  413.40538  418.97138  423.23843  427.64232  414.08969  418.25739  422.55770  409.28059  413.35157  417.55109
 410.13054  414.17625  418.34960  405.40252  409.35504  413.43132  400.74419  404.60597  408.58775  414.12606  418.29449  422.59558  409.30601  413.37750  417.57755  404.55807  408.53519  412.63693  418.24393  422.53991  426.97381  413.32812  417.52320  421.85189  408.48696  412.58386  416.81022
 409.34113  413.41332  417.61410  404.58254  408.56014  412.66239  399.89557  403.78110  407.78747  413.36393  417.55974  421.88920  408.51191  412.60931  416.83620  403.73399  407.73563  411.86276  417.50996  421.83424  426.29753  412.56070  416.78255  421.13902  407.68817  411.81038  416.06300
 408.54647  412.64456  416.87218  403.75800  407.76012  411.88775  399.04305  402.95180  406.98217  412.59594  416.81852  421.17575  407.71265  411.83537  416.08850  402.90544  406.93103  411.08296  416.76950  421.12150  425.61353  411.78752  416.03556  420.41918  406.88431  411.03128  415.30954
 407.74667  411.87008  416.12394  402.92899  406.95505  411.10747  398.18671  402.11809  406.17190  411.82222  416.07098  420.45535  406.90833  411.05579  415.33456  402.07247  406.12145  410.29759  416.02271  420.40180  424.92195  411.00867  415.28230  419.69246  406.07546  410.24659  414.54989
 406.94183  411.08997  415.36946  402.09559  406.14504  410.32167  397.32665  401.28014  405.35681  411.04285  415.31719  419.72809  406.09904  410.27066  414.57446  401.23523  405.30703  409.50679  415.26966  419.67521  424.22287  410.22427  414.52288  418.95897  405.26176  409.45645  413.78420
 406.13202  410.30433  414.60884  401.25792  405.33017  409.53042  396.46296  400.43798  404.53694  410.25793  414.55724  418.99407  405.28490  409.48008  413.80833  400.39380  404.48782  408.71063  414.51043  418.94185  423.51636  409.43440  413.75739  418.21878  404.44325  408.66094  413.01252
 405.31737  409.51323  413.84219  400.41606  404.51054  408.73382  395.59575  399.59175  403.71243  409.46754  413.79124  418.25336  404.46596  408.68413  413.03621  399.54825  403.66395  407.90921  413.74513  418.20180  422.80253  408.63915  412.98592  417.47199  403.62007  407.86017  412.23498
 404.49794  408.71678  413.06956  399.57009  403.68624  407.93198  394.72508  398.74152  402.88334  408.67179  413.01927  417.50606  403.64236  407.88292  412.25823  398.69870  402.83549  407.10261  412.97384  417.45514  422.08146  407.83862  412.20858  416.71871  402.79228  407.05420  411.45165
 403.67386  407.91509  412.29109  398.72013  402.85738  407.12496  393.85107  397.88738  402.04977  407.87078  412.24144  416.75229  402.81416  407.07655  411.47448  397.84521  402.00255  406.29095  412.19667  416.70199  421.35326  407.03289  411.42544  415.95903  401.95998  406.24314  410.66263
 402.84518  407.10823  411.50685  397.86626  402.02404  406.31290  392.97380  397.02943  401.21184  407.06457  411.45781  415.99211  401.98146  406.26509  410.68505  396.98791  401.16522  405.47432  411.41370  415.94242  420.61801  406.22209  410.63662  415.19303  401.12329  405.42711  409.86802
 402.01203  406.29631  410.71695  397.00856  401.18630  405.49586  392.09335  396.16776  400.36961  406.25330  410.66852  415.22564  401.14437  405.44865  409.89003  396.12687  400.32358  404.65279  410.62506  415.17656  419.87582  405.40629  409.84220  414.42082  400.28229  404.60618  409.06791
 401.17448  405.47941  409.92147  396.14714  400.34428  404.67394  391.20981  395.30245  399.52317  405.43704  409.87363  414.45295  400.30298  404.62733  409.08953  395.26218  399.47773  403.82647  409.83080  414.40447  419.12677  404.58558  409.04229  413.64249  399.43704  403.78043  408.26240
 400.33264  404.65763  409.12051  395.28209  399.49806  403.84724  390.32330  394.43361  398.67264  404.61588  409.07326  413.67416  399.45737  403.80121  408.28363  394.39394  398.62777  402.99546  409.03105  413.62626  418.37096  403.76008  408.23697  412.85814  398.58769  402.95000  407.45159
 399.48660  403.83107  408.31417  394.41348  398.64773  403.01586  389.43388  393.56133  397.81810  403.78994  408.26750  412.88937  398.60765  402.97039  407.47244  393.52226  397.77380  402.15986  408.22588  412.84203  417.60849  402.92985  407.42634  412.06786  397.73430  402.11495  406.63557
 398.63645  402.99983  407.50254  393.54143  397.79339  402.17988  388.54164  392.68568  396.95964  402.95928  407.45643  412.09864  397.75388  402.13497  406.65604  392.64718  396.91588  401.31972  407.41541  412.05187  416.83945  402.09501  406.61049  411.27175  396.87696  401.27537  405.81442
 397.78227  402.16398  406.68571  392.66601  396.93513  401.33940  387.64667  391.80676  396.09735  402.12402  406.64016  411.30210  396.89620  401.29504  405.83454  391.76883  396.05414  400.47519  406.59972  411.25587  416.06394  401.25565  405.78953  410.46991  396.01577  400.43136  404.98826
 396.92416  401.32362  405.86377  391.78733  396.07304  400.49451  386.74907  390.92468  395.23133  401.28423  405.81876  410.49981  396.03467  400.45068  405.00802  390.88730  395.18864  399.62633  405.77889  410.45414  415.28203  400.41186  404.96356  409.66241  395.15084  399.58304  404.15716
 396.06222  400.47885  405.03684  390.90544  395.20719  399.64530  385.84891  390.03948  394.36165  400.44003  404.99237  409.69189  395.16938  399.60200  404.17656  390.00266  394.31950  398.77323  404.95304  409.64675  414.49386  399.56372  404.13262  408.84937  394.28221  398.73046  403.32124
 395.19655  399.62979  404.20498  390.02048  394.33771  398.79186  384.94628  389.15131  393.48842  399.59150  404.16104  408.87846  394.30043  398.74908  403.34029  389.11500  393.44677  397.91601  404.12227  408.83383  413.69952  398.71135  403.29686  408.03089  393.41004  397.87374  402.48058
 394.32720  398.77647  403.36831  389.13249  393.46466  397.93431  384.04127  388.26020  392.61173  398.73873  403.32487  408.05956  393.42792  397.89203  402.49930  388.22442  392.57058  397.05474  403.28663  408.01546  412.89907  397.85481  402.45638  407.20705  392.53435  397.01298  401.63527
 393.45431  397.91903  402.52692  388.24161  392.58815  397.07271  383.13396  387.36627  391.73166  397.88180  402.48400  407.23533  392.55192  397.03095  401.65366  387.33099  391.69101  396.18950  402.44629  407.19172  412.09264  396.99425  401.61124  406.37796  391.65529  396.14823  400.78541
 392.57793  397.05756  401.68089  387.34786  391.70826  396.20716  382.22442  386.46961  390.84829  397.02085  401.63847  406.40584  391.67254  396.16588  400.80347  386.43483  390.80813  395.32042  401.60126  406.36273  411.28033  396.12969  400.76154  405.54371  390.77291  395.27963  399.93110
 391.69819  396.19213  400.83034  386.45140  390.82508  395.33776  381.31278  385.57028  389.96175  396.15592  400.78840  405.57121  390.78985  395.29696  399.94885  385.53599  389.92205  394.44757  400.75171  405.52858  410.46221  395.26127  399.90739  404.70438  389.88732  394.40724  399.07242
 390.81513  395.32283  399.97533  385.55226  389.93869  394.46460  380.39906  384.66837  389.07207  395.28713  399.93387  404.73150  389.90396  394.42427  399.08985  384.63457  389.03284  393.57101  399.89767  404.68937  409.63840  394.38907  399.04889  403.86010  388.99859  393.53117  398.20947
 389.92889  394.44978  399.11597  384.65056  389.04919  393.58775  379.48340  383.76399  388.17937  394.41458  399.07501  403.88685  389.01494  393.54791  398.22661  383.73066  388.14062  392.69089  399.03928  403.84519  408.80900  393.51316  398.18610  403.01094  388.10682  392.65150  397.34236
 389.03952  393.57306  398.25237  383.74636  388.15668  392.70733  378.56584  382.85722  387.28375  393.53831  398.21185  403.03732  388.12288  392.66794  397.35919  382.82434  387.24544  391.80727  398.17661  402.99611  407.97409  392.63367  397.31914  402.15701  387.21211  391.76833  396.47117
 388.14711  392.69274  397.38459  382.83976  387.26122  391.82342  377.64647  381.94812  386.38527  392.65846  397.34453  402.18303  387.22788  391.78448  396.48771  381.91569  386.34740  390.92024  397.30976  402.14228  407.13377  391.75067  396.44810  401.29838  386.31453  390.88174  395.59596
 387.25178  391.80894  396.51276  381.93084  386.36290  390.93611  376.72539  381.03678  385.48404  391.77513  396.47315  401.32405  386.33003  390.89761  395.61222  381.00481  385.44661  390.02988  396.43883  401.28376  406.28816  390.86424  395.57307  400.43518  385.41417  389.99183  394.71689
 386.35359  390.92173  395.63692  381.01967  385.46182  390.04545  375.80265  380.12330  384.58011  390.88836  395.59777  400.46050  385.42938  390.00740  394.73284  380.09175  384.54312  389.13630  395.56390  400.42065  405.43734  389.97448  394.69413  399.56748  384.51112  389.09867  393.83399
 385.45262  390.03120  394.75722  380.10636  384.55807  389.15161  374.87834  379.20774  383.67361  389.99828  394.71850  399.59246  384.52606  389.11398  393.84967  379.17662  383.63703  388.23956  394.68507  399.55304  404.58141  389.08149  393.81139  398.69539  383.60545  388.20236  392.94739
 384.54898  389.13745  393.87372  379.19097  383.65172  388.25461  373.95256  378.29021  382.76459  389.10495  393.83543  398.72003  383.62013  388.21740  392.96280  378.25950  382.72843  387.33979  393.80243  398.68104  403.72046  388.18534  392.92493  397.81899  382.69727  387.30300  392.05716
 383.64274  388.24055  392.98652  378.27359  382.74286  387.35457  373.02535  377.37075  381.85315  388.20849  392.94865  397.84330  382.71170  387.31778  392.07231  377.34046  381.81740  386.43704  392.91607  397.80474  402.85460  387.28612  392.03486  396.93838  381.78664  386.40066  391.16340
 382.73400  387.34062  392.09571  377.35430  381.83157  386.45156  372.09682  376.44948  380.93938  387.30896  392.05826  396.96237  381.80081  386.41517  391.17827  376.41958  380.90402  385.53141  392.02610  396.92423  401.98393  386.38393  391.14124  396.05366  380.87367  385.49544  390.26621
 381.82281  386.43771  391.20136  376.43318  380.91795  385.54568  371.16701  375.52645  380.02334  386.40646  391.16433  396.07733  380.88759  385.50970  390.28082  375.49695  379.98838  384.62300  391.13258  396.03960  401.10854  385.47886  390.24418  395.16494  379.95842  384.58741  389.36567
 380.90928  385.53193  390.30360  375.51030  380.00206  384.63701  370.23603  374.60176  379.10513  385.50109  390.26696  395.18829  379.97210  384.60142  389.38003  374.57265  379.07056  383.71188  390.23562  395.15094  400.22851  384.57098  389.34377  394.27226  379.04099  383.67668  388.46185
 379.99350  384.62335  389.40250  374.58576  379.08399  383.72564  369.30394  373.67547  378.18483  384.59291  389.36624  394.29530  379.05442  383.69043  388.47595  373.64673  378.15063  382.79812  389.33530  394.25837  399.34397  383.66038  388.44010  393.37576  378.12144  382.76331  387.55488
 379.07553  383.71207  388.49813  373.65963  378.16384  382.81166  368.37081  372.74767  377.26251  383.68201  388.46227  393.39851  378.13464  382.77684  387.56875  372.71930  377.22870  381.88185  388.43172  393.36195  398.45498  382.74717  387.53327  392.47554  377.19988  381.84741  386.64482
 378.15547  382.79818  387.59063  372.73196  377.24166  381.89514  367.43670  371.81842  376.33827  382.76851  387.55515  392.49797  377.21284  381.86069  386.65844  371.79043  376.30482  380.96311  387.52497  392.46181  397.56167  381.83139  386.62334  391.57164  376.27636  380.92904  385.73175
 377.23339  381.88175  386.68003  371.80287  376.31756  380.97618  366.50171  370.88782  375.41216  381.85245  386.64492  391.59378  376.28911  380.94210  385.74514  370.86018  375.37907  380.04200  386.61512  391.55800  396.66412  380.91317  385.71042  390.66420  375.35099  380.00830  384.81578
 376.30938  380.96287  385.76644  370.87240  375.39159  380.05484  365.56590  369.95593  374.48429  380.93394  385.73172  390.68605  375.36350  380.02113  384.82894  369.92865  374.45157  379.11862  385.70228  390.65064  395.76243  379.99256  384.79459  389.75329  374.42382  379.08527  383.89700
 375.38351  380.04164  384.84997  369.94066  374.46387  379.13123  364.62935  369.02284  373.55473  380.01306  384.81561  389.77486  374.43612  379.09788  383.90994  368.99589  373.52236  378.19303  384.78653  389.73982  394.85669  379.06965  383.87594  388.83901  373.49495  378.16004  382.97549
 374.45586  379.11812  383.93069  369.00769  373.53444  378.20542  363.69209  368.08860  372.62354  379.08989  383.89669  388.86030  373.50703  378.17242  382.98819  368.06198  372.59151  377.26531  383.86796  388.82562  393.94700  378.14455  382.95455  387.92145  372.56445  377.23267  382.05132
 373.52652  378.19240  383.00868  368.07357  372.60339  377.27749  362.75424  367.15329  371.69082  378.16452  382.97503  387.94247  372.57633  377.24484  382.06381  367.12701  371.65913  376.33557  382.94666  387.90814  393.03346  377.21731  382.03051  387.00069  371.63241  376.30327  381.12460
 372.59555  377.26454  382.08402  367.13840  371.67080  376.34753  361.81584  366.21699  370.75664  377.23701  382.05072  387.02143  371.64408  376.31522  381.13687  366.19105  370.72528  375.40385  382.02268  386.98745  392.11614  376.28802  381.10392  386.07683  370.69889  375.37189  380.19539
 371.66305  376.33468  381.15682  366.20223  370.73675  375.41561  360.87697  365.27978  369.82107  376.30747  381.12386  386.09731  370.71035  375.38364  380.20745  365.25415  369.79005  374.47027  381.09617  386.06368  391.19517  375.35677  380.17484  385.14997  369.76397  374.43864  379.26381
 370.72907  375.40284  380.22715  365.26513  369.80131  374.48182  359.93768  364.34170  368.88418  375.37597  380.19453  385.17018  369.77523  374.45019  379.27566  364.31639  368.85349  373.53489  380.16717  385.13689  390.27062  374.42365  379.24338  384.22018  368.82773  373.50358  378.32991
 369.79370  374.46913  379.29509  364.32719  368.86456  373.54624  358.99806  363.40285  367.94607  374.44259  379.26281  384.24012  368.83880  373.51493  378.34156  363.37786  367.91569  372.59779  379.23577  384.20717  389.34258  373.48870  378.30961  383.28755  367.89025  372.56680  377.39379
 368.85704  373.53363  378.36075  363.38847  367.92657  372.60894  358.05816  362.46330  367.00679  373.50740  378.32880  383.30725  367.90112  372.57796  377.40524  362.43860  366.97673  371.65905  378.30208  383.27462  388.41116  372.55204  377.37361  382.35218  366.95159  371.62837  376.45554
 367.91912  372.59641  377.42418  362.44902  366.98741  371.67000  357.11804  361.52310  366.06643  372.57050  377.39254  382.37161  366.96227  371.63933  376.46678  361.49870  366.03667  370.71874  377.36614  382.33931  387.47644  371.61372  376.43546  381.41413  366.01183  370.68838  375.51521
 366.98003  371.65754  376.48547  361.50894  366.04716  370.72950  356.17778  360.58232  365.12504  371.63194  376.45416  381.43332  366.02232  370.69914  375.52626  360.55822  365.09558  369.77695  376.42806  381.40135  386.53852  370.67384  375.49527  380.47353  365.07104  369.74690  374.57293
 366.03985  370.71713  375.54472  360.56828  365.10589  369.78752  355.23742  359.64104  364.18270  370.69182  375.51373  380.49248  365.08135  369.75748  374.58378  359.61722  364.15355  368.83375  375.48793  380.46082  385.59749  369.73247  374.55309  379.53044  364.12930  368.80400  373.62873
 365.09866  369.77523  374.60200  359.62710  364.16369  368.84414  354.29704  358.69932  363.23949  369.75022  374.57131  379.54914  364.13943  368.81439  373.63940  358.67579  363.21064  367.88921  374.54581  379.51779  384.65343  368.78967  373.60901  378.58493  363.18667  367.85975  372.68272
 364.15652  368.83192  373.65739  358.68549  363.22059  367.89942  353.35670  357.75723  362.29548  368.80720  373.62701  378.60341  363.19662  367.86997  372.69320  357.73397  362.26692  366.94341  373.60180  378.57236  383.70644  367.84553  372.66312  377.63712  362.24322  366.91425  371.73498
 363.21349  367.88727  372.71097  357.74350  362.27669  366.95344  352.41646  356.81482  361.35073  367.86284  372.68088  377.65536  362.25300  366.92428  371.74527  356.79183  361.32245  365.99642  372.65597  377.62462  382.75661  366.90013  371.71548  376.68706  361.29903  365.96755  370.78557
 362.26966  366.94137  371.76281  356.80121  361.33206  366.00629  351.47637  355.87217  360.40532  366.91722  371.73303  376.70508  361.30864  365.97741  370.79569  355.84945  360.37732  365.04833  371.70840  376.67464  381.80403  365.95354  370.76620  375.73488  360.35417  365.01975  369.83460
 361.32509  365.99429  370.81301  355.85866  360.38677  365.05803  350.53650  354.92934  359.45930  365.97041  370.78352  375.75266  360.36362  365.02944  369.84455  354.90689  359.43159  364.09920  370.75917  375.72252  380.84879  365.00584  369.81535  374.78063  359.40870  364.07090  368.88212
 360.37985  365.04610  369.86165  354.91594  359.44087  364.10873  349.59691  353.98639  358.51276  365.02249  369.83244  374.79819  359.41799  364.08042  368.89190  353.96420  358.48532  363.14910  369.80836  374.76833  379.89097  364.05708  368.86297  373.82438  358.46269  363.12107  367.92821
 359.43401  364.09687  368.90878  353.97309  358.49444  363.15846  348.65764  353.04339  357.56576  364.07352  368.87985  373.84172  358.47181  363.13042  367.93782  353.02144  357.53858  362.19810  368.85605  373.81214  378.93067  363.10736  367.90917  372.86624  357.51621  362.17034  366.97296
 358.48763  363.14666  367.95449  353.03018  357.54754  362.20730  347.71877  352.10038  356.61835  363.12359  367.92584  372.88336  357.52518  362.17954  366.98241  352.07870  356.59143  361.24629  367.90230  372.85407  377.96795  362.15673  366.95404  371.90628  356.56932  361.21879  366.01644
 357.54080  362.19557  366.99887  352.08729  356.60025  361.25533  346.78035  351.15744  355.67061  362.17276  366.97049  371.92318  356.57813  361.22783  366.02572  351.13600  355.64396  360.29370  366.94721  371.89417  377.00293  361.20527  365.99761  370.94458  355.62209  360.26647  365.05871
 356.59356  361.24366  366.04197  351.14444  355.65262  360.30260  345.84243  350.21464  354.72260  361.22110  366.01386  370.96127  355.63075  360.27536  365.06783  350.19344  354.69621  359.34044  365.99084  370.93253  376.03568  360.25306  365.04000  369.98123  354.67459  359.31348  364.09987
 355.64599  360.29100  365.08389  350.20173  354.70471  359.34917  344.90505  349.27201  353.77438  360.26869  365.05605  369.99771  354.68309  359.32220  364.10883  349.25104  353.74824  358.38656  365.03329  369.96925  375.06630  359.30015  364.08126  369.01629  353.72687  358.35985  363.13998
 354.69814  359.33765  364.12469  349.25920  353.75661  358.39515  343.96829  348.32963  352.82603  359.31559  364.09712  369.03258  353.73523  358.36844  363.14879  348.30890  352.80015  357.43214  364.07459  369.00437  374.09485  358.34661  363.12148  368.04986  352.77899  357.40568  362.17911
 353.75008  358.38368  363.16445  348.31690  352.80836  357.44057  343.03220  347.38754  351.87760  358.36186  363.13713  368.06594  352.78721  357.41411  362.18776  347.36704  351.85195  356.47723  363.11484  368.03799  373.12143  357.39252  362.16070  367.08200  351.83103  356.45101  361.21733
 352.80189  357.42918  362.20324  347.37490  351.86002  356.48551  342.09681  346.44582  350.92914  357.40759  362.17617  367.09789  351.83910  356.45930  361.22584  346.42553  350.90374  355.52190  362.15413  367.07021  372.14613  356.43794  361.19904  366.11279  350.88305  355.49594  360.25472
 351.85361  356.47418  361.24112  346.43327  350.91167  355.53005  341.16219  345.50450  349.98073  356.45283  361.21432  366.12849  350.89098  355.50408  360.26309  345.48444  349.95557  354.56622  361.19251  366.10107  371.16901  355.48295  360.23654  365.14232  349.93509  354.54050  359.29135
 350.90530  355.51878  360.27818  345.49204  349.96337  354.57423  340.22839  344.56366  349.03242  355.49765  360.25162  365.15782  349.94289  354.54851  359.29957  344.54381  349.00750  353.61026  360.23004  365.13065  370.19016  354.52760  359.27326  364.17066  348.98724  353.58478  358.32730
 349.95703  354.56302  359.31448  344.55129  349.01517  353.61813  339.29546  343.62333  348.08427  354.54211  359.28817  364.18597  348.99491  353.59265  358.33538  343.60370  348.05958  352.65407  359.26682  364.15904  369.20968  353.57197  358.30931  363.19789  348.03954  352.62882  357.36261
 349.00887  353.60698  358.35010  343.61104  348.06711  352.66181  338.36344  342.68359  347.13634  353.58630  358.32403  363.21302  348.04708  352.63656  357.37055  342.66416  347.11188  351.69773  358.30291  363.18633  368.22763  352.61610  357.34472  362.22407  347.09206  351.67271  356.39737
 348.06087  352.65072  357.38510  342.67138  347.11928  351.70534  337.43239  341.74447  346.18870  352.63027  357.35926  362.23901  347.09946  351.68031  356.40517  341.72526  346.16446  350.74130  357.33836  362.21257  367.24410  351.66007  356.37957  361.24927  346.14484  350.71651  355.43164
 347.11309  351.69431  356.41955  341.73235  346.17173  350.74877  336.50236  340.80603  345.24138  351.67406  356.39395  361.26403  346.15211  350.72398  355.43931  340.78702  345.21735  349.78482  356.37326  361.23783  366.25916  350.70395  355.41395  360.27358  345.19795  349.76026  354.46549
 346.16558  350.73780  355.45351  340.79399  345.22451  349.79216  335.57338  339.86833  344.29445  350.71776  355.42814  360.28817  345.20510  349.76760  354.47303  339.84952  344.27065  348.82838  355.40767  360.26219  365.27290  349.74777  354.44789  359.29707  344.25144  348.80403  353.49900
 345.21840  349.78125  354.48705  339.85638  344.27768  348.83560  334.64551  338.93141  343.34796  349.76142  354.46191  359.31148  344.25847  348.81125  353.50641  338.91280  343.32438  347.87202  354.44165  359.28574  364.28538  348.79163  353.48150  358.31982  343.30537  347.84790  352.53220
 344.27161  348.82474  353.52027  338.91954  343.33129  347.87912  333.71878  337.99533  342.40199  348.80512  353.49535  358.33405  343.31228  347.85499  352.53949  337.97691  342.37861  346.91581  353.47529  358.30854  363.29671  347.83557  352.51480  357.34188  342.35979  346.89190  351.56519
 343.32526  347.86832  352.55318  337.98352  342.38540  346.92278  332.79327  337.06013  341.45656  347.84889  352.52848  357.35594  342.36658  346.89887  351.57236  337.04190  341.43340  345.95982  352.50863  357.33065  362.30693  346.87965  351.54788  356.36332  341.41477  345.93611  350.59802
 342.37941  346.91204  351.58588  337.04840  341.44007  345.96667  331.86898  336.12586  340.51175  346.89281  351.56140  356.37721  341.42145  345.94297  350.60506  336.10781  340.48878  345.00407  351.54174  356.35214  361.31614  345.92393  350.58080  355.38423  340.47034  344.98058  349.63075
 341.43412  345.95598  350.61842  336.11420  340.49534  345.01080  330.94599  335.19258  339.56759  345.93693  350.59416  355.39795  340.47690  344.98731  349.63767  335.17470  339.54483  344.04866  350.57470  355.37311  360.32441  344.96847  349.61362  354.40464  339.52658  344.02537  348.66345
 340.48942  345.00017  349.65088  335.18098  339.55128  344.05528  330.02431  334.26032  338.62414  344.98133  349.62682  354.41822  339.53303  344.03199  348.67024  334.24263  338.60158  343.09361  349.60755  354.39359  359.33180  344.01333  348.64641  353.42468  338.58351  343.07053  347.69618
 339.54540  344.04469  348.68329  334.24880  338.60792  343.10012  329.10402  333.32913  337.68145  344.02603  348.65945  353.43808  338.58984  343.07704  347.70286  333.31161  337.65910  342.13901  348.64037  353.41366  358.33840  343.05856  347.67922  352.44436  337.64120  342.11612  346.72898
 338.60207  343.08959  347.71575  333.31769  337.66533  342.14541  328.18513  332.39906  336.73959  343.07112  347.69211  352.45761  337.64744  342.12252  346.73556  332.38172  336.71742  341.18489  347.67322  352.43340  357.34427  342.10424  346.71213  351.46378  336.69970  341.16220  345.76194
 337.65952  342.13493  346.74830  332.38769  336.72354  341.19118  327.26769  331.47016  335.79858  342.11664  346.72486  351.47687  336.70583  341.16850  345.76840  331.45299  335.77661  340.23132  346.70615  351.45287  356.34950  341.15038  345.74518  350.48299  335.75906  340.20883  344.79512
 336.71777  341.18075  345.78099  331.45886  335.78263  340.23750  326.35175  330.54246  334.85849  341.16263  345.75776  350.49592  335.76508  340.21501  344.80146  330.52546  334.83670  339.27834  345.73923  350.47212  355.35415  340.19707  344.77843  349.50206  334.81932  339.25604  343.82856
 335.77688  340.22712  344.81391  330.53123  334.84262  339.28442  325.43733  329.61602  333.91935  340.20918  344.79087  349.51484  334.82524  339.26212  343.83480  329.59918  333.89775  338.32602  344.77252  349.49123  354.35828  339.24436  343.81195  348.52104  333.88054  338.30390  342.86232
 334.83690  339.27409  343.84709  329.60485  333.90357  338.33200  324.52449  328.69088  332.98123  339.25632  343.82425  348.53368  333.88636  338.30988  342.86845  328.67420  332.95980  337.37440  343.80607  348.51026  353.36197  338.29228  342.84580  347.54001  332.94276  337.35246  341.89645
 333.89789  338.32171  342.88061  328.67978  332.96552  337.38027  323.61326  327.76706  332.04415  338.30411  342.85795  347.55250  332.94848  337.35833  341.90249  327.75055  332.02290  336.42352  342.83995  347.52929  352.36530  337.34091  341.88003  346.55903  332.00602  336.40177  340.93103
 332.95987  337.37003  341.91450  327.75603  332.02853  336.42930  322.70367  326.84463  331.10817  337.35261  341.89204  346.57138  332.01165  336.40755  340.93697  326.82827  331.08711  335.47345  341.87421  346.54836  351.36833  336.39028  340.91469  345.57816  331.07038  335.45189  339.96611
 332.02292  336.41912  340.94885  326.83367  331.09264  335.47914  321.79576  325.92362  330.17334  336.40185  340.92657  345.59037  331.07591  335.45757  339.97195  325.90741  330.15245  334.52425        nan        nan        nan        nan        nan        nan        nan        nan        nan
