       nan        nan        nan        nan        nan        nan        nan        nan        nan  370.86667        nan        nan        nan        nan        nan        nan        nan        nan  370.90634  371.49756        nan        nan        nan        nan        nan        nan        nan
 370.82258        nan        nan  370.30177        nan        nan        nan        nan        nan  370.86224  371.45332        nan  370.34131  370.93074        nan        nan        nan        nan  370.94163  371.53787  372.03252  370.42048  371.01505  371.50831        nan        nan        nan
 370.77397  371.36478        nan  370.24616  370.83528        nan  369.81102  370.39876        nan  370.85332  371.44929  371.94370  370.32529  370.91955  371.41255  369.88997  370.48283  370.97467  370.97251  371.57625  372.08389  370.44413  371.04615  371.55234  370.00853  370.60913  371.11413
 370.72068  371.31622  371.81027  370.18232  370.77613  371.26875  369.72901  370.32136  370.81278  370.83978  371.44308  371.95036  370.30108  370.90263  371.40843  369.84747  370.44755  370.95211  370.99890  371.61256  372.13690  370.45973  371.07161  371.59442  370.00574  370.61612  371.13765
 370.66251  371.26524  371.77203  370.11008  370.71101  371.21629  369.63384  370.23323  370.73720  370.82148  371.43456  371.95839  370.26857  370.87982  371.40209  369.79193  370.40160  370.92252  371.02066  371.64668  372.19101  370.46716  371.09131  371.63402  369.99000  370.61255  371.15385
 370.59928  371.21163  371.73483  370.02937  370.63983  371.16142  369.52625  370.13505  370.65522  370.79822  371.42349  371.96717  370.22770  370.85104  371.39304  369.72404  370.34569  370.88621  371.03763  371.67838  372.24557  370.46637  371.10514  371.67058  369.96206  370.59909  371.16300
 370.53076  371.15512  371.69801  369.94014  370.56252  371.10368  369.40695  370.02753  370.56713  370.76982  371.40964  371.97601  370.17845  370.81622  371.38079  369.64457  370.28050  370.84344  371.04962  371.70736  372.29990  370.45736  371.11299  371.70364  369.92267  370.57642  371.16536
 370.45677  371.09550  371.66092  369.84249  370.47911  371.04264  369.27663  369.91130  370.47311  370.73610  371.39273  371.98427  370.12090  370.77534  371.36491  369.55418  370.20662  370.79439  371.05647  371.73337  372.35337  370.44021  371.11485  371.73279  369.87252  370.54510  371.16114
 370.37717  371.03252  371.62291  369.73651  370.38960  370.97794  369.13594  369.78690  370.37333  370.69692  371.37251  371.99130  370.05516  370.72840  371.34505  369.45355  370.12461  370.73925  371.05802  371.75611  372.40536  370.41501  371.11068  371.75767  369.81223  370.50564  371.15052
 370.29181  370.96592  371.58336  369.62240  370.29407  370.90927  368.98547  369.65483  370.26791  370.65213  371.34869  371.99651  369.98141  370.67545  371.32092  369.34325  370.03489  370.67814  371.05412  371.77527  372.45528  370.38195  371.10048  371.77803  369.74240  370.45846  371.13365
 370.20063  370.89549  371.54173  369.50034  370.19258  370.83637  368.82576  369.51546  370.15690  370.60164  371.32103  371.99938  369.89984  370.61650  371.29228  369.22379  369.93784  370.61114  371.04463  371.79058  372.50264  370.34115  371.08427  371.79363  369.66350  370.40389  371.11065
 370.10355  370.82101  371.49753  369.37057  370.08518  370.75902  368.65725  369.36910  370.04033  370.54536  371.28929  371.99944  369.81062  370.55160  371.25893  369.09560  369.83372  370.53831  371.02949  371.80179  372.54699  370.29284  371.06207  371.80430  369.57595  370.34221  371.08156
 370.00052  370.74227  371.45032  369.23326  369.97192  370.67704  368.48037  369.21602  369.91825  370.48323  371.25326  371.99626  369.71396  370.48079  371.22070  368.95912  369.72281  370.45969  371.00859  371.80866  372.58793  370.23715  371.03389  371.80991  369.48016  370.27365  371.04649
 369.89154  370.65911  371.39973  369.08863  369.85287  370.59027  368.29549  369.05644  369.79066  370.41522  371.21273  371.98950  369.61005  370.40409  371.17748  368.81466  369.60529  370.37534  370.98189  371.81099  372.62511  370.17425  370.99974  371.81031  369.37643  370.19837  371.00544
 369.77659  370.57135  371.34543  368.93690  369.72805  370.49861  368.10294  368.89051  369.65758  370.34130  371.16754  371.97884  369.49904  370.32152  371.12913  368.66254  369.48130  370.28524  370.94933  371.80860  372.65824  370.10431  370.95967  371.80543  369.26506  370.11655  370.95846
 369.65570  370.47887  371.28717  368.77821  369.59748  370.40193  367.90299  368.71838  369.51900  370.26147  371.11756  371.96404  369.38111  370.23313  371.07558  368.50304  369.35100  370.18944  370.91090  371.80135  372.68710  370.02746  370.91366  371.79518  369.14631  370.02829  370.90560
 369.52886  370.38156  371.22469  368.61276  369.46124  370.30017  367.69591  368.54017  369.37492  370.17573  371.06264  371.94487  369.25642  370.13893  371.01676  368.33637  369.21448  370.08793  370.86658  371.78908  372.71143  369.94384  370.86175  371.77950  369.02036  369.93369  370.84685
 369.39611  370.27929  371.15779  368.44069  369.31930  370.19325  367.48193  368.35597  369.22535  370.08405  371.00266  371.92111  369.12507  370.03892  370.95260  368.16275  369.07183  369.98074  370.81631  371.77167  372.73106  369.85354  370.80394  371.75833  368.88742  369.83286  370.78225
 369.25747  370.17197  371.08631  368.26213  369.17170  370.08110  367.26123  368.16585  369.07030  369.98646  370.93755  371.89262  368.98719  369.93314  370.88305  367.98235  368.92315  369.86786  370.76013  371.74905  372.74582  369.75668  370.74025  371.73162  368.74765  369.72585  370.71179
 369.11296  370.05955  371.01011  368.07719  369.01848  369.96368  367.03398  367.96993  368.90977  369.88297  370.86722  371.85926  368.84289  369.82160  370.80805  367.79534  368.76849  369.74932  370.69803  371.72112  372.75559  369.65337  370.67068  371.69931  368.60121  369.61274  370.63549
 368.96261  369.94195  370.92904  367.88602  368.85964  369.84096  366.80036  367.76825  368.74376  369.77361  370.79159  371.82088  368.69229  369.70431  370.72757  367.60188  368.60792  369.62511  370.63000  371.68778  372.76023  369.54367  370.59525  371.66139  368.44822  369.49357  370.55338
 368.80647  369.81912  370.84302  367.68870  368.69522  369.71289  366.56052  367.56086  368.57228  369.65837  370.71061  371.77742  368.53545  369.58129  370.64160  367.40207  368.44148  369.49526  370.55605  371.64899  372.75964  369.42767  370.51395  371.61782  368.28881  369.36840  370.46544
 368.64454  369.69100  370.75194  367.48532  368.52521  369.57946  366.31457  367.34783  368.39534  369.53729  370.62422  371.72874  368.37246  369.45254  370.55008  367.19606  368.26924  369.35975  370.47617  371.60469  372.75373  369.30542  370.42681  371.56857  368.12306  369.23727  370.37169
 368.47688  369.55758  370.65574  367.27600  368.34965  369.44063  366.06263  367.12918  368.21294  369.41038  370.53240  371.67481  368.20340  369.31810  370.45302  366.98391  368.09122  369.21861  370.39039  371.55485  372.74243  369.17702  370.33384  371.51363  367.95108  369.10022  370.27215
 368.30351  369.41881  370.55435  367.06076  368.16854  369.29639  365.80481  366.90501  368.02513  369.27765  370.43511  371.61554  368.02833  369.17796  370.35038  366.76577  367.90751  369.07186  370.29872  371.49939  372.72567  369.04249  370.23502  371.45295  367.77297  368.95730  370.16682
 368.12444  369.27467  370.44770  366.83973  367.98193  369.14675  365.54121  366.67533  367.83188  369.13913  370.33229  371.55086  367.84734  369.03214  370.24216  366.54169  367.71809  368.91949  370.20114  371.43831  372.70336  368.90192  370.13040  371.38654  367.58879  368.80853  370.05569
 367.93974  369.12514  370.33576  366.61295  367.78981  368.99167  365.27193  366.44017  367.63322  368.99485  370.22395  371.48073  367.66045  368.88067  370.12833  366.31176  367.52303  368.76150  370.09769  371.37157  372.67549  368.75532  370.01997  371.31439  367.39861  368.65394  369.93881
 367.74941  368.97022  370.21848  366.38050  367.59222  368.83116  364.99702  366.19959  367.42915  368.84481  370.11007  371.40512  367.46775  368.72356  370.00891  366.07606  367.32236  368.59795  369.98838  371.29915  372.64199  368.60279  369.90374  371.23649  367.20251  368.49358  369.81616
 367.55349  368.80989  370.09584  366.14242  367.38918  368.66523  364.71659  365.95364  367.21972  368.68906  369.99062  371.32399  367.26928  368.56082  369.88388  365.83468  367.11613  368.42883  369.87323  371.22103  372.60283  368.44433  369.78172  371.15281  367.00055  368.32746  369.68777
 367.35202  368.64414  369.96780  365.89879  367.18069  368.49385  364.43073  365.70235  367.00494  368.52760  369.86559  371.23731  367.06507  368.39245  369.75324  365.58766  366.90435  368.25415  369.75223  371.13719  372.55797  368.27999  369.65393  371.06334  366.79280  368.15564  369.55364
 367.14501  368.47297  369.83435  365.64966  366.96681  368.31706  364.13947  365.44574  366.78480  368.36046  369.73499  371.14503  366.85522  368.21852  369.61700  365.33507  366.68708  368.07392  369.62541  371.04763  372.50738  368.10984  369.52039  370.96813  366.57930  367.97812  369.41378
 366.93250  368.29638  369.69545  365.39508  366.74754  368.13484  363.84291  365.18387  366.55935  368.18765  369.59881  371.04716  366.63972  368.03901  369.47514  365.07697  366.46434  367.88818  369.49278  370.95231  372.45104  367.93388  369.38109  370.86713  366.36010  367.79494  369.26821
 366.71453  368.11439  369.55111  365.13509  366.52290  367.94720  363.54109  364.91678  366.32861  368.00922  369.45702  370.94367  366.41863  367.85393  369.32768  364.81343  366.23615  367.69694  369.35436  370.85125  372.38893  367.75215  369.23606  370.76034  366.13527  367.60614  369.11696
 366.49112  367.92698  369.40131  364.86976  366.29293  367.75417  363.23408  364.64449  366.09258  367.82516  369.30967  370.83455  366.19201  367.66333  369.17463  364.54448  366.00256  367.50021  369.21018  370.74444  372.32101  367.56473  369.08532  370.64778  365.90485  367.41171  368.96000
 366.26228  367.73417  369.24605  364.59912  366.05764  367.55574  362.92194  364.36705  365.85131  367.63553  369.15671  370.71977  365.95990  367.46721  369.01597  364.27021  365.76360  367.29801  369.06023  370.63186  372.24728  367.37161  368.92887  370.52944  365.66889  367.21172  368.79739
 366.02809  367.53597  369.08531  364.32323  365.81706  367.35191  362.60473  364.08448  365.60480  367.44033  368.99818  370.59935  365.72232  367.26560  368.85173  363.99063  365.51930  367.09036  368.90454  370.51355  372.16773  367.17284  368.76674  370.40533  365.42742  367.00617  368.62912
 365.78855  367.33239  368.91910  364.04212  365.57123  367.14273  362.28252  363.79684  365.35310  367.23960  368.83408  370.47327  365.47932  367.05852  368.68194  363.70583  365.26971  366.87730  368.74313  370.38947  372.08236  366.96845  368.59894  370.27546  365.18051  366.79512  368.45524
 365.54368  367.12344  368.74743  363.75585  365.32016  366.92820  361.95533  363.50416  365.09622  367.03334  368.66440  370.34152  365.23094  366.84599  368.50657  363.41582  365.01483  366.65883  368.57603  370.25963  371.99112  366.75849  368.42549  370.13983  364.92819  366.57856  368.27571
 365.29354  366.90915  368.57030  363.46445  365.06388  366.70833  361.62323  363.20647  364.83419  366.82161  368.48919  370.20412  364.97722  366.62804  368.32565  363.12069  364.75471  366.43498  368.40324  370.12405  371.89405  366.54296  368.24639  369.99843  364.67050  366.35653  368.09059
 365.03814  366.68950  368.38769  363.16799  364.80244  366.48315  361.28629  362.90381  364.56703  366.60439  368.30840  370.06103  364.71820  366.40468  368.13920  362.82045  364.48938  366.20577  368.22477  369.98272  371.79110  366.32192  368.06170  369.85130  364.40748  366.12908  367.89990
 364.77752  366.46455  368.19964  362.86647  364.53583  366.25266  360.94453  362.59621  364.29478  366.38176  368.12211  369.91230  364.45391  366.17595  367.94722  362.51516  364.21889  365.97123  368.04069  369.83567  371.68232  366.09539  367.87140  369.69844  364.13918  365.89622  367.70364
 364.51170  366.23430  368.00613  362.55996  364.26412  366.01689  360.59802  362.28373  364.01746  366.15370  367.93028  369.75791  364.18439  365.94186  367.74974  362.20487  363.94325  365.73138  367.85097  369.68288  371.56766  365.86340  367.67553  369.53984  363.86564  365.65798  367.50184
 364.24073  365.99875  367.80718  362.24850  363.98730  365.77587  360.24679  361.96638  363.73509  365.92026  367.73295  369.59785  363.90967  365.70245  367.54676  361.88961  363.66249  365.48624  367.65564  369.52438  371.44715  365.62599  367.47410  369.37554  363.58689  365.41439  367.29452
 363.96463  365.75795  367.60282  361.93214  363.70543  365.52961  359.89091  361.64422  363.44772  365.68147  367.53014  369.43216  363.62981  365.45775  367.33832  361.56945  363.37667  365.23584  367.45475  369.36017  371.32078  365.38320  367.26715  369.20554  363.30298  365.16548  367.08169
 363.68343  365.51190  367.39304  361.61090  363.41854  365.27814  359.53043  361.31728  363.15537  365.43734  367.32184  369.26082  363.34483  365.20776  367.12442  361.24441  363.08581  364.98021  367.24829  369.19026  371.18855  365.13505  367.05468  369.02986  363.01395  364.91128  366.86339
 363.39718  365.26064  367.17786  361.28483  363.12665  365.02147  359.16538  360.98559  362.85807  365.18791  367.10810  369.08385  363.05476  364.95252  366.90508  360.91455  362.78994  364.71937  367.03631  369.01467  371.05048  364.88157  366.83671  368.84849  362.71983  364.65181  366.63964
 363.10590  365.00419  366.95731  360.95398  362.82979  364.75964  358.79582  360.64920  362.55586  364.93322  366.88892  368.90128  362.75966  364.69207  366.68033  360.57991  362.48911  364.45336  366.81882  368.83341  370.90656  364.62280  366.61328  368.66148  362.42067  364.38712  366.41045
 362.80963  364.74257  366.73138  360.61839  362.52799  364.49266  358.42180  360.30814  362.24877  364.67328  366.66432  368.71309  362.45954  364.42641  366.45018  360.24053  362.18333  364.18219  366.59583  368.64650  370.75681  364.35876  366.38441  368.46883  362.11651  364.11724  366.17586
 362.50840  364.47580  366.50012  360.27809  362.22129  364.22057  358.04334  359.96245  361.93681  364.40813  366.43433  368.51931  362.15445  364.15560  366.21466  359.89644  361.87265  363.90590  366.36739  368.45396  370.60123  364.08950  366.15012  368.27055  361.80737  363.84217  365.93587
 362.20223  364.20391  366.26351  359.93311  361.90972  363.94339  357.66052  359.61218  361.62004  364.13778  366.19896  368.31995  361.84442  363.87965  365.97378  359.54771  361.55711  363.62452  366.13352  368.25579  370.43982  363.81504  365.91044  368.06665  361.49332  363.56199  365.69053
 361.89117  363.92692  366.02160  359.58352  361.59332  363.66115  357.27336  359.25735  361.29847  363.86230  365.95824  368.11503  361.52952  363.59860  365.72758  359.19437  361.23673  363.33806  365.89423  368.05202  370.27260  363.53541  365.66539  367.85718  361.17436  363.27668  365.43985
 361.57527  363.64488  365.77440  359.22936  361.27213  363.37387  356.88194  358.89802  360.97215  363.58167  365.71219  367.90455  361.20974  363.31247  365.47607  358.83646  360.91157  363.04658  365.64956  367.84265  370.09959  363.25066  365.41498  367.64215  360.85056  362.98630  365.18387
 361.25454  363.35779  365.52193  358.87066  360.94617  363.08159  356.48628  358.53422  360.64111  363.29596  365.46083  367.68855  360.88515  363.02130  365.21929  358.47402  360.58163  362.75009  365.39953  367.62772  369.92079  362.96081  365.15928  367.42156  360.52196  362.69089  364.92260
 360.92902  363.06568  365.26421  358.50745  360.61546  362.78432  356.08643  358.16598  360.30539  363.00518  365.20419  367.46703  360.55577  362.72511  364.95724  358.10710  360.24698  362.44863  365.14416  367.40724  369.73621  362.66590  364.89827  367.19544  360.18858  362.39047  364.65607
 360.59875  362.76861  365.00128  358.13979  360.28007  362.48212  355.68243  357.79335  359.96502  362.70938  364.94229  367.24002  360.22165  362.42394  364.68997  357.73574  359.90765  362.14222  364.88350  367.18124  369.54588  362.36596  364.63200  366.96382  359.85047  362.08506  364.38431
 360.26378  362.46659  364.73314  357.76771  359.94001  362.17498  355.27434  357.41638  359.62002  362.40859  364.67516  367.00753  359.88282  362.11781  364.41748  357.35999  359.56366  361.83090  364.61757  366.94973  369.34982  362.06102  364.36049  366.72672  359.50767  361.77472  364.10737
 359.92411  362.15962  364.45982  357.39126  359.59532  361.86297  354.86221  357.03509  359.27046  362.10282  364.40282  366.76960  359.53932  361.80677  364.13984  356.97988  359.21507  361.51472  364.34638  366.71274  369.14800  361.75113  364.08379  366.48415  359.16022  361.45948  363.82524
 359.57981  361.84778  364.18137  357.01048  359.24605  361.54610  354.44607  356.64953  358.91635  361.79212  364.12531  366.52622  359.19119  361.49085  363.85703  356.59546  358.86190  361.19368  364.06997  366.47028  368.94049  361.43631  363.80190  366.23615  358.80815  361.13935  363.53798
 359.23091  361.53108  363.89779  356.62541  358.89223  361.22440  354.02596  356.25975  358.55773  361.47653  363.84265  366.27744  358.83847  361.17007  363.56911  356.20678  358.50419  360.86783  363.78839  366.22239  368.72727  361.11660  363.51486  365.98273  358.45151  360.81439  363.24560
 358.87744  361.20955  363.60911  356.23610  358.53390  360.89793  353.60195  355.86578  358.19464  361.15607  363.55485  366.02326  358.48121  360.84448  363.27609  355.81387  358.14199  360.53720  363.50163  365.96907  368.50839  360.79204  363.22271  365.72393  358.09034  360.48462  362.94814
 358.51945  360.88322  363.31536  355.84258  358.17108  360.56668  353.17408  355.46766  357.82712  360.83078  363.26197  365.76373  358.11942  360.51409  362.97801  355.41678  357.77533  360.20183  363.20976  365.71038  368.28385  360.46266  362.92547  365.45976  357.72468  360.15009  362.64564
 358.15695  360.55213  363.01658  355.44490  357.80382  360.23071  352.74236  355.06543  357.45520  360.50069  362.96402  365.49885  357.75316  360.17896  362.67491  355.01555  357.40424  359.86175  362.91277  365.44631  368.05366  360.12850  362.62317  365.19025  357.35455  359.81081  362.33809
 357.79001  360.21631  362.71278  355.04309  357.43215  359.89005  352.30690  354.65916  357.07893  360.16584  362.66103  365.22865  357.38246  359.83910  362.36678  354.61023  357.02878  359.51700  362.61073  365.17690  367.81786  359.78958  362.31583  364.91543  356.98003  359.46685  362.02558
 357.41865  359.87579  362.40399  354.63721  357.05612  359.54473  351.86768  354.24884  356.69833  359.82626  362.35303  364.95317  357.00737  359.49457  362.05370  354.20085  356.64896  359.16759  362.30365  364.90218  367.57647  359.44596  362.00352  364.63533  356.60112  359.11821  361.70809
 357.04292  359.53062  362.09026  354.22728  356.67576  359.19478  351.42480  353.83456  356.31346  359.48200  362.04007  364.67242  356.62792  359.14539  361.73566  353.78747  356.26486  358.81360  361.99157  364.62218  367.32950  359.09766  361.68623  364.34997  356.21789  358.76497  361.38569
 356.66285  359.18082  361.77160  353.81338  356.29113  358.84025  350.97827  353.41633  355.92434  359.13308  361.72216  364.38643  356.24415  358.79161  361.41272  353.37011  355.87648  358.45503  361.67452  364.33693  367.07699  358.74474  361.36403  364.05939  355.83037  358.40713  361.05839
 356.27848  358.82643  361.44805  353.39551  355.90224  358.48116  350.52815  352.99422  355.53102  358.77955  361.39935  364.09524  355.85612  358.43325  361.08490  352.94885  355.48390  358.09194  361.35254  364.04644  366.81894  358.38720  361.03691  363.76359  355.43861  358.04473  360.72624
 355.88986  358.46748  361.11964  352.97374  355.50914  358.11755  350.07448  352.56825  355.13353  358.42142  361.07164  363.79885  355.46384  358.07034  360.75223  352.52370  355.08711  357.72433  361.02564  363.75075  366.55540  358.02511  360.70493  363.46264  355.04262  357.67782  360.38926
 355.49701  358.10400  360.78640  352.54811  355.11187  357.74947  349.61731  352.13847  354.73192  358.05876  360.73909  363.49732  355.06738  357.70295  360.41477  352.09472  354.68619  357.35228  360.69388  363.44988  366.28637  357.65850  360.36813  363.15654  354.64248  357.30644  360.04749
 355.09999  357.73605  360.44837  352.11865  354.71047  357.37693  349.15669  351.70493  354.32623  357.69159  360.40173  363.19066  354.66676  357.33108  360.07251  351.66195  354.28116  356.97581  360.35728  363.14388  366.01189  357.28739  360.02653  362.84532  354.23821  356.93062  359.70095
 354.69883  357.36364  360.10557  351.68542  354.30498  356.99999  348.69265  351.26765  353.91648  357.31994  360.05958  362.87889  354.26202  356.95480  359.72551  351.22543  353.87207  356.59494  360.01588  362.83276  365.73199  356.91185  359.68018  362.52904  353.82985  356.55040  359.34971
 354.29357  356.98683  359.75803  351.24846  353.89544  356.61868  348.22526  350.82670  353.50274  356.94387  359.71270  362.56208  353.85322  356.57413  359.37381  350.78521  353.45896  356.20975  359.66972  362.51656  365.44667  356.53190  359.32909  362.20770  353.41746  356.16582  358.99376
 353.88425  356.60564  359.40582  350.80779  353.48189  356.23304  347.75454  350.38212  353.08504  356.56340  359.36109  362.24021  353.44039  356.18910  359.01742  350.34134  353.04187  355.82024  359.31881  362.19532  365.15600  356.14756  358.97332  361.88134  353.00106  355.77692  358.63318
 353.47093  356.22011  359.04893  350.36349  353.06437  355.84309  347.28055  349.93393  352.66340  356.17857  359.00482  361.91336  353.02356  355.79977  358.65640  349.89384  352.62085  355.42646  358.96322  361.86905  364.85998  355.75891  358.61289  361.55001  352.58072  355.38373  358.26798
 353.05361  355.83029  358.68742  349.91558  352.64293  355.44890  346.80332  349.48219  352.23789  355.78943  358.64390  361.58153  352.60279  355.40616  358.29078  349.44277  352.19592  355.02845  358.60297  361.53780  364.55863  355.36596  358.24784  361.21372  352.15645  354.98630  357.89819
 352.63237  355.43620  358.32131  349.46411  352.21759  355.05047  346.32294  349.02695  351.80854  355.39600  358.27837  361.24475  352.17811  355.00831  357.92057  348.98819  351.76715  354.62626  358.23809  361.20160  364.25200  354.96876  357.87821  360.87251  351.72831  354.58467  357.52388
 352.20723  355.03789  357.95064  349.00912  351.78842  354.64788  345.83940  348.56825  351.37539  354.99834  357.90827  360.90307  351.74958  354.60628  357.54586  348.53012  351.33456  354.21992  357.86862  360.86047  363.94011  354.56736  357.50404  360.52642  351.29635  354.17887  357.14506
 351.77824  354.63541  357.57547  348.55067  351.35544  354.24114  345.35277  348.10611  350.93847  354.59648  357.53364  360.55652  351.31723  354.20009  357.16663  348.06860  350.89819  353.80945  357.49461  360.51447  363.62300  354.16178  357.12536  360.17548  350.86059  353.76895  356.76176
 351.34544  354.22878  357.19580  348.08878  350.91869  353.83030  344.86311  347.64060  350.49784  354.19046  357.15452  360.20513  350.88109  353.78980  356.78296  347.60370  350.45810  353.39492  357.11609  360.16360  363.30067  353.75208  356.74221  359.81971  350.42109  353.35494  356.37403
 350.90888  353.81805  356.81169  347.62350  350.47823  353.41539  344.37044  347.17177  350.05355  353.78033  356.77094  359.84893  350.44122  353.37541  356.39485  347.13546  350.01432  352.97636  356.73309  359.80792  362.97320  353.33827  356.35462  359.45917  349.97789  352.93690  355.98192
 350.46859  353.40324  356.42316  347.15490  350.03409  352.99646  343.87482  346.69963  349.60560  353.36610  356.38292  359.48796  349.99766  352.95700  356.00237  346.66389  349.56689  352.55380  356.34565  359.44746  362.64058  352.92044  355.96265  359.09388  349.53103  352.51484  355.58545
 350.02461  352.98441  356.03026  346.68299  349.58631  352.57355  343.37628  346.22425  349.15407  352.94785  355.99053  359.12226  349.55044  352.53459  355.60554  346.18908  349.11587  352.12729  355.95382  359.08225  362.30287  352.49858  355.56631  358.72389  349.08055  352.08882  355.18467
 349.57700  352.56160  355.63303  346.20783  349.13494  352.14669  342.87489  345.74568  348.69900  352.52559  355.59379  358.75186  349.09962  352.10822  355.20441  345.71104  348.66127  351.69688  355.55762  358.71233  361.96007  352.07275  355.16566  358.34921  348.62650  351.65889  354.77961
 349.12579  352.13484  355.23150  345.72946  348.68000  351.71594  342.37068  345.26393  348.24042  352.09937  355.19275  358.37679  348.64522  351.67795  354.79900  345.22983  348.20318  351.26260  355.15710  358.33773  361.61225  351.64300  354.76073  357.96990  348.16892  351.22508  354.37032
 348.67100  351.70418  354.82571  345.24792  348.22158  351.28132  341.86369  344.77909  347.77837  351.66923  354.78742  357.99708  348.18732  351.24380  354.38938  344.74550  347.74159  350.82448  354.75230  357.95849  361.25941  351.20937  354.35156  357.58599  347.70785  350.78742  353.95682
 348.21273  351.26966  354.41570  344.76327  347.75967  350.84288  341.35397  344.29116  347.31290  351.23522  354.37788  357.61279  347.72592  350.80582  353.97555  344.25808  347.27658  350.38258  354.34327  357.57467  360.90162  350.77190  353.93820  357.19752  347.24334  350.34598  353.53918
 347.75096  350.83130  354.00150  344.27553  347.29435  350.40066  340.84158  343.80021  346.84406  350.79738  353.96414  357.22394  347.26110  350.36406  353.55759  343.76763  346.80820  349.93694  353.93002  357.18626  360.53888  350.33063  353.52067  356.80452  346.77544  349.90078  353.11742
 347.28578  350.38918  353.58317  343.78477  346.82564  349.95471  340.32654  343.30627  346.37187  350.35575  353.54625  356.83058  346.79289  349.91854  353.13551  343.27418  346.33644  349.48759  353.51261  356.79333  360.17125  349.88559  353.09903  356.40704  346.30416  349.45186  352.69157
 346.81722  349.94331  353.16074  343.29103  346.35360  349.50505  339.80892  342.80940  345.89641  349.91035  353.12425  356.43273  346.32131  349.46932  352.70936  342.77778  345.86141  349.03458  353.09109  356.39591  359.79876  349.43684  352.67330  356.00510  345.82959  348.99928  352.26169
 346.34530  349.49375  352.73424  342.79433  345.87826  349.05175  339.28873  342.30963  345.41768  349.46126  352.69818  356.03045  345.84644  349.01644  352.27918  342.27847  345.38310  348.57795  352.66547  355.99405  359.42144  348.98441  352.24354  355.59875  345.35173  348.54306  351.82781
 345.87009  349.04052  352.30371  342.29474  345.39966  348.59482  338.76606  341.80702  344.93575  349.00849  352.26807  355.62375  345.36830  348.55992  351.84500  341.77630  344.90159  348.11775  352.23582  355.58776  359.03932  348.52835  351.80977  355.18802  344.87067  348.08326  351.38999
 345.39162  348.58368  351.86920  341.79228  344.91786  348.13433  338.24092  341.30159  344.45066  348.55210  351.83397  355.21269  344.88694  348.09984  351.40688  341.27132  344.41689  347.65400  351.80217  355.17710  358.65244  348.06871  351.37205  354.77297  344.38642  347.61992  350.94824
 344.90994  348.12327  351.43076  341.28702  344.43289  347.67030  337.71336  340.79340  343.96244  348.09213  351.39593  354.79731  344.40241  347.63621  350.96485  340.76356  343.92907  347.18677  351.36455  354.76212  358.26085  347.60551  350.93042  354.35362  343.89902  347.15307  350.50262
 344.42509  347.65932  350.98841  340.77900  343.94480  347.20279  337.18345  340.28249  343.47115  347.62861  350.95397  354.37763  343.91474  347.16910  350.51896  340.25307  343.43818  346.71608  350.92302  354.34283  357.86458  347.13881  350.48491  353.93002  343.40853  346.68278  350.05318
 343.93712  347.19190  350.54220  340.26824  343.45363  346.73183  336.65119  339.76891  342.97682  347.16160  350.50815  353.95372  343.42398  346.69852  350.06923  339.73990  342.94423  346.24199  350.47761  353.91930  357.46367  346.66864  350.03557  353.50220  342.91500  346.20906  349.59994
 343.44605  346.72101  350.09216  339.75481  342.95942  346.25747  336.11665  339.25269  342.47950  346.69113  350.05850  353.52558  342.93018  346.22454  349.61573  339.22408  342.44728  345.76452  350.02836  353.49154  357.05815  346.19506  349.58244  353.07021  342.41844  345.73196  349.14295
 342.95195  346.24673  349.63836  339.23874  342.46222  345.77976  335.57988  338.73389  341.97924  346.21725  349.60506  353.09329  342.43338  345.74719  349.15848  338.70567  341.94738  345.28374  349.57533  353.05962  356.64807  345.71811  349.12556  352.63409  341.91893  345.25154  348.68226
 342.45486  345.76909  349.18081  338.72008  341.96207  345.29872  335.04093  338.21254  341.47607  345.74000  349.14788  352.65687  341.93362  345.26652  348.69753  338.18471  341.44458  344.79969  349.11853  352.62355  356.23346  345.23781  348.66496  352.19387  341.41651  344.76784  348.21791
 341.95481  345.28812  348.71957  338.19887  341.45901  344.81441  334.49981  337.68868  340.97003  345.25942  348.68700  352.21635  341.43094  344.78256  348.23292  337.66123  340.93889  344.31238  348.65803  352.18340  355.81436  344.75424  348.20071  351.74960  340.91120  344.28089  347.74993
 341.45185  344.80388  348.25468  337.67515  340.95309  344.32686  333.95658  337.16237  340.46118  344.77556  348.22246  351.77180  340.92540  344.29536  347.76470  337.13529  340.43039  343.82188  348.19387  351.73919  355.39082  344.26742  347.73283  351.30133  340.40306  343.79073  347.27838
 340.94603  344.31641  347.78617  337.14899  340.44435  343.83613  333.41130  336.63366  339.94956  344.28845  347.75429  351.32324  340.41703  343.80497  347.29291  336.60694  339.91910  343.32825  347.72606  351.29096  354.96287  343.77738  347.26137  350.84909  339.89213  343.29743  346.80329
 340.43738  343.82574  347.31410  336.62039  339.93282  343.34225  332.86400  336.10256  339.43520  343.79814  347.28256  350.87071  339.90585  343.31142  346.81757  336.07619  339.40508  342.83149  347.25469  350.83878  354.53054  343.28419  346.78637  350.39291  339.37846  342.80101  346.32470
 339.92595  343.33193  346.83850  336.08942  339.41857  342.84526  332.31471  335.56914  338.91816  343.30469  346.80730  350.41427  339.39195  342.81477  346.33875  335.54311  338.88836  342.33168  346.77978  350.38266  354.09390  342.78789  346.30787  349.93285  338.86209  342.30151  345.84266
 339.41179  342.83501  346.35941  335.55612  338.90163  342.34522  331.76349  335.03343  338.39846  342.80812  346.32853  349.95393  338.87536  342.31505  345.85649  335.00775  338.36899  341.82883  346.30136  349.92265  353.65296  342.28850  345.82593  349.46895  338.34305  341.79899  345.35722
 338.89494  342.33503  345.87688  335.02055  338.38204  341.84215  331.21039  334.49548  337.87617  342.30848  345.84632  349.48977  338.35610  341.81231  345.37082  334.47013  337.84701  341.32302  345.81949  349.45881  353.20778  341.78610  345.34058  349.00125  337.82140  341.29349  344.86841
 338.37543  341.83203  345.39095  334.48271  337.85984  341.33612  330.65542  333.95533  337.35132  341.80582  345.36072  349.02181  337.83424  341.30659  344.88179  333.93031  337.32247  340.81426  345.33421  348.99116  352.75839  341.28070  344.85186  348.52978  337.29718  340.78504  344.37628
 337.85332  341.32606  344.90167  333.94268  337.33509  340.82715  330.09866  333.41304  336.82395  341.30017  344.87174  348.55010  337.30981  340.79792  344.38943  333.38833  336.79540  340.30262  344.84556  348.51976  352.30485  340.77235  344.35981  348.05461  336.77043  340.27370  343.88087
 337.32864  340.81715  344.40907  333.40050  336.80782  340.31529  329.54013  332.86861  336.29410  340.79158  344.37945  348.07467  336.78285  340.28637  343.89381  332.84422  336.26586  339.78812  344.35358  348.04463  351.84718  340.26112  343.86449  347.57577  336.24120  339.75949  343.38222
 336.80145  340.30536  343.91321  332.85619  336.27808  339.80059  328.97988  332.32213  335.76183  340.28011  343.88389  347.59558  336.25341  339.77197  343.39496  332.29804  335.73388  339.27082  343.85834  347.56584  351.38544  339.74703  343.36593  347.09329  335.70953  339.24249  342.88038
 336.27178  339.79072  343.41411  332.30981  335.74590  339.28309  328.41795  331.77362  335.22718  339.76577  343.38508  347.11285  335.72154  339.25475  342.89291  331.74984  335.19951  338.75076  343.35984  347.08340  350.91965  339.23011  342.86417  346.60722  335.17546  338.72271  342.37539
 335.73967  339.27327  342.91183  331.76141  335.21133  338.76283  327.85438  331.22311  334.69017  339.24863  342.88308  346.62654  335.18728  338.73478  342.38773  331.19962  334.66279  338.22797  342.85815  346.59738  350.44987  338.71045  342.35928  346.11761  334.63903  338.20021  341.86730
 335.20518  338.75307  342.40641  331.21102  334.67442  338.23985  327.28922  330.67067  334.15086  338.72873  342.37795  346.13671  334.65066  338.21209  341.87944  330.64748  334.12376  337.70252  342.35331  346.10783  349.97615  338.18804  341.85126  345.62450  334.10029  337.67503  341.35614
 334.66834  338.23014  341.89789  330.65867  334.13520  337.71420  326.72250  330.11632  333.60929  338.20609  341.86971  345.64336  334.11172  337.68671  341.36807  330.09341  333.58247  337.17442  341.84536  345.61476  349.49851  337.66294  341.34018  345.12793  333.55928  337.14720  340.84197
 334.12919  337.70455  341.38631  330.10443  333.59372  337.18591  326.15426  329.56011  333.06550  337.68078  341.35841  345.14657  333.57053  337.15870  340.85371  329.53748  333.03895  336.64374  341.33435  345.11824  349.01701  337.13522  340.82609  344.62795  333.01605  336.61679  340.32481
 333.58778  337.17632  340.87172  329.54832  333.05002  336.65505  325.58455  329.00209  332.51955  337.15284  340.84409  344.64636  333.02711  336.62810  340.33637  328.97974  332.49326  336.11051  340.82030  344.61831  348.53169  336.60489  340.30902  344.12460  332.47062  336.08383  339.80473
 333.04415  336.64550  340.35416  328.99040  332.50415  336.12164  325.01341  328.44229  331.97146  336.62230  340.32681  344.14279  332.48151  336.09495  339.81611  328.42019  331.94543  335.57477  340.30329  344.11500  348.04259  336.07202  339.78901  343.61793  331.92306  335.54835  339.28176
 332.49834  336.11215  339.83369  328.43068  331.95614  335.58572  324.44087  327.88075  331.42128  336.08922  339.80659  343.63590  331.93377  335.55929  339.29295  327.85893  331.39551  335.03658  339.78334  343.60837  347.54976  335.53662  339.26611  343.10796  331.37340  335.01041  338.75595
 331.95040  335.57629  339.31032  327.86924  331.40605  335.04735  323.86699  327.31752  330.86905  335.55361  339.28348  343.12572  331.38393  335.02118  338.76696  327.29595  330.84353  334.49596  339.26050  343.09845  347.05324  334.99877  338.74037  342.59477  330.82168  334.47005  338.22733
 331.40036  335.03797  338.78412  327.30610  330.85390  334.50656  323.29179  326.75264  330.31482  335.01556  338.75754  342.61232  330.83204  334.48064  338.23816  326.73132  330.28954  333.95298  338.73482  342.58530  346.55307  334.45849  338.21183  342.07837  330.26795  333.92731  337.69595
 330.84827  334.49723  338.25513  326.74130  330.29974  333.96340  322.71532  326.18614  329.75862  334.47508  338.22879  342.09572  330.27814  333.93773  337.70661  326.16507  329.73359  333.40765  338.20633  342.06895  346.04930  333.91583  337.68053  341.55882  329.71224  333.38222  337.16186
 330.29417  333.95412  337.72337  326.17490  329.74363  333.41792  322.13761  325.61807  329.20050  333.93222  337.69728  341.57597  329.72228  333.39249  337.17236  325.59726  329.17571  332.86004  337.67508  341.54944  345.54196  333.37084  337.14652  341.03618  329.15461  332.83485  336.62510
 329.73812  333.40868  337.18892  325.60691  329.18558  332.87013  321.55872  325.04847  328.64049  333.38703  337.16307  341.05312  329.16448  332.84494  336.63542  325.02790  328.61594  332.31017  337.14111  341.02684  345.03112  332.82354  336.60982  340.51045  328.59507  332.28522  336.08571
 329.18012  332.86094  336.65179  325.03740  328.62566  332.32011  320.97866  324.47738  328.07864  332.83953  336.62618  340.52720  328.60479  332.29516  336.09587  324.45703  328.05432  331.75810  336.60446  340.50116  344.51680  332.27399  336.07050  339.98173  328.03369  331.73338  335.54373
 328.62025  332.31097  336.11204  324.46639  328.06388  331.76788  320.39749  323.90484  327.51500  332.28980  336.08667  339.99827  328.04325  331.74316  335.55374  323.88473  327.49091  331.20387  336.06519  339.97246  343.99906  331.72223  335.52860  339.45001  327.47051  331.17938  334.99922
 328.05853  331.75879  335.56973  323.89393  327.50032  331.21350  319.81525  323.33089  326.94960  331.73786  335.54458  339.46638  327.47992  331.18901  335.00907  323.31100  326.92574  330.64753  335.52333  339.44080  343.47795  331.16830  334.98416  338.91538  326.90556  330.62326  334.45221
 327.49502  331.20445  335.02487  323.32006  326.93499  330.65700  319.23196  322.75556  326.38248  331.18375  334.99996  338.93155  326.91482  330.63273  334.46190  322.73590  326.35884  330.08909  334.97893  338.90620  342.95350  330.61225  334.43721  338.37785  326.33888  330.06505  333.90274
 326.92974  330.64800  334.47752  322.74481  326.36795  330.09841  318.64767  322.17891  325.81369  330.62752  334.45283  338.39384  326.34800  330.07437  333.91228  322.15946  325.79026  329.52863  334.43204  338.36872  342.42576  330.05411  333.88781  337.83748  325.77053  329.50480  333.35086
 326.36274  330.08945  333.92771  322.16823  325.79923  329.53780  318.06242  321.60096  325.24326  330.06920  333.90324  337.85329  325.77950  329.51397  333.36025  321.58173  325.22005  328.96616  333.88267  337.82838  341.89475  329.49393  333.33600  337.29431  325.20053  328.94255  332.79660
 325.79407  329.52888  333.37551  321.59035  325.22887  328.97519  317.47626  321.02176  324.67124  329.50884  333.35126  337.30994  325.20935  328.95158  332.80584  321.00274  324.64824  328.40175  333.33091  337.28525  341.36057  328.93175  332.78181  336.74839  324.62893  328.37835  332.24004
 325.22376  328.96632  332.82093  321.01123  324.65692  328.41063  316.88919  320.44134  324.09765  328.94650  332.79690  336.76384  324.63761  328.38723  332.24913  320.42253  324.07487  327.83542  332.77676  336.73937  340.82322  328.36762  332.22531  336.19976  324.05577  327.81223  331.68118
 324.65185  328.40180  332.26404  320.43088  324.08341  327.84416  316.30128  319.85975  323.52256  328.38219  332.24022  336.21503  324.06431  327.82097  331.69013  319.84114  323.49997  327.26722  332.22029  336.19078  340.28276  327.80157  331.66652  335.64846  323.48108  327.24424  331.12008
 324.07839  327.83538  331.70488  319.84936  323.50838  327.27583  315.71256  319.27702  322.94600  327.81597  331.68127  335.66357  323.48949  327.25284  331.12889  319.25862  322.92362  326.69720  331.66154  335.63952  339.73925  327.23364  331.10549  335.09455  322.90492  326.67442  330.55680
 323.50340  327.26708  331.14347  319.26670  322.93189  326.70566  315.12306  318.69319  322.36799  327.24788  331.12007  335.10948  322.91319  326.68288  330.56546  318.67499  322.34581  326.12539  331.10055  335.08563  339.19271  326.66389  330.54226  334.53805  322.32732  326.10280  329.99135
 322.92694  326.69696  330.57988  318.68294  322.35395  326.13372  314.53282  318.10830  321.78860  326.67796  330.55667  334.55281  322.33545  326.11113  329.99988  318.09029  321.76661  325.55183  330.53735  334.52916  338.64318  326.09233  329.97687  333.97901  321.74830  325.52944  329.42379
 322.34905  326.12505  330.01413  318.09812  321.77462  325.56003  313.94188  317.52239  321.20784  326.10625  329.99112  333.99361  321.75631  325.53763  329.43218  317.50456  321.18604  324.97656  329.97201  333.97017  338.09074  325.51903  329.40938  333.41749  321.16793  324.95436  328.85416
 321.76975  325.55140  329.44627  317.51226  321.19392  324.98462  313.35026  316.93548  320.62576  325.53279  329.42347  333.43193  321.17581  324.96243  328.86242  316.91785  320.60416  324.39963  329.40454  333.40868  337.53540  324.94402  328.83980  332.85352  320.58623  324.37762  328.28250
 321.18911  324.97604  328.87636  316.92543  320.61191  324.40757  312.75801  316.34763  320.04241  324.95763  328.85374  332.86780  320.59399  324.38556  328.29063  316.33018  320.02099  323.82107  328.83501  332.84474  336.97723  324.36733  328.26820  332.28714  320.00325  323.79925  327.70886
 320.60713  324.39902  328.30442  316.33764  320.02862  323.82888  312.16516  315.75886  319.45781  324.38079  328.28199  332.30127  320.01088  323.80706  327.71686  315.74160  319.43658  323.24092  328.26345  332.27840  336.41626  323.78902  327.69462  331.71841  319.41902  323.21929  327.13327
 320.02388  323.82037  327.73049  315.74894  319.44409  323.24862  311.57175  315.16923  318.87202  323.80233  327.70825  331.73238  319.42653  323.22698  327.14115  315.15214  318.85097  322.65924  327.68989  331.70970  335.85254  323.20912  327.11910  331.14736  318.83358  322.63779  326.55578
 319.43939  323.24014  327.15463  315.15936  318.85836  322.66682  310.97782  314.57875  318.28506  323.22228  327.13257  331.16117  318.84098  322.64536  326.56354  314.56183  318.26419  322.07605  327.11440  331.13869  335.28611  322.62768  326.54167  330.57404  318.24698  322.05478  325.97643
 318.85369  322.65837  326.57687  314.56894  318.27147  322.08350  310.38338  313.98747  317.69697  322.64069  326.55500  330.58770  318.25426  322.06223  325.98407  313.97072  317.67628  321.49139  326.53700  330.56540  334.71704  322.04472  325.96238  329.99850  317.65924  321.47030  325.39527
 318.26683  322.07510  325.99725  313.97772  317.68344  321.49872  309.78849  313.39542  317.10780  322.05759  325.97556  330.01200  317.66640  321.47763  325.40278  313.37884  317.08728  320.90531  325.95774  329.98988  334.14533  321.46029  325.38126  329.42075  317.07041  320.88439  324.81232
 317.67883  321.49036  325.41582  313.38573  317.09433  320.91254  309.19317  312.80264  316.51758  321.47302  325.39430  329.43412  317.07746  320.89161  324.81972  312.78622  316.49723  320.31785  325.37665  329.41216  333.57106  320.87445  324.79838  328.84088  316.48053  320.29709  324.22764
 317.08975  320.90420  324.83262  312.79300  316.50417  320.32496  308.59746  312.20916  315.92634  320.88703  324.81127  328.85409  316.48747  320.30420  324.23493  312.19291  315.90615  319.72903  324.79380  328.83232  332.99426  320.28721  324.21376  328.25889  315.88962  319.70845  323.64126
 316.49962  320.31665  324.24768  312.19959  315.91299  319.73604  308.00139  311.61502  315.33414  320.29965  324.22651  328.27197  315.89646  319.71545  323.64843  311.59894  315.31412  319.13891  324.20920  328.25037  332.41499  319.69862  323.62744  327.67486  315.29775  319.11850  323.05324
 315.90848  319.72777  323.66105  311.60550  315.32084  319.14580  307.40500  311.02026  314.74098  319.71093  323.64005  327.68780  315.30447  319.12538  323.06030  311.00433  314.72112  318.54753  323.62291  327.66637  331.83328  319.10871  323.03947  327.08880  314.70491  318.52727  322.46359
 315.31636  319.13756  323.07278  311.01080  314.72775  318.55431  306.80831  310.42491  314.14693  319.12089  323.05195  327.10160  314.71153  318.53406  322.47054  310.40913  314.12724  317.95490  323.03496  327.08034  331.24918  318.51754  322.44988  326.50079  314.11117  317.93481  321.87238
 314.72329  318.54610  322.48289  310.41549  314.13375  317.96158  306.21136  309.82900  313.55201  318.52958  322.46222  326.51344  314.11769  317.94148  321.87922  309.81337  313.53247  317.36109  322.44540  326.49234  330.66273  317.92513  321.85872  325.91083  313.51657  317.34116  321.27963
 314.12933  317.95341  321.89144  309.81963  313.53888  317.36766  305.61418  309.23256  312.95627  317.93706  321.87094  325.92336  313.52298  317.34773  321.28636  309.21710  312.93688  316.76613  321.85427  325.90243  330.07398  317.33153  321.26602  325.31899  312.92113  316.74636  320.68539
 313.53450  317.35953  321.29846  309.22326  312.94320  316.77260  305.01681  308.63564  312.35972  317.34332  321.27811  325.33138  312.92744  316.75282  320.69202  308.62031  312.34049  316.17004  321.26160  325.31062  329.48297  316.73677  320.67184  324.72531  312.32488  316.15043  320.08970
 312.93882  316.76449  320.70397  308.62638  312.34671  316.17641  304.41928  308.03827  311.76242  316.74843  320.68379  324.73757  312.33110  316.15679  320.09622  308.02309  311.74335  315.57289  320.66743  324.71696  328.88975  316.14089  320.07620  324.12982  311.72788  315.55343  319.49260
 312.34236  316.16833  320.10805  308.02906  311.74946  315.57916  303.82160  307.44047  311.16439  316.15243  320.08803  324.14195  311.73400  315.55970  319.49903  307.42543  311.14547  314.97469  320.07181  324.12150  328.29435  315.54394  319.47915  323.53258  311.13015  314.95538  318.89412
 311.74514  315.57111  319.51073  307.43131  311.15149  314.98086  303.22383  306.84228  310.56569  315.55535  319.49085  323.54458  311.13617  314.96155  318.90045  306.82738  310.54691  314.37549  319.47478  323.52428  327.69684  314.94593  318.88072  322.93361  310.53172  314.35632  318.29431
 311.14720  314.97285  318.91203  306.83317  310.55283  314.38156  302.62599  306.24375  309.96633  314.95723  318.89231  322.94549  310.53765  314.36240  318.30053  306.22898  309.94769  313.77533  318.87639  322.92534  327.09724  314.34693  318.28096  322.33297  309.93265  313.75630  317.69321
 310.54856  314.37358  318.31200  306.23467  309.95352  313.78130  302.02810  305.64488  309.36634  314.35811  318.29242  322.34473  309.93848  313.76228  317.69934  305.63025  309.34785  313.17422  318.27665  322.32473  326.49560  313.74695  317.67991  321.73069  309.33294  313.15535  317.09085
 309.94928  313.77334  317.71068  305.63586  309.35359  313.18011  301.43021  305.04572  308.76577  313.75801  317.69125  321.74232  309.33868  313.16124  317.09688  305.03123  308.74743  312.57223  317.67561  321.72247  325.89197  313.14603  317.07759  321.12681  308.73265  312.55350  316.48727
 309.34936  313.17218  317.10810  305.03675  308.75308  312.57803  300.83233  304.44631  308.16465  313.15698  317.08882  321.13832  308.73831  312.55929  316.49321  304.43194  308.14644  311.96938  317.07332  321.11862  325.28638  312.54423  316.47408  320.52139  308.13180  311.95079  315.88251
 308.74887  312.57012  316.50432  304.43738  308.15201  311.97509  300.23450  303.84666  307.56302  312.55506  316.48518  320.53278  308.13737  311.95650  315.88837  303.83243  307.54495  311.36571  316.46982  320.51322  324.67889  311.94157  315.86937  319.91445  307.53044  311.34726  315.27662
 308.14783  311.96721  315.89935  303.83778  307.55043  311.37133  299.63675  303.24683  306.96090  311.95228  315.88036  319.92572  307.53592  311.35288  315.28238  303.23272  306.94297  310.76127  315.86513  319.90630  324.06954  311.33808  315.26353  319.30603  306.92859  310.74295  314.66963
 307.54627  311.36348  315.29326  303.23799  306.94836  310.76680  299.03911  302.64683  306.35834  311.34869  315.27440  319.31719  306.93398  310.74848  314.67530  302.63285  306.34054  310.15606  315.25930  319.29791  323.45836  310.73380  314.65658  318.69619  306.32628  310.13788  314.06157
 306.94422  310.75897  314.68607  302.63802  306.34584  310.16150  298.44160  302.04669  305.75536  310.74430  314.66735  318.70723  306.33158  310.14332  314.06715  302.03283  305.73769  309.55015  314.65237  318.68809  322.84540  310.12877  314.04856  318.08494  305.72356  309.53210  313.45248
 306.34172  310.15371  314.07781  302.03793  305.74291  309.55551  297.84425  301.44645  305.15200  310.13917  314.05922  318.09587  305.72878  309.53745  313.45798  301.43271  305.13445  308.94355  314.04438  318.07688  322.23071  309.52303  313.43953  317.47236  305.12044  308.92563  312.84242
 305.73881  309.54773  313.46852  301.43773  305.13959  308.94882  297.24710  300.84614  304.54827  309.53331  313.45007  317.48318  305.12558  308.93090  312.84782  300.83252  304.53086  308.33631  313.43535  317.46431  321.61432  308.91660  312.82950  316.85845  304.51696  308.31852  312.23138
 305.13551  308.94108  312.85826  300.83747  304.53593  308.34151  296.65017  300.24578  303.94424  308.92678  312.83994  316.86916  304.52204  308.32372  312.23672  300.23227  303.92695  307.72846  312.82534  316.85043  320.99629  308.30954  312.21853  316.24329  303.91318  307.71079  311.61945
 304.53186  308.33379  312.24705  300.23715  303.93194  307.73358  296.05349  299.64542  303.33992  308.31961  312.22886  316.25388  303.91817  307.71591  311.62469  299.63203  303.32276  307.12004  312.21438  316.23529  320.37664  307.70185  311.60664  315.62688  303.30909  307.10250  311.00663
 303.92789  307.72588  311.63492  299.63682  303.32767  307.12508  295.45708  299.04507  302.73535  307.71182  311.61686  315.63737  303.31401  307.10754  311.01179  299.03179  302.71831  306.51107  311.60250  315.61890  319.75543  307.09359  310.99386  315.00928  302.70475  306.49365  310.39297
 303.32364  307.11741  311.02192  299.03651  302.72314  306.51603  294.86098  298.44476  302.13054  307.10346  311.00398  315.01966  302.70959  306.49861  310.39806  298.43159  302.11362  305.90160  310.98974  315.00132  319.13269  306.48478  310.38025  314.39052  302.10018  305.88430  309.77851
 302.71912  306.50838  310.40808  298.43624  302.11839  305.90648  294.26520  297.84453  301.52555  306.49455  310.39027  314.40080  302.10495  305.88919  309.78352  297.83147  301.50875  305.29165  310.37614  314.38258  318.50846  305.87547  309.76583  313.77065  301.49542  305.27447  309.16327
 302.11438  305.89886  309.79344  297.83604  301.51344  305.29646  293.66978  297.24440  300.92040  305.88514  309.77575  313.78083  301.50011  305.27928  309.16821  297.23144  300.90371  304.68126  309.76174  313.76274  317.88280  305.26567  309.15064  313.14970  300.89048  304.66420  308.54730
 301.50946  305.28886  309.17803  297.23595  300.90833  304.68600  293.07474  296.64440  300.31511  305.27525  309.16047  313.15978  300.89511  304.66894  308.55216  296.63155  300.29854  304.07046  309.14656  313.14181  317.25573  304.65544  308.53472  312.52771  300.28542  304.05352  307.93064
 300.90436  304.67843  308.56189  296.63599  300.30310  304.07513  292.48011  296.04457  299.70973  304.66492  308.54445  312.53769  300.28998  304.05819  307.93543  296.03181  299.69327  303.45929        nan        nan        nan        nan        nan        nan        nan        nan        nan
