       nan        nan        nan        nan        nan        nan        nan        nan        nan 26963.86800        nan        nan        nan        nan        nan        nan        nan        nan 26960.98450 26918.07700        nan        nan        nan        nan        nan        nan        nan
26967.07400        nan        nan 27005.00200        nan        nan        nan        nan        nan 26964.19050 26921.28300        nan 27002.11850 26959.21100        nan        nan        nan        nan 26958.41950 26915.15650 26879.37050 26996.34750 26953.08450 26917.29850        nan        nan        nan
26970.60950 26927.70200        nan 27009.05800 26966.15050        nan 27040.83800 26997.93050        nan 26964.83850 26921.57550 26885.78950 27003.28700 26960.02400 26924.23800 27035.06700 26991.80400 26956.01800 26956.17550 26912.37700 26875.66000 26994.62400 26950.82550 26914.10850 27026.40400 26982.60550 26945.88850
26974.48650 26931.22350 26895.43750 27013.71550 26970.45250 26934.66650 27046.83600 27003.57300 26967.78700 26965.82350 26922.02500 26885.30800 27005.05250 26961.25400 26924.53700 27038.17300 26994.37450 26957.65750 26954.25800 26909.74700 26871.83150 26993.48700 26948.97600 26911.06050 27026.60750 26982.09650 26944.18100
26978.71950 26934.92100 26898.20400 27018.98850 26975.19000 26938.47300 27053.80000 27010.00150 26973.28450 26967.15400 26922.64300 26884.72750 27007.42300 26962.91200 26924.99650 27042.23450 26997.72350 26959.80800 26952.67700 26907.27650 26867.92450 26992.94600 26947.54550 26908.19350 27027.75750 26982.35700 26943.00500
26983.32250 26938.81150 26900.89600 27024.88200 26980.37100 26942.45550 27061.67700 27017.16600 26979.25050 26968.84550 26923.44500 26884.09300 27010.40500 26965.00450 26925.65250 27047.20000 27001.79950 26962.44750 26951.44400 26904.98200 26863.98650 26993.00350 26946.54150 26905.54600 27029.79850 26983.33650 26942.34100
26988.31300 26942.91250 26903.56050 27031.40000 26985.99950 26946.64750 27070.41650 27025.01600 26985.66400 26970.91150 26924.44950 26883.45400 27013.99850 26967.53650 26926.54100 27053.01500 27006.55300 26965.55750 26950.57300 26902.88400 26860.06600 26993.66000 26945.97100 26903.15300 27032.67650 26984.98750 26942.16950
26993.70300 26947.24100 26906.24550 27038.53750 26992.07550 26951.08000 27079.97000 27033.50800 26992.51250 26973.36450 26925.67550 26882.85750 27018.19900 26970.51000 26927.69200 27059.63150 27011.94250 26969.12450 26950.07550 26901.00150 26856.20900 26994.91000 26945.83600 26901.04350 27036.34250 26987.26850 26942.47600
26999.50450 26951.81550 26908.99750 27046.28750 26998.59850 26955.78050 27090.29100 27042.60200 26999.78400 26976.21550 26927.14150 26882.34900 27022.99850 26973.92450 26929.13200 27067.00200 27017.92800 26973.13550 26949.96300 26899.35600 26852.46000 26996.74600 26946.13900 26899.24300 27040.74950 26990.14250 26943.24650
27005.72800 26956.65400 26911.86150 27054.63750 27005.56350 26960.77100 27101.33800 27052.26400 27007.47150 26979.47550 26928.86850 26881.97250 27028.38500 26977.77800 26930.88200 27075.08550 27024.47850 26977.58250 26950.24650 26897.97000 26848.86100 26999.15600 26946.87950 26897.77050 27045.85650 26993.58000 26944.47100
27012.38000 26961.77300 26914.87700 27063.57450 27012.96750 26966.07150 27113.07400 27062.46700 27015.57100 26983.15100 26930.87450 26881.76550 27034.34550 26982.06900 26932.96000 27083.84500 27031.56850 26982.45950 26950.93550 26896.86250 26845.44700 27002.13000 26948.05700 26896.64150 27051.62950 26997.55650 26946.14100
27019.46500 26967.18850 26918.07950 27073.08300 27020.80650 26971.69750 27125.46700 27073.19050 27024.08150 26987.24950 26933.17650 26881.76100 27040.86750 26986.79450 26935.37900 27093.25150 27039.17850 26987.76300 26952.03550 26896.05100 26842.25150 27005.65350 26949.66900 26895.86950 27058.03750 27002.05300 26948.25350
27026.98900 26972.91600 26921.50050 27083.15100 27029.07800 26977.66250 27138.48800 27084.41500 27032.99950 26991.77500 26935.79050 26881.99100 27047.93700 26991.95250 26938.15300 27103.27400 27047.28950 26993.49000 26953.55350 26895.55400 26839.30200 27009.71550 26951.71600 26895.46400 27065.05250 27007.05300 26950.80100
27034.95200 26978.96750 26925.16800 27093.76300 27037.77850 26983.97900 27152.11100 27096.12650 27042.32700 26996.73050 26938.73100 26882.47900 27055.54150 26997.54200 26941.29000 27113.88950 27055.89000 26999.63800 26955.49400 26895.38600 26836.62400 27014.30500 26954.19700 26895.43500 27072.65300 27012.54500 26953.78300
27043.35600 26985.35650 26929.10450 27104.90600 27046.90650 26990.65450 27166.31400 27108.31450 27052.06250 27002.11950 26942.01150 26883.24950 27063.66950 27003.56150 26944.79950 27125.07750 27064.96950 27006.20750 26957.86000 26895.55850 26834.23800 27019.41000 26957.10850 26895.78800 27080.81800 27018.51650 26957.19600
27052.20050 26992.09250 26933.33050 27116.56950 27056.46150 26997.69950 27181.07800 27120.97000 27062.20800 27007.94100 26945.63950 26884.31900 27072.31000 27010.00850 26948.68800 27136.81850 27074.51700 27013.19650 26960.65250 26896.08300 26832.16050 27025.02150 26960.45200 26896.52950 27089.53000 27024.96050 26961.03800
27061.48550 26999.18400 26937.86350 27128.74050 27066.43900 27005.11850 27196.38600 27134.08450 27072.76400 27014.19700 26949.62750 26885.70500 27081.45200 27016.88250 26952.96000 27149.09750 27084.52800 27020.60550 26963.87500 26896.97100 26830.40850 27031.13000 26964.22600 26897.66350 27098.77550 27031.87150 26965.30900
27071.21100 27006.64150 26942.71900 27141.41050 27076.84100 27012.91850 27212.22250 27147.65300 27083.73050 27020.88900 26953.98500 26887.42250 27091.08850 27024.18450 26957.62200 27161.90050 27094.99650 27028.43400 26967.53000 26898.23000 26828.99600 27037.72950 26968.42950 26899.19550 27108.54150 27039.24150 26970.00750
27081.37500 27014.47100 26947.90850 27154.57050 27087.66650 27021.10400 27228.57550 27161.67150 27095.10900 27028.01600 26958.71600 26889.48200 27101.21150 27031.91150 26962.67750 27175.21650 27105.91650 27036.68250 26971.61650 26899.86700 26827.93300 27044.81200 26973.06250 26901.12850 27118.81700 27047.06750 26975.13350
27091.97750 27022.67750 26953.44350 27168.21400 27098.91400 27029.68000 27245.43350 27176.13350 27106.89950 27035.57800 26963.82850 26891.89450 27111.81450 27040.06500 26968.13100 27189.03400 27117.28450 27045.35050 26976.13450 26901.88850 26827.23050 27052.37100 26978.12500 26903.46700 27129.59050 27055.34450 26980.68650
27103.01750 27031.26800 26959.33400 27182.33250 27110.58300 27038.64900 27262.78650 27191.03700 27119.10300 27043.57400 26969.32800 26894.67000 27122.88900 27048.64300 26973.98500 27203.34300 27129.09700 27054.43900 26981.08650 26904.30150 26826.89650 27060.40150 26983.61650 26906.21150 27140.85550 27064.07050 26986.66550
27114.49200 27040.24600 26965.58800 27196.91950 27122.67350 27048.01550 27280.62450 27206.37850 27131.72050 27052.00450 26975.21950 26897.81450 27134.43200 27057.64700 26980.24200 27218.13700 27141.35200 27063.94700 26986.47100 26907.10950 26826.93900 27068.89850 26989.53700 26909.36650 27152.60350 27073.24200 26993.07150
27126.40200 27049.61700 26972.21200 27211.97100 27135.18600 27057.78100 27298.94150 27222.15650 27144.75150 27060.86850 26981.50700 26901.33650 27146.43750 27067.07600 26986.90550 27233.40800 27154.04650 27073.87600 26992.28950 26910.31700 26827.36400 27077.85850 26995.88600 26912.93300 27164.82900 27082.85650 26999.90350
27138.74450 27059.38300 26979.21250 27227.48050 27148.11900 27067.94850 27317.73000 27238.36850 27158.19800 27070.16550 26988.19300 26905.24000 27158.90150 27076.92900 26993.97600 27249.15100 27167.17850 27084.22550 26998.54050 26913.92700 26828.17700 27087.27650 27002.66300 26916.91300 27177.52600 27092.91250 27007.16250
27151.52000 27069.54750 26986.59450 27243.44600 27161.47350 27078.52050 27336.98300 27255.01050 27172.05750 27079.89500 26995.28150 26909.53150 27171.82100 27087.20750 27001.45750 27265.35800 27180.74450 27094.99450 27005.22450 26917.94450 26829.38400 27097.15050 27009.87050 26921.31000 27190.68750 27103.40750 27014.84700
27164.72700 27080.11350 26994.36350 27259.86100 27175.24750 27089.49750 27356.69650 27272.08300 27186.33300 27090.05650 27002.77650 26914.21600 27185.19050 27097.91050 27009.35000 27282.02600 27194.74600 27106.18550 27012.34250 26922.37100 26830.99000 27107.47650 27017.50500 26926.12400 27204.31200 27114.34050 27022.95950
27178.36350 27091.08350 27002.52300 27276.72300 27189.44300 27100.88250 27376.86450 27289.58450 27201.02400 27100.64950 27010.67800 26919.29700 27199.00900 27109.03750 27017.65650 27299.15050 27209.17900 27117.79800 27019.89300 26927.20900 26832.99650 27118.25250 27025.56850 26931.35600 27218.39400 27125.71000 27031.49750
27192.43000 27102.45850 27011.07750 27294.02900 27204.05750 27112.67650 27397.48400 27307.51250 27216.13150 27111.67350 27018.98950 26924.77700 27213.27250 27120.58850 27026.37600 27316.72750 27224.04350 27129.83100 27027.87550 26932.46100 26835.40850 27129.47450 27034.06000 26937.00750 27232.92950 27137.51500 27040.46250
27206.92450 27114.24050 27020.02800 27311.77650 27219.09250 27124.88000 27418.54950 27325.86550 27231.65300 27123.12650 27027.71200 26930.65950 27227.97850 27132.56400 27035.51150 27334.75150 27239.33700 27142.28450 27036.29050 26938.12900 26838.22850 27141.14250 27042.98100 26943.08050 27247.91550 27149.75400 27049.85350
27221.84600 27126.43150 27029.37900 27329.96200 27234.54750 27137.49500 27440.05700 27344.64250 27247.59000 27135.01000 27036.84850 26936.94800 27243.12600 27144.96450 27045.06400 27353.22100 27255.05950 27155.15900 27045.13750 26944.21400 26841.46050 27153.25350 27052.33000 26949.57650 27263.34850 27162.42500 27059.67150
27237.19450 27139.03300 27039.13250 27348.58250 27250.42100 27150.52050 27462.00500 27363.84350 27263.94300 27147.32200 27046.39850 26943.64500 27258.71000 27157.78650 27055.03300 27372.13250 27271.20900 27168.45550 27054.41700 26950.71800 26845.10550 27165.80500 27062.10600 26956.49350 27279.22750 27175.52850 27069.91600
27252.96850 27152.04500 27049.29150 27367.63700 27266.71350 27163.96000 27484.38900 27383.46550 27280.71200 27160.06350 27056.36450 26950.75200 27274.73200 27171.03300 27065.42050 27391.48400 27287.78500 27182.17250 27064.12800 26957.64300 26849.16650 27178.79650 27072.31150 26963.83500 27295.54850 27189.06350 27080.58700
27269.16800 27165.46900 27059.85650 27387.12400 27283.42500 27177.81250 27507.20700 27403.50800 27297.89550 27173.23250 27066.74750 26958.27100 27291.18850 27184.70350 27076.22700 27411.27150 27304.78650 27196.31000 27074.27100 26964.98900 26853.64500 27192.22700 27082.94500 26971.60100 27312.31000 27203.02800 27091.68400
27285.79100 27179.30600 27070.82950 27407.03950 27300.55450 27192.07800 27530.45650 27423.97150 27315.49500 27186.82950 27077.54750 26966.20350 27308.07800 27198.79600 27087.45200 27431.49500 27322.21300 27210.86900 27084.84400 26972.75800 26858.54350 27206.09250 27094.00650 26979.79200 27329.50950 27217.42350 27103.20900
27302.83850 27193.55650 27082.21250 27427.38400 27318.10200 27206.75800 27554.13450 27444.85250 27333.50850 27200.85300 27088.76700 26974.55250 27325.39850 27213.31250 27099.09800 27452.14900 27340.06300 27225.84850 27095.84850 26980.95050 26863.86350 27220.39400 27105.49600 26988.40900 27347.14450 27232.24650 27115.15950
27320.30750 27208.22150 27094.00700 27448.15400 27336.06800 27221.85350 27578.23900 27466.15300 27351.93850 27215.30300 27100.40500 26983.31800 27343.14950 27228.25150 27111.16450 27473.23450 27358.33650 27241.24950 27107.28350 26989.56650 26869.60500 27235.13000 27117.41300 26997.45150 27365.21500 27247.49800 27127.53650
27338.19850 27223.30050 27106.21350 27469.34850 27354.45050 27237.36350 27602.76700 27487.86900 27370.78200 27230.17900 27112.46200 26992.50050 27361.32900 27243.61200 27123.65050 27494.74750 27377.03050 27257.06900 27119.14900 26998.60800 26875.77050 27250.29900 27129.75800 27006.92050 27383.71750 27263.17650 27140.33900
27356.51150 27238.79450 27118.83300 27490.96650 27373.24950 27253.28800 27627.71850 27510.00150 27390.04000 27245.48150 27124.94050 27002.10300 27379.93650 27259.39550 27136.55800 27516.68850 27396.14750 27273.31000 27131.44450 27008.07550 26882.36200 27265.89950 27142.53050 27016.81700 27402.65150 27279.28250 27153.56900
27375.24450 27254.70350 27131.86600 27513.00700 27392.46600 27269.62850 27653.09050 27532.54950 27409.71200 27261.20750 27137.83850 27012.12500 27398.97000 27275.60100 27149.88750 27539.05350 27415.68450 27289.97100 27144.16950 27017.96850 26889.37900 27281.93200 27155.73100 27027.14150 27422.01550 27295.81450 27167.22500
27394.39800 27271.02900 27145.31550 27535.46650 27412.09750 27286.38400 27678.88050 27555.51150 27429.79800 27277.36000 27151.15900 27022.56950 27418.42850 27292.22750 27163.63800 27561.84250 27435.64150 27307.05200 27157.32550 27028.28900 26896.82450 27298.39400 27169.35750 27037.89300 27441.80800 27312.77150 27181.30700
27413.97000 27287.76900 27159.17950 27558.34650 27432.14550 27303.55600 27705.08800 27578.88700 27450.29750 27293.93550 27164.89900 27033.43450 27438.31200 27309.27550 27177.81100 27585.05350 27456.01700 27324.55250 27170.90900 27039.03600 26904.69650 27315.28550 27183.41250 27049.07300 27462.02700 27330.15400 27195.81450
27433.96150 27304.92500 27173.46050 27581.64450 27452.60800 27321.14350 27731.71100 27602.67450 27471.21000 27310.93500 27179.06200 27044.72250 27458.61800 27326.74500 27192.40550 27608.68450 27476.81150 27342.47200 27184.92250 27050.21100 26912.99850 27332.60550 27197.89400 27060.68150 27482.67200 27347.96050 27210.74800
27454.37100 27322.49800 27188.15850 27605.35900 27473.48600 27339.14650 27758.74800 27626.87500 27492.53550 27328.35850 27193.64700 27056.43450 27479.34650 27344.63500 27207.42250 27632.73550 27498.02400 27360.81150 27199.36500 27061.81400 26921.73050 27350.35300 27212.80200 27072.71850 27503.74200 27366.19100 27226.10750
27475.19750 27340.48600 27203.27350 27629.48900 27494.77750 27357.56500 27786.19750 27651.48600 27514.27350 27346.20400 27208.65300 27068.56950 27500.49550 27362.94450 27222.86100 27657.20400 27519.65300 27379.56950 27214.23550 27073.84500 26930.89250 27368.52700 27228.13650 27085.18400 27525.23550 27384.84500 27241.89250
27496.44100 27358.89000 27218.80650 27654.03350 27516.48250 27376.39900 27814.05750 27676.50650 27536.42300 27364.47250 27224.08200 27081.12950 27522.06500 27381.67450 27238.72200 27682.08900 27541.69850 27398.74600 27229.53450 27086.30500 26940.48600 27387.12700 27243.89750 27098.07850 27547.15100 27403.92150 27258.10250
27518.10050 27377.71000 27234.75750 27678.99200 27538.60150 27395.64900 27842.32750 27701.93700 27558.98450 27383.16250 27239.93300 27094.11400 27544.05400 27400.82450 27255.00550 27707.38950 27564.16000 27418.34100 27245.26100 27099.19350 26950.51100 27406.15250 27260.08500 27111.40250 27569.48800 27423.42050 27274.73800
27540.17500 27396.94550 27251.12650 27704.36250 27561.13300 27415.31400 27871.00500 27727.77550 27581.95650 27402.27350 27256.20600 27107.52350 27566.46100 27420.39350 27271.71100 27733.10350 27587.03600 27438.35350 27261.41500 27112.51100 26960.96800 27425.60250 27276.69850 27125.15550 27592.24500 27443.34100 27291.79800
27562.66450 27416.59700 27267.91450 27730.14450 27584.07700 27435.39450 27900.08900 27754.02150 27605.33900 27421.80600 27272.90200 27121.35900 27589.28600 27440.38200 27288.83900 27759.23050 27610.32650 27458.78350 27277.99700 27126.25750 26971.85800 27445.47700 27293.73750 27139.33800 27615.42150 27463.68200 27309.28250
27585.56800 27436.66400 27285.12100 27756.33700 27607.43300 27455.89000 27929.57950 27780.67550 27629.13250 27441.75900 27290.01950 27135.62000 27612.52800 27460.78850 27306.38900 27785.77050 27634.03100 27479.63150 27295.00550 27140.43300 26983.18100 27465.77450 27311.20200 27153.95000 27639.01700 27484.44450 27327.19250
27608.88600 27457.14650 27302.74700 27782.94000 27631.20050 27476.80100 27959.47400 27807.73450 27653.33500 27462.13250 27307.56000 27150.30800 27636.18650 27481.61400 27324.36200 27812.72050 27658.14800 27500.89600 27312.44050 27155.03800 26994.93800 27486.49450 27329.09200 27168.99200 27663.02850 27505.62600 27345.52600
27632.61650 27478.04400 27320.79200 27809.95050 27655.37800 27498.12600 27989.77200 27835.19950 27677.94750 27482.92450 27325.52200 27165.42200 27660.25850 27502.85600 27342.75600 27840.08000 27682.67750 27522.57750 27330.30250 27170.07250 27007.12900 27507.63650 27347.40650 27184.46300 27687.45800 27527.22800 27364.28450
27656.75850 27499.35600 27339.25600 27837.36800 27679.96550 27519.86550 28020.47050 27863.06800 27702.96800 27504.13650 27343.90650 27180.96300 27684.74600 27524.51600 27361.57250 27867.84850 27707.61850 27544.67500 27348.59050 27185.53700 27019.75400 27529.20000 27366.14650 27200.36350 27712.30250 27549.24900 27383.46600
27681.31300 27521.08300 27358.13950 27865.19250 27704.96250 27542.01900 28051.57050 27891.34050 27728.39700 27525.76700 27362.71350 27196.93050 27709.64650 27546.59300 27380.81000 27896.02450 27732.97100 27567.18800 27367.30400 27201.43050 27032.81400 27551.18350 27385.31000 27216.69350 27737.56150 27571.68800 27403.07150
27706.27900 27543.22550 27377.44250 27893.42350 27730.37000 27564.58700 28083.07000 27920.01650 27754.23350 27547.81600 27381.94250 27213.32600 27734.96050 27569.08700 27400.47050 27924.60700 27758.73350 27590.11700 27386.44350 27217.75400 27046.30950 27573.58800 27404.89850 27233.45400 27763.23450 27594.54500 27423.10050
27731.65450 27565.78100 27397.16450 27922.05800 27756.18450 27587.56800 28114.96750 27949.09400 27780.47750 27570.28200 27401.59250 27230.14800 27760.68550 27591.99600 27420.55150 27953.59500 27784.90550 27613.46100 27406.00750 27234.50700 27060.23950 27596.41100 27424.91050 27250.64300 27789.32050 27617.82000 27443.55250
27757.43950 27588.75000 27417.30550 27951.09700 27782.40750 27610.96300 28147.26200 27978.57250 27807.12800 27593.16500 27421.66450 27247.39700 27786.82250 27615.32200 27441.05450 27982.98750 27811.48700 27637.21950 27425.99600 27251.68900 27074.60400 27619.65350 27445.34650 27268.26150 27815.81850 27641.51150 27464.42650
27783.63450 27612.13400 27437.86650 27980.53850 27809.03800 27634.77050 28179.95200 28008.45150 27834.18400 27616.46550 27442.15850 27265.07350 27813.36950 27639.06250 27461.97750 28012.78300 27838.47600 27661.39100 27446.41000 27269.30100 27089.40600 27643.31400 27466.20500 27286.31000 27842.72750 27665.61850 27485.72350
27810.23750 27635.93050 27458.84550 28010.38200 27836.07500 27658.99000 28213.03700 28038.73000 27861.64500 27640.18200 27463.07300 27283.17800 27840.32650 27663.21750 27483.32250 28042.98150 27865.87250 27685.97750 27467.24750 27287.34250 27104.64250 27667.39200 27487.48700 27304.78700 27870.04700 27690.14200 27507.44200
27837.24800 27660.13900 27480.24400 28040.62650 27863.51750 27683.62250 28246.51600 28069.40700 27889.51200 27664.31350 27484.40850 27301.70850 27867.69200 27687.78700 27505.08700 28073.58150 27893.67650 27710.97650 27488.50800 27305.81300 27120.31550 27691.88650 27509.19150 27323.69400 27897.77600 27715.08100 27529.58350
27864.66600 27684.76100 27502.06100 28071.27050 27891.36550 27708.66550 28280.38700 28100.48200 27917.78200 27688.86050 27506.16550 27320.66800 27895.46500 27712.77000 27527.27250 28104.58150 27921.88650 27736.38900 27510.19300 27324.71350 27136.42450 27716.79750 27531.31800 27343.02900 27925.91400 27740.43450 27552.14550
27892.48950 27709.79450 27524.29700 28102.31400 27919.61900 27734.12150 28314.64900 28131.95400 27946.45650 27713.82200 27528.34250 27340.05350 27923.64650 27738.16700 27549.87800 28135.98150 27950.50200 27762.21300 27532.30000 27344.04200 27152.96900 27742.12450 27553.86650 27362.79350 27954.45950 27766.20150 27575.12850
27920.72000 27735.24050 27546.95150 28133.75600 27948.27650 27759.98750 28349.30250 28163.82300 27975.53400 27739.19800 27550.94000 27359.86700 27952.23400 27763.97600 27572.90300 28167.78050 27979.52250 27788.44950 27554.83050 27363.80100 27169.95100 27767.86650 27576.83700 27382.98700 27983.41300 27792.38350 27598.53350
27949.35500 27761.09700 27570.02400 28165.59550 27977.33750 27786.26450 28384.34350 28196.08550 28005.01250 27764.98750 27573.95800 27380.10800 27981.22800 27790.19850 27596.34850 28199.97600 28008.94650 27815.09650 27577.78300 27383.98850 27187.36900 27794.02350 27600.22900 27403.60950 28012.77150 27818.97700 27622.35750
27978.39450 27787.36500 27593.51500 28197.83100 28006.80150 27812.95150 28419.77400 28228.74450 28034.89450 27791.19000 27597.39550 27400.77600 28010.62650 27816.83200 27620.21250 28232.56950 28038.77500 27842.15550 27601.15700 27404.60450 27205.22350 27820.59350 27624.04100 27424.66000 28042.53650 27845.98400 27646.60300
28007.83750 27814.04300 27617.42350 28230.46250 28036.66800 27840.04850 28455.59000 28261.79550 28065.17600 27817.80450 27621.25200 27421.87100 28040.42950 27843.87700 27644.49600 28265.55700 28069.00450 27869.62350 27624.95300 27425.64900 27223.51450 27847.57800 27648.27400 27446.13950 28072.70550 27873.40150 27671.26700
28037.68300 27841.13050 27641.74950 28263.48750 28066.93500 27867.55400 28491.79250 28295.24000 28095.85900 27844.83150 27645.52750 27443.39300 28070.63600 27871.33200 27669.19750 28298.94100 28099.63700 27897.50250 27649.16900 27447.12150 27242.24150 27874.97350 27672.92600 27468.04600 28103.27850 27901.23100 27696.35100
28067.93150 27868.62750 27666.49300 28296.90750 28097.60350 27895.46900 28528.37950 28329.07550 28126.94100 27872.26900 27670.22150 27465.34150 28101.24500 27899.19750 27694.31750 28332.71700 28130.66950 27925.78950 27673.80600 27469.02300 27261.40550 27902.78200 27697.99900 27490.38150 28134.25400 27929.47100 27721.85350
28098.58100 27896.53350 27691.65350 28330.71950 28128.67200 27923.79200 28565.35000 28363.30250 28158.42250 27900.11800 27695.33500 27487.71750 28132.25650 27927.47350 27719.85600 28366.88700 28162.10400 27954.48650 27698.86350 27491.35250 27281.00600 27931.00200 27723.49100 27513.14450 28165.63250 27958.12150 27747.77500
28129.63150 27924.84850 27717.23100 28364.92300 28160.14000 27952.52250 28602.70250 28397.91950 28190.30200 27928.37700 27720.86600 27510.51950 28163.66850 27956.15750 27745.81100 28401.44800 28193.93700 27983.59050 27724.34050 27514.11000 27301.04300 27959.63200 27749.40150 27536.33450 28197.41150 27987.18100 27774.11400
28161.08200 27953.57100 27743.22450 28399.51800 28192.00700 27981.66050 28640.43650 28432.92550 28222.57900 27957.04550 27746.81500 27533.74800 28195.48150 27985.25100 27772.18400 28436.40000 28226.16950 28013.10250 27750.23700 27537.29450 27321.51700 27988.67300 27775.73050 27559.95300 28229.59150 28016.64900 27800.87150
28192.93200 27982.70150 27769.63450 28434.50250 28224.27200 28011.20500 28678.55100 28468.32050 28255.25350 27986.12350 27773.18100 27557.40350 28227.69400 28014.75150 27798.97400 28471.74250 28258.80000 28043.02250 27776.55250 27560.90700 27342.42650 28018.12300 27802.47750 27583.99700 28262.17150 28046.52600 27828.04550
28225.18050 28012.23800 27796.46050 28469.87600 28256.93350 28041.15600 28717.04400 28504.10150 28288.32400 28015.60950 27799.96400 27581.48350 28260.30500 28044.65950 27826.17900 28507.47300 28291.82750 28073.34700 27803.28600 27584.94650 27363.77350 28047.98150 27829.64200 27608.46900 28295.14950 28076.81000 27855.63700
28257.82700 28042.18150 27823.70100 28505.63800 28289.99250 28071.51200 28755.91500 28540.26950 28321.78900 28045.50350 27827.16400 27605.99100 28293.31450 28074.97500 27853.80200 28543.59150 28325.25200 28104.07900 27830.43850 27609.41250 27385.55600 28078.24950 27857.22350 27633.36700 28328.52650 28107.50050 27883.64400
28290.87000 28072.53050 27851.35750 28541.78650 28323.44700 28102.27400 28795.16250 28576.82300 28355.65000 28075.80500 27854.77900 27630.92250 28326.72150 28105.69550 27881.83900 28580.09750 28359.07150 28135.21500 27858.00700 27634.30550 27407.77450 28108.92350 27885.22200 27658.69100 28362.29950 28138.59800 27912.06700
28324.31050 28103.28450 27879.42800 28578.32200 28357.29600 28133.43950 28834.78700 28613.76100 28389.90450 28106.51250 27882.81100 27656.28000 28360.52400 28136.82250 27910.29150 28616.98900 28393.28750 28166.75650 27885.99350 27659.62500 27430.43000 28140.00500 27913.63650 27684.44150 28396.47000 28170.10150 27940.90650
28358.14550 28134.44400 27907.91300 28615.24200 28391.54050 28165.00950 28874.78400 28651.08250 28424.55150 28137.62650 27911.25800 27682.06300 28394.72300 28168.35450 27939.15950 28654.26500 28427.89650 28198.70150 27914.39650 27685.37050 27453.52100 28171.49300 27942.46700 27710.61750 28431.03500 28202.00900 27970.15950
28392.37600 28166.00750 27936.81250 28652.54600 28426.17750 28196.98250 28915.15500 28688.78650 28459.59150 28169.14600 27940.12000 27708.27050 28429.31600 28200.29000 27968.44050 28691.92500 28462.89900 28231.04950 27943.21550 27711.54200 27477.04850 28203.38550 27971.71200 27737.21850 28465.99450 28234.32100 27999.82750
28427.00000 28197.97400 27966.12450 28690.23350 28461.20750 28229.35800 28955.89900 28726.87300 28495.02350 28201.06950 27969.39600 27734.90250 28464.30300 28232.62950 27998.13600 28729.96850 28498.29500 28263.80150 27972.45000 27738.13800 27501.01100 28235.68350 28001.37150 27764.24450 28501.34900 28267.03700 28029.91000
28462.01700 28230.34350 27995.85000 28728.30300 28496.62950 28262.13600 28997.01300 28765.33950 28530.84600 28233.39750 27999.08550 27761.95850 28499.68350 28265.37150 28028.24450 28768.39350 28534.08150 28296.95450 28002.09900 27765.16000 27525.41000 28268.38500 28031.44600 27791.69600 28537.09500 28300.15600 28060.40600
28497.42650 28263.11450 28025.98750 28766.75450 28532.44250 28295.31550 29038.49700 28804.18500 28567.05800 28266.12800 28029.18900 27789.43900 28535.45600 28298.51700 28058.76700 28807.19850 28570.25950 28330.50950 28032.16300 27792.60650 27550.24350 28301.49100 28061.93450 27819.57150 28573.23350 28333.67700 28091.31400
28533.22750 28296.28850 28056.53850 28805.58500 28568.64600 28328.89600 29080.35000 28843.41100 28603.66100 28299.26250 28059.70600 27817.34300 28571.62000 28332.06350 28089.70050 28846.38500 28606.82850 28364.46550 28062.64100 27820.47750 27575.51300 28334.99850 28092.83500 27847.87050 28609.76350 28367.60000 28122.63550
28569.41950 28329.86300 28087.50000 28844.79600 28605.23950 28362.87650 29122.57050 28883.01400 28640.65100 28332.79800 28090.63450 27845.67000 28608.17450 28366.01100 28121.04650 28885.94900 28643.78550 28398.82100 28093.53200 27848.77300 27601.21700 28368.90850 28124.14950 27876.59350 28646.68300 28401.92400 28154.36800
28606.00100 28363.83750 28118.87300 28884.38450 28642.22100 28397.25650 29165.15700 28922.99350 28678.02900 28366.73500 28121.97600 27874.42000 28645.11850 28400.35950 28152.80350 28925.89100 28681.13200 28433.57600 28124.83700 27877.49150 27627.35650 28403.22050 28155.87500 27905.74000 28683.99300 28436.64750 28186.51250
28642.97150 28398.21250 28150.65650 28924.35050 28679.59150 28432.03550 29208.10850 28963.34950 28715.79350 28401.07350 28153.72800 27903.59300 28682.45250 28435.10700 28184.97200 28966.21050 28718.86500 28468.73000 28156.55350 27906.63400 27653.93050 28437.93250 28188.01300 27935.30950 28721.69050 28471.77100 28219.06750
28680.33150 28432.98600 28182.85100 28964.69300 28717.34750 28467.21250 29251.42500 29004.07950 28753.94450 28435.81150 28185.89200 27933.18850 28720.17300 28470.25350 28217.55000 29006.90500 28756.98550 28504.28200 28188.68300 27936.20000 27680.94000 28473.04450 28220.56150 27965.30150 28759.77650 28507.29350 28252.03350
28718.07700 28468.15750 28215.45400 29005.41000 28755.49050 28502.78700 29295.10350 29045.18400 28792.48050 28470.94850 28218.46550 27963.20550 28758.28150 28505.79850 28250.53850 29047.97500 28795.49200 28540.23200 28221.22200 27966.18700 27708.38200 28508.55500 28253.52000 27995.71500 28798.24850 28543.21350 28285.40850
28756.21100 28503.72800 28248.46800 29046.50200 28794.01900 28538.75900 29339.14350 29086.66050 28831.40050 28506.48450 28251.44950 27993.64450 28796.77550 28541.74050 28283.93550 29089.41700 28834.38200 28576.57700 28254.17300 27996.59800 27736.25950 28544.46400 28286.88900 28026.55050 28837.10550 28579.53050 28319.19200
28794.72900 28539.69400 28281.88900 29087.96650 28832.93150 28575.12650 29383.54450 29128.50950 28870.70450 28542.41750 28284.84250 28024.50400 28835.65500 28578.08000 28317.74150 29131.23300 28873.65800 28613.31950 28287.53400 28027.42950 27764.57000 28580.77150 28320.66700 28057.80750 28876.34950 28616.24500 28353.38550
28833.63200 28576.05700 28315.71850 29129.80300 28872.22800 28611.88950 29428.30350 29170.72850 28910.39000 28578.74850 28318.64400 28055.78450 28874.91950 28614.81500 28351.95550 29173.42000 28913.31550 28650.45600 28321.30400 28058.68300 27793.31450 28617.47500 28354.85400 28089.48550 28915.97550 28653.35450 28387.98600
28872.91950 28612.81500 28349.95550 29172.01100 28911.90650 28649.04700 29473.42200 29213.31750 28950.45800 28615.47500 28352.85400 28087.48550 28914.56650 28651.94550 28386.57700 29215.97750 28953.35650 28687.98800 28355.48350 28090.35750 27822.49200 28654.57500 28389.44900 28121.58350 28955.98600 28690.86000 28422.99450
28912.58950 28649.96850 28384.60000 29214.58900 28951.96800 28686.59950 29518.89550 29256.27450 28990.90600 28652.59800 28387.47200 28119.60650 28954.59750 28689.47150 28421.60600 29258.90400 28993.77800 28725.91250 28390.07100 28122.45250 27852.10300 28692.07050 28424.45200 28154.10250 28996.37700 28728.75850 28458.40900
28952.64250 28687.51650 28419.65100 29257.53600 28992.41000 28724.54450 29564.72600 29299.60000 29031.73450 28690.11550 28422.49700 28152.14750 28995.00900 28727.39050 28457.04100 29302.19900 29034.58050 28764.23100 28425.06650 28154.96800 27882.14650 28729.96000 28459.86150 28187.04000 29037.15000 28767.05150 28494.23000
28993.07550 28725.45700 28455.10750 29300.85050 29033.23200 28762.88250 29610.91000 29343.29150 29072.94200 28728.02650 28457.92800 28185.10650 29035.80150 28765.70300 28492.88150 29345.86100 29075.76250 28802.94100 28460.46900 28187.90200 27912.62250 28768.24400 28495.67700 28220.39750 29078.30350 28805.73650 28530.45700
29033.88950 28763.79100 28490.96950 29344.53150 29074.43300 28801.61150 29657.44650 29387.34800 29114.52650 28766.33200 28493.76500 28218.48550 29076.97400 28804.40700 28529.12750 29389.88900 29117.32200 28842.04250 28496.27850 28221.25650 27943.53100 28806.92050 28531.89850 28254.17300 29119.83550 28844.81350 28567.08800
29075.08250 28802.51550 28527.23600 29388.57900 29116.01200 28840.73250 29704.33550 29431.76850 29156.48900 28805.02900 28530.00700 28252.28150 29118.52550 28843.50350 28565.77800 29434.28200 29159.26000 28881.53450 28532.49300 28255.02850 27974.87050 28845.98950 28568.52500 28288.36700 29161.74600 28884.28150 28604.12350
29116.65450 28841.63250 28563.90700 29432.99050 29157.96850 28880.24300 29751.57550 29476.55350 29198.82800 28844.11850 28566.65400 28286.49600 29160.45450 28882.99000 28602.83200 29479.03950 29201.57500 28921.41700 28569.11350 28289.22000 28006.64250 28885.44950 28605.55600 28322.97850 29204.03450 28924.14100 28641.56350
29158.60350 28881.13900 28600.98100 29477.76550 29200.30100 28920.14300 29799.16400 29521.69950 29241.54150 28883.59850 28603.70500 28321.12750 29202.76050 28922.86700 28640.28950 29524.15900 29244.26550 28961.68800 28606.13800 28323.82850 28038.84500 28925.30000 28642.99050 28358.00700 29246.69850 28964.38900 28679.40550
29200.92900 28921.03550 28638.45800 29522.90300 29243.00950 28960.43200 29847.10000 29567.20650 29284.62900 28923.46850 28641.15900 28356.17550 29245.44250 28963.13300 28678.14950 29569.63950 29287.33000 29002.34650 28643.56700 28358.85450 28071.47900 28965.54100 28680.82850 28393.45300 29289.73800 29005.02550 28717.65000
29243.63000 28961.32050 28676.33700 29568.40150 29286.09200 29001.10850 29895.38350 29613.07400 29328.09050 28963.72850 28679.01600 28391.64050 29288.50000 29003.78750 28716.41200 29615.48200 29330.76950 29043.39400 28681.39850 28394.29700 28104.54300 29006.17000 28719.06850 28429.31450 29333.15200 29046.05050 28756.29650
29286.70600 29001.99350 28714.61800 29614.26050 29329.54800 29042.17250 29944.01250 29659.30000 29371.92450 29004.37600 28717.27450 28427.52050 29331.93050 29044.82900 28755.07500 29661.68250 29374.58100 29084.82700 28719.63250 28430.15600 28138.03650 29047.18700 28757.71050 28465.59100 29376.93900 29087.46250 28795.34300
29330.15550 29043.05400 28753.30000 29660.47750 29373.37600 29083.62200 29992.98450 29705.88300 29416.12900 29045.41200 28755.93550 28463.81600 29375.73400 29086.25750 28794.13800 29708.24100 29418.76450 29126.64500 28758.27000 28466.43100 28171.96100 29088.59200 28796.75300 28502.28300 29421.09900 29129.26000 28834.79000
29373.97750 29084.50100 28792.38150 29707.05350 29417.57700 29125.45750 30042.30000 29752.82350 29460.70400 29086.83550 28794.99650 28500.52650 29419.91150 29128.07250 28833.60250 29755.15800 29463.31900 29168.84900 28797.30750 28503.12050 28206.31450 29130.38350 28836.19650 28539.39050 29465.63000 29171.44300 28874.63700
29418.17150 29126.33250 28831.86250 29753.98650 29462.14750 29167.67750 30091.95750 29800.11850 29505.64850 29128.64350 28834.45650 28537.65050 29464.45850 29170.27150 28873.46550 29802.42950 29508.24250 29211.43650 28836.74450 28540.22500 28241.09650 29172.55950 28876.04000 28576.91150 29510.53050 29214.01100 28914.88250
29462.73650 29168.54950 28871.74350 29801.27400 29507.08700 29210.28100 30141.95450 29847.76750 29550.96150 29170.83750 28874.31800 28575.18950 29509.37500 29212.85550 28913.72700 29850.05550 29553.53600 29254.40750 28876.58350 28577.74400 28276.30800 29215.12100 28916.28150 28614.84550 29555.80150 29256.96200 28955.52600
29507.67000 29211.15050 28912.02200 29848.91550 29552.39600 29253.26750 30192.29000 29895.77050 29596.64200 29213.41600 28914.57650 28613.14050 29554.66150 29255.82200 28954.38600 29898.03600 29599.19650 29297.76050 28916.82000 28615.67550 28311.94700 29258.06550 28956.92100 28653.19250 29601.44000 29300.29550 28996.56700
29552.97350 29254.13400 28952.69800 29896.91150 29598.07200 29296.63600 30242.96400 29944.12450 29642.68850 29256.37750 28955.23300 28651.50450 29600.31550 29299.17100 28995.44250 29946.36800 29645.22350 29341.49500 28957.45550 28654.02100 28348.01450 29301.39350 28997.95900 28691.95250 29647.44600 29344.01150 29038.00500
29598.64350 29297.49900 28993.77050 29945.25850 29644.11400 29340.38550 30293.97300 29992.82850 29689.10000 29299.72150 28996.28700 28690.28050 29646.33650 29342.90200 29036.89550 29995.05100 29691.61650 29385.61000 28998.48850 28692.77800 28384.50850 29345.10350 29039.39300 28731.12350 29693.81800 29388.10750 29079.83800
29644.68100 29341.24650 29035.24000 29993.95650 29690.52200 29384.51550 30345.31800 30041.88350 29735.87700 29343.44800 29037.73750 28729.46800 29692.72350 29387.01300 29078.74350 30044.08500 29738.37450 29430.10500 29039.91850 28731.94750 28421.43000 29389.19400 29081.22300 28770.70550 29740.55550 29432.58450 29122.06700
29691.08350 29385.37300 29077.10350 30043.00450 29737.29400 29429.02450 30396.99600 30091.28550 29783.01600 29387.55400 29079.58300 28769.06550 29739.47500 29431.50400 29120.98650 30093.46650 29785.49550 29474.97800 29081.74350 28771.52750 28458.77750 29433.66450 29123.44850 28810.69850 29787.65600 29477.44000 29164.69000
29737.85100 29429.88000 29119.36250 30092.40050 29784.42950 29473.91200 30449.00550 30141.03450 29830.51700 29432.04050 29121.82450 28809.07450 29786.59000 29476.37400 29163.62400 30143.19500 29832.97900 29520.22900 29123.96550 28811.51900 28496.55200 29478.51500 29166.06850 28851.10150 29835.12000 29522.67350 29207.70650
29784.98150 29474.76550 29162.01550 30142.14300 29831.92700 29519.17700 30501.34600 30191.13000 29878.38000 29476.90650 29164.46000 28849.49300 29834.06800 29521.62150 29206.65450 30193.27100 29880.82450 29565.85750 29166.58100 28851.92000 28534.75150 29523.74250 29209.08150 28891.91300 29882.94550 29568.28450 29251.11600
29832.47450 29520.02800 29205.06100 30192.23250 29879.78600 29564.81900 30554.01600 30241.56950 29926.60250 29522.14900 29207.48800 28890.31950 29881.90700 29567.24600 29250.07750 30243.69050 29929.02950 29611.86100 29209.59050 28892.73000 28573.37600 29569.34850 29252.48800 28933.13400 29931.13200 29614.27150 29294.91750
29880.32850 29565.66750 29248.49900 30242.66650 29928.00550 29610.83700 30607.01350 30292.35250 29975.18400 29567.77000 29250.90950 28931.55550 29930.10800 29613.24750 29293.89350 30294.45500 29977.59450 29658.24050 29252.99350 28933.94950 28612.42500 29615.33150 29296.28750 28974.76300 29979.67850 29660.63450 29339.11000
29928.54350 29611.68300 29292.32900 30293.44400 29976.58350 29657.22950 30660.33850 30343.47800 30024.12400 29613.76700 29294.72300 28973.19850 29978.66750 29659.62350 29338.09900 30345.56200 30026.51800 29704.99350 29296.78800 28975.57650 28651.89850 29661.68850 29340.47700 29016.79900 30028.58300 29707.37150 29383.69350
29977.11750 29658.07350 29336.54900 30344.56400 30025.52000 29703.99550 30713.98800 30394.94400 30073.41950 29660.13850 29338.92700 29015.24900 30027.58500 29706.37350 29382.69550 30397.00900 30075.79750 29752.11950 29340.97500 29017.61100 28691.79550 29708.42150 29385.05750 29059.24200 30077.84550 29754.48150 29428.66600
30026.04900 29704.83750 29381.15950 30396.02400 30074.81250 29751.13450 30767.96100 30446.74950 30123.07150 29706.88550 29383.52150 29057.70600 30076.86050 29753.49650 29427.68100 30448.79750 30125.43350 29799.61800 29385.55150 29060.05250 28732.11550 29755.52650 29430.02750 29102.09050 30127.46350 29801.96450 29474.02750
30075.33800 29751.97400 29426.15850 30447.82550 30124.46150 29798.64600 30822.25700 30498.89300 30173.07750 29754.00400 29428.50500 29100.56800 30126.49150 29800.99250 29473.05550 30500.92300 30175.42400 29847.48700 29430.51850 29102.89950 28772.85800 29803.00600 29475.38700 29145.34550 30177.43750 29849.81850 29519.77700
30124.98250 29799.48350 29471.54650 30499.96350 30174.46450 29846.52750 30876.87300 30551.37400 30223.43700 29801.49700 29473.87800 29143.83650 30176.47800 29848.85900 29518.81750 30553.38750 30225.76850 29895.72700 29475.87450 29146.15300 28814.02300 29850.85550 29521.13400 29189.00400 30227.76500 29898.04350 29565.91350
30174.98250 29847.36350 29517.32200 30552.44050 30224.82150 29894.78000 30931.80950 30604.19050 30274.14900 29849.36000 29519.63850 29187.50850 30226.81800 29897.09650 29564.96650 30606.18700 30276.46550 29944.33550 29521.61850 29189.81050 28855.60950 29899.07650 29567.26850 29233.06750 30278.44550 29946.63750 29612.43650
30225.33550 29895.61400 29563.48400 30605.25250 30275.53100 29943.40100 30987.06350 30657.34200 30325.21200 29897.59400 29565.78600 29231.58500 30277.51100 29945.70300 29611.50200 30659.32200 30327.51400 29993.31300 29567.74950 29233.87250 28897.61700 29947.66650 29613.78950 29277.53400 30329.47750 29995.60050 29659.34500
30276.04150 29944.23350 29610.03250 30658.39850 30326.59050 29992.38950 31042.63400 30710.82600 30376.62500 29946.19700 29612.32000 29276.06450 30328.55400 29994.67700 29658.42150 30712.78950 30378.91250 30042.65700 29614.26750 29278.33800 28940.04550 29996.62450 29660.69500 29322.40250 30380.86000 30044.93050 29706.63800
30327.09750 29993.22050 29656.96500 30711.87850 30378.00150 30041.74600 31098.51950 30764.64250 30428.38700 29995.16800 29659.23850 29320.94600 30379.94900 30044.01950 29705.72700 30766.59000 30430.66050 30092.36800 29661.17100 29323.20550 28982.89300 30045.95200 29707.98650 29367.67400 30432.59300 30094.62750 29754.31500
30378.50500 30042.57550 29704.28300 30765.69000 30429.76050 30091.46800 31154.71900 30818.78950 30480.49700 30044.50800 29706.54250 29366.23000 30431.69300 30093.72750 29753.41500 30820.72200 30482.75650 30142.44400 29708.45950 29368.47600 29026.16050 30095.64450 29755.66100 29413.34550 30484.67350 30144.69000 29802.37450
30430.26150 30092.29600 29751.98350 30819.83350 30481.86800 30141.55550 31211.23100 30873.26550 30532.95300 30094.21300 29754.22950 29411.91400 30483.78500 30143.80150 29801.48600 30875.18250 30535.19900 30192.88350 29756.13150 29414.14700 29069.84650 30145.70350 29803.71900 29459.41850 30537.10100 30195.11650 29850.81600
30482.36500 30142.38150 29800.06600 30874.30500 30534.32150 30192.00600 31268.05250 30928.06900 30585.75350 30144.28350 29802.29900 29457.99850 30536.22350 30194.23900 29849.93850 30929.97100 30587.98650 30243.68600 29804.18650 29460.21800 29113.95050 30196.12650 29852.15800 29505.89050 30589.87400 30245.90550 29899.63800
30534.81550 30192.83100 29848.53050 30929.10500 30587.12050 30242.82000 31325.18450 30983.20000 30638.89950 30194.71850 29850.75000 29504.48250 30589.00800 30245.03950 29898.77200 30985.08750 30641.11900 30294.85150 29852.62350 29506.68950 29158.47200 30246.91300 29900.97900 29552.76150 30642.99250 30297.05850 29948.84100
30587.61150 30243.64300 29897.37550 30984.23200 30640.26350 30293.99600 31382.62350 31038.65500 30692.38750 30245.51650 29899.58250 29551.36500 30642.13700 30296.20300 29947.98550 31040.52850 30694.59450 30346.37700 29901.44150 29553.55950 29203.41050 30298.06200 29950.18000 29600.03100 30696.45350 30348.57150 29998.42250
30640.75250 30294.81850 29946.60100 31039.68400 30693.75000 30345.53250 31440.36900 31094.43500 30746.21750 30296.67750 29948.79550 29598.64650 30695.60900 30347.72700 29997.57800 31096.29400 30748.41200 30398.26300 29950.64100 29600.82850 29248.76700 30349.57250 29999.76000 29647.69850 30750.25750 30400.44500 30048.38350
30694.23550 30346.35350 29996.20450 31095.46000 30747.57800 30397.42900 31498.41850 31150.53650 30800.38750 30348.19900 29998.38650 29646.32500 30749.42350 30399.61100 30047.54950 31152.38200 30802.56950 30450.50800 30000.21850 29648.49450 29294.53750 30401.44300 30049.71900 29695.76200 30804.40150 30452.67750 30098.72050
30748.06100 30398.24850 30046.18700 31151.55850 30801.74600 30449.68450 31556.77200 31206.95950 30854.89800 30400.08050 30048.35650 29694.39950 30803.57800 30451.85400 30097.89700 31208.79150 30857.06750 30503.11050 30050.17500 29696.55750 29340.72350 30453.67250 30100.05500 29744.22100 30858.88600 30505.26850 30149.43450
30802.22700 30450.50300 30096.54600 31207.97800 30856.25400 30502.29700 31615.42650 31263.70250 30909.74550 30452.32150 30098.70400 29742.87000 30858.07250 30504.45500 30148.62100 31265.52100 30911.90350 30556.06950 30100.50950 29745.01600 29387.32450 30506.26050 30150.76700 29793.07550 30913.70900 30558.21550 30200.52400
30856.73200 30503.11450 30147.28050 31264.71750 30911.10000 30555.26600 31674.38100 31320.76350 30964.92950 30504.92000 30149.42650 29791.73500 30912.90550 30557.41200 30199.72050 31322.56900 30967.07550 30609.38400 30151.21950 29793.86950 29434.33800 30559.20500 30201.85500 29842.32350 30968.86850 30611.51850 30251.98700
30911.57600 30556.08250 30198.39100 31321.77600 30966.28250 30608.59100 31733.63450 31378.14100 31020.44950 30557.87550 30200.52550 29840.99400 30968.07550 30610.72550 30251.19400 31379.93400 31022.58400 30663.05250 30202.30550 29843.11800 29481.76600 30612.50550 30253.31800 29891.96600 31024.36400 30665.17650 30303.82450
30966.75650 30609.40650 30249.87500 31379.15100 31021.80100 30662.26950 31793.18450 31435.83450 31076.30300 30611.18650 30251.99900 29890.64700 31023.58100 30664.39350 30303.04150 31437.61450 31078.42700 30717.07500 30253.76700 29892.76000 29529.60700 30666.16150 30305.15450 29942.00150 31080.19500 30719.18800 30356.03500
31022.27200 30663.08450 30301.73250 31436.84100 31077.65350 30716.30150 31853.03000 31493.84250 31132.49050 30664.85250 30303.84550 29940.69250 31079.42150 30718.41450 30355.26150 31495.61050 31134.60350 30771.45050 30305.60100 29942.79400 29577.85850 30720.17000 30357.36300 29992.42750 31136.35900 30773.55200 30408.61650
31078.12300 30717.11600 30353.96300 31494.84650 31133.83950 30770.68650 31913.17000 31552.16300 31189.01000 30718.87150 30356.06450 29991.12900 31135.59500 30772.78800 30407.85250 31553.91850 31191.11150 30826.17600 30357.80850 29993.22050 29626.52200 30774.53200 30409.94400 30043.24550 31192.85550 30828.26750 30461.56900
31134.30600 30771.49900 30406.56350 31553.16400 31190.35700 30825.42150 31973.60150 31610.79450 31245.85900 30773.24300 30408.65500 30041.95650 31192.10100 30827.51300 30460.81450 31612.53850 31247.95050 30881.25200 30410.38700 30044.03750 29675.59550 30829.24500 30462.89550 30094.45350 31249.68250 30883.33300 30514.89100
31190.82200 30826.23400 30459.53550 31611.79350 31247.20550 30880.50700 32034.32450 31669.73650 31303.03800 30827.96600 30461.61650 30093.17450 31248.93750 30882.58800 30514.14600 31671.46850 31305.11900 30936.67700 30463.33700 30095.24500 29725.07900 30884.30850 30516.21650 30146.05050 31306.83950 30938.74750 30568.58150
31247.66800 30881.31850 30512.87650 31670.73200 31304.38250 30935.94050 32095.33550 31728.98600 31360.54400 30883.03900 30514.94700 30144.78100 31306.10300 30938.01100 30567.84500 31730.70650 31362.61450 30992.44850 30516.65700 30146.84200 29774.97250 30939.72100 30569.90600 30198.03650 31364.32450 30994.50950 30622.64000
31304.84350 30936.75150 30566.58550 31729.97900 31361.88700 30991.72100 32156.63450 31788.54250 31418.37650 30938.46150 30568.64650 30196.77700 31363.59700 30993.78200 30621.91250 31790.25250 31420.43750 31048.56800 30570.34500 30198.82700 29825.27350 30995.48050 30623.96250 30250.40900 31422.13600 31050.61800 30677.06450
31362.34700 30992.53200 30620.66250 31789.53400 31419.71900 31047.84950 32218.22000 31848.40500 31476.53550 30994.23050 30622.71250 30249.15900 31421.41750 31049.89950 30676.34600 31850.10350 31478.58550 31105.03200 30624.40100 30251.20000 29875.98150 31051.58800 30678.38700 30303.16850 31480.27400 31107.07300 30731.85450
31420.17700 31048.65900 30675.10550 31849.39400 31477.87600 31104.32250 32280.08900 31908.57100 31535.01750 31050.34750 30677.14650 30301.92800 31479.56450 31106.36350 30731.14500 31910.25950 31537.05850 31161.84000 30678.82400 30303.96000 29927.09750 31108.04100 30733.17700 30356.31450 31538.73600 31163.87200 30787.00950
31478.33300 31105.13200 30729.91350 31909.55800 31536.35700 31161.13850 32342.24100 31969.04000 31593.82150 31106.80950 30731.94550 30355.08300 31538.03450 31163.17050 30786.30800 31970.71750 31595.85350 31218.99100 30733.61250 30357.10600 29978.61950 31164.83750 30788.33100 30409.84450 31597.52050 31221.01400 30842.52750
31536.81250 31161.94850 30785.08600 31970.02450 31595.16050 31218.29800 32404.67400 32029.81000 31652.94750 31163.61550 30787.10900 30408.62250 31596.82750 31220.32100 30841.83450 32031.47700 31654.97050 31276.48400 30788.76550 30410.63600 30030.54750 31221.97750 30843.84800 30463.75950 31656.62700 31278.49750 30898.40900
31595.61450 31219.10800 30840.62150 32030.79200 31654.28550 31275.79900 32467.38550 32090.87900 31712.39250 31220.76450 30842.63500 30462.54650 31655.94200 31277.81250 30897.72400 32092.53550 31714.40600 31334.31750 30844.28200 30464.55100 30082.87900 31279.45950 30899.72850 30518.05650 31716.05300 31336.32200 30954.65000
31654.73750 31276.60800 30896.51950 32091.85950 31713.73000 31333.64150 32530.37550 32152.24600 31772.15750 31278.25500 30898.52400 30516.85200 31715.37700 31335.64600 30953.97400 32153.89300 31774.16200 31392.49000 30900.16100 30518.84800 30135.61500 31337.28300 30955.97000 30572.73700 31775.79900 31394.48600 31011.25300
31714.18100 31334.45000 30952.77800 32153.22450 31773.49350 31391.82150 32593.64100 32213.91000 31832.23800 31336.08700 30954.77400 30571.54100 31775.13050 31393.81750 31010.58450 32215.54700 31834.23400 31451.00100 30956.40200 30573.52850 30188.75400 31395.44550 31012.57200 30627.79750 31835.86200 31452.98850 31068.21400
31773.94350 31392.63050 31009.39750 32214.88700 31833.57400 31450.34100 32657.18150 32275.86850 31892.63550 31394.25850 31011.38500 30626.61050 31835.20200 31452.32850 31067.55400 32277.49650 31894.62300 31509.84850 31013.00250 30628.58950 30242.29550 31453.94600 31069.53300 30683.23900 31896.24050 31511.82750 31125.53350
31834.02250 31451.14900 31066.37450 32276.84450 31893.97100 31509.19650 32720.99450 32338.12100 31953.34650 31452.76650 31068.35350 30682.05950 31895.58850 31511.17550 31124.88150 32339.73850 31955.32550 31569.03150 31069.96250 30684.03050 30296.23850 31512.78450 31126.85250 30739.06050 31956.93450 31571.00250 31183.21050
31894.41700 31510.00400 31123.71000 32339.09400 31954.68100 31568.38700 32785.07800 32400.66500 32014.37100 31511.61300 31125.68100 30737.88900 31956.29000 31570.35800 31182.56600 32402.27400 32016.34200 31628.55000 31127.28100 30739.85150 30350.58200 31571.95800 31184.52850 30795.25900 32017.94200 31630.51250 31241.24300
31955.12750 31569.19550 31181.40350 32401.63700 32015.70500 31627.91300 32849.43100 32463.49900 32075.70700 31570.79550 31183.36600 30794.09650 32017.30500 31629.87550 31240.60600 32465.09900 32077.66950 31688.40000 31184.95700 30796.05100 30405.32600 31631.46650 31242.56050 30851.83550 32079.26050 31690.35450 31299.62950
32016.15050 31628.72100 31239.45150 32464.46950 32077.04000 31687.77050 32914.05200 32526.62250 32137.35300 31630.31200 31241.40600 30850.68100 32078.63100 31689.72500 31299.00000 32528.21350 32139.30750 31748.58250 31242.98850 30852.62800 30460.46900 31691.30750 31300.94700 30908.78800 32140.89000 31750.52950 31358.37050
32077.48450 31688.57850 31297.85350 32527.59150 32138.68550 31747.96050 32978.93850 32590.03250 32199.30750 31690.16100 31299.80050 30907.64150 32140.26800 31749.90750 31357.74850 32591.61500 32201.25450 31809.09550 31301.37500 30909.58100 30516.01000 31751.48200 31359.68800 30966.11700 32202.82900 31811.03500 31417.46400
32139.12900 31748.76850 31356.60950 32591.00050 32200.64000 31808.48100 33044.08850 32653.72800 32261.56900 31750.34300 31358.54900 30964.97800 32202.21450 31810.42050 31416.84950 32655.30250 32263.50850 31869.93750 31360.11450 30966.91000 30571.94850 31811.98600 31418.78150 31023.82000 32265.07400 31871.86950 31476.90800
32201.08300 31809.28900 31415.71800 32654.69550 32262.90150 31869.33050 33109.50250 32717.70850 32324.13750 31810.85450 31417.65000 31022.68850 32264.46700 31871.26250 31476.30100 32719.27400 32326.06950 31931.10800 31419.20750 31024.61300 30628.28400 31872.82000 31478.22550 31081.89650 32327.62700 31933.03250 31536.70350
32263.34350 31870.13900 31475.17750 32718.67400 32325.46950 31930.50800 33175.17550 32781.97100 32387.00950 31871.69650 31477.10200 31080.77300 32327.02700 31932.43250 31536.10350 32783.52850 32388.93400 31992.60500 31478.65200 31082.69100 30685.01550 31933.98250 31538.02150 31140.34600 32390.48400 31994.52300 31596.84750
32325.91100 31931.31650 31534.98750 32782.93500 32388.34050 31992.01150 33241.10850 32846.51400 32450.18500 31932.86650 31536.90550 31139.23000 32389.89050 31993.92950 31596.25400 32848.06400 32452.10300 32054.42750 31538.44700 31141.14050 30742.14200 31995.47100 31598.16450 31199.16600 32453.64450 32056.33800 31657.33950
32388.78200 31992.82100 31595.14550 32847.47750 32451.51650 32053.84100 33307.29850 32911.33750 32513.66200 31994.36250 31597.05600 31198.05750 32453.05800 32055.75150 31656.75300 32912.87900 32515.57250 32116.57400 31598.59000 31199.96100 30799.66150 32057.28550 31658.65650 31258.35700 32517.10650 32118.47750 31718.17800
32451.95700 32054.65050 31655.65200 32912.29950 32514.99300 32115.99450 33373.74350 32976.43700 32577.43850 32056.18450 31657.55550 31257.25600 32516.52700 32117.89800 31717.59850 32977.97100 32579.34200 32179.04250 31659.08200 31259.15300 30857.57500 32119.42450 31719.49550 31317.91750 32580.86850 32180.93950 31779.36150
32515.43300 32116.80400 31716.50450 32977.39850 32578.76950 32178.47000 33440.44250 33041.81350 32641.51400 32118.33050 31718.40150 31316.82350 32580.29600 32180.36700 31778.78900 33043.34000 32643.41100 32241.83300 31719.92100 31318.71400 30915.88050 32181.88650 31780.67950 31377.84600 32644.93050 32243.72350 31840.89000
32579.20900 32179.28000 31777.70200 33042.77450 32642.84550 32241.26750 33507.39300 33107.46400 32705.88600 32180.79950 31779.59250 31376.75900 32644.36500 32243.15800 31840.32450 33108.98350 32707.77650 32304.94300 31781.10450 31378.64350 30974.57800 32244.67000 31842.20900 31438.14350 32709.28850 32306.82750 31902.76200
32643.28450 32242.07750 31839.24400 33108.42450 32707.21750 32304.38400 33574.59450 33173.38750 32770.55400 32243.58950 31841.12850 31437.06300 32708.72950 32306.26850 31902.20300 33174.89950 32772.43850 32368.37300 31842.63350 31438.94050 31033.66500 32307.77350 31904.08050 31498.80500 32773.94350 32370.25050 31964.97500
32707.65650 32305.19550 31901.13000 33174.34700 32771.88600 32367.82050 33642.04350 33239.58250 32835.51700 32306.70050 31903.00750 31497.73200 32773.39100 32369.69800 31964.42250 33241.08750 32837.39450 32432.11900 31904.50600 31499.60400 31093.14300 32371.19650 31966.29450 31559.83350 32838.89300 32433.99100 32027.53000
32772.32450 32368.63150 31963.35600 33240.54050 32836.84750 32431.57200 33709.73950 33306.04650 32900.77100 32370.13000 31965.22800 31558.76700 32838.34600 32433.44400 32026.98300 33307.54500 32902.64300 32496.18200 31966.71950 31560.63250 31153.00850 32434.93550 32028.84850 31621.22450 32904.13450 32498.04750 32090.42350
32837.28650 32432.38450 32025.92350 33307.00450 32902.10250 32495.64150 33777.68000 33372.77800 32966.31700 32433.87600 32027.78900 31620.16500 32903.59400 32497.50700 32089.88300 33374.26950 32968.18250 32560.55850 32029.27400 31622.02450 31213.26200 32498.99200 32091.74250 31682.98000 32969.66750 32562.41800 32153.65550
32902.54100 32496.45400 32088.83000 33373.73550 32967.64850 32560.02450 33845.86300 33439.77600 33032.15200 32497.93900 32090.68950 31681.92700 32969.13350 32561.88400 32153.12150 33441.26100 33034.01150 32625.24900 32092.16850 31683.78100 31273.90250 32563.36300 32154.97550 31745.09700 33035.49050 32627.10300 32217.22450
32968.08700 32560.83750 32152.07500 33440.73300 33033.48350 32624.72100 33914.28750 33507.03800 33098.27550 32562.31650 32153.92900 31744.05050 33034.96250 32626.57500 32216.69650 33508.51700 33100.12950 32690.25100 32155.40150 31745.89900 31334.92850 32628.04750 32218.54500 31807.57450 33101.60200 32692.09950 32281.12900
33033.92250 32625.53500 32215.65650 33507.99500 33099.60750 32689.72900 33982.95100 33574.56350 33164.68500 32627.00750 32217.50500 31806.53450 33101.08000 32691.57750 32280.60700 33576.03600 33166.53350 32755.56300 32218.97100 31808.37800 31396.34000 32693.04350 32282.45050 31870.41250 33167.99950 32757.40650 32345.36850
33100.04600 32690.54350 32279.57300 33575.52000 33166.01750 32755.04700 34051.85250 33642.35000 33231.37950 32692.00950 32281.41650 31869.37850 33167.48350 32756.89050 32344.85250 33643.81600 33233.22300 32821.18500 32282.87700 31871.21600 31458.13500 32758.35100 32346.69000 31933.60900 33234.68350 32823.02250 32409.94150
33166.45550 32755.86250 32343.82450 33643.30550 33232.71250 32820.67450 34120.98850 33710.39550 33298.35750 32757.32300 32345.66200 31932.58100 33234.17300 32822.51200 32409.43100 33711.85600 33300.19500 32887.11400 32347.11700 31934.41350 31520.31300 32823.96700 32411.26350 31997.16300 33301.65000 32888.94650 32474.84600
33233.15100 32821.49000 32408.40900 33711.35100 33299.69000 32886.60900 34190.35900 33778.69800 33365.61700 32822.94500 32410.24150 31996.14100 33301.14500 32888.44150 32474.34100 33780.15300 33367.44950 32953.34900        nan        nan        nan        nan        nan        nan        nan        nan        nan
