       nan        nan        nan        nan        nan        nan        nan        nan        nan 17367.46250        nan        nan        nan        nan        nan        nan        nan        nan 17364.74350 17322.26500        nan        nan        nan        nan        nan        nan        nan
17370.71500        nan        nan 17409.46100        nan        nan        nan        nan        nan 17367.99600 17325.51750        nan 17406.74200 17364.26350        nan        nan        nan        nan 17362.55550 17319.75600 17284.06350 17401.30150 17358.50200 17322.80950        nan        nan        nan
17374.50800 17332.02950        nan 17413.77700 17371.29850        nan 17446.22300 17403.74450        nan 17369.06750 17326.26800 17290.57550 17408.33650 17365.53700 17329.84450 17440.78250 17397.98300 17362.29050 17360.90150 17317.62000 17281.10800 17400.17050 17356.88900 17320.37700 17432.61650 17389.33500 17352.82300
17378.85400 17336.05450 17300.36200 17418.90900 17376.10950 17340.41700 17452.70600 17409.90650 17374.21400 17370.68800 17327.40650 17290.89450 17410.74300 17367.46150 17330.94950 17444.54000 17401.25850 17364.74650 17359.78850 17315.86550 17278.29400 17399.84350 17355.92050 17318.34900 17433.64050 17389.71750 17352.14600
17383.76950 17340.48800 17303.97600 17424.87050 17381.58900 17345.07700 17460.37350 17417.09200 17380.58000 17372.87000 17328.94700 17291.37550 17413.97100 17370.04800 17332.47650 17449.47400 17405.55100 17367.97950 17359.22800 17314.50600 17275.66000 17400.32900 17355.60700 17316.76100 17435.83200 17391.11000 17352.26400
17389.26950 17345.34650 17307.77500 17431.67050 17387.74750 17350.17600 17469.17450 17425.25150 17387.68000 17375.62750 17330.90550 17292.05950 17418.02850 17373.30650 17334.46050 17455.53250 17410.81050 17371.96450 17359.23500 17313.55800 17273.24650 17401.63600 17355.95900 17315.64750 17439.14000 17393.46300 17353.15150
17395.37150 17350.64950 17311.80350 17439.31100 17394.58900 17355.74300 17479.06000 17434.33800 17395.49200 17378.97900 17333.30200 17292.99050 17422.91850 17377.24150 17336.93000 17462.66750 17416.99050 17376.67900 17359.82400 17313.04350 17271.09900 17403.76350 17356.98300 17315.03850 17443.51250 17396.73200 17354.78750
17402.09350 17356.41650 17316.10500 17447.79400 17402.11700 17361.80550 17489.98400 17444.30700 17403.99550 17382.93850 17336.15800 17294.21350 17428.63900 17381.85850 17339.91400 17470.82900 17424.04850 17382.10400 17361.01050 17312.98350 17269.26200 17406.71100 17358.68400 17314.96250 17448.90100 17400.87400 17357.15250
17409.44800 17362.66750 17320.72300 17457.11200 17410.33150 17368.38700 17501.90200 17455.12150 17413.17700 17387.52000 17339.49300 17295.77150 17435.18400 17387.15700 17343.43550 17479.97400 17431.94700 17388.22550 17362.80750 17313.39900 17267.77700 17410.47150 17361.06300 17315.44100 17455.26150 17405.85300 17360.23100
17417.44800 17369.42100 17325.69950 17467.25700 17419.23000 17375.50850 17514.77500 17466.74800 17423.02650 17392.73550 17343.32700 17297.70500 17442.54450 17393.13600 17347.51400 17490.06250 17440.65400 17395.03200 17365.22900 17314.31300 17266.68400 17415.03800 17364.12200 17316.49300 17462.55600 17411.64000 17364.01100
17426.10150 17376.69300 17331.07100 17478.21650 17428.80800 17383.18600 17528.56750 17479.15900 17433.53700 17398.59500 17347.67900 17300.05000 17450.71000 17399.79400 17352.16500 17501.06100 17450.14500 17402.51600 17368.28450 17315.74400 17266.01650 17420.39950 17367.85900 17318.13150 17470.75050 17418.21000 17368.48250
17435.41750 17384.50150 17336.87250 17489.98000 17439.06400 17391.43500 17543.24900 17492.33300 17444.70400 17405.10700 17352.56650 17302.83900 17459.66950 17407.12900 17357.40150 17512.93850 17460.39800 17410.67050 17371.98200 17317.71100 17265.80700 17426.54450 17372.27350 17320.36950 17479.81350 17425.54250 17373.63850
17445.40150 17392.86100 17343.13350 17502.53350 17449.99300 17400.26550 17558.79300 17506.25250 17456.52500 17412.27650 17358.00550 17306.10150 17469.40850 17415.13750 17363.23350 17525.66800 17471.39700 17419.49300 17376.33100 17320.23050 17266.08250 17433.46300 17377.36250 17323.21450 17489.72250 17433.62200 17379.47400
17456.05600 17401.78500 17349.88100 17515.86500 17461.59400 17409.69000 17575.17300 17520.90200 17468.99800 17420.11050 17364.01000 17309.86200 17479.91950 17423.81900 17369.67100 17539.22750 17483.12700 17428.97900 17381.33550 17323.31700 17266.86800 17441.14450 17383.12600 17326.67700 17500.45250 17442.43400 17385.98500
17467.38450 17411.28400 17357.13600 17529.96300 17473.86250 17419.71450 17592.37050 17536.27000 17482.12200 17428.60950 17370.59100 17314.14200 17491.18800 17433.16950 17376.72050 17553.59550 17495.57700 17439.12800 17387.00050 17326.98300 17268.18200 17449.57900 17389.56150 17330.76050 17511.98650 17451.96900 17393.16800
17479.38800 17421.36950 17364.92050 17544.81650 17486.79800 17430.34900 17610.36550 17552.34700 17495.89800 17437.77900 17377.76150 17318.96050 17503.20750 17443.19000 17384.38900 17568.75650 17508.73900 17449.93800 17393.32900 17331.24100 17270.04500 17458.75750 17396.66950 17335.47350 17524.30650 17462.21850 17401.02250
17492.06850 17432.05100 17373.25000 17560.41700 17500.39950 17441.59850 17629.14350 17569.12600 17510.32500 17447.61850 17385.53050 17324.33450 17515.96700 17453.87900 17392.68300 17584.69350 17522.60550 17461.40950 17400.32350 17336.09950 17272.47100 17468.67200 17404.44800 17340.81950 17537.39850 17473.17450 17409.54600
17505.42450 17443.33650 17382.14050 17576.75300 17514.66500 17453.46900 17648.68800 17586.60000 17525.40400 17458.12950 17393.90550 17330.27700 17529.45800 17465.23400 17401.60550 17601.39300 17537.16900 17473.54050 17407.98650 17341.56800 17275.47350 17479.31500 17412.89650 17346.80200 17551.25000 17484.83150 17418.73700
17519.45600 17455.23200 17391.60350 17593.81700 17529.59300 17465.96450 17668.98750 17604.76350 17541.13500 17469.31300 17402.89450 17336.80000 17543.67400 17477.25550 17411.16100 17618.84450 17552.42600 17486.33150 17416.31850 17347.65300 17279.06350 17490.67950 17422.01400 17353.42450 17565.85000 17497.18450 17428.59500
17534.16400 17467.74550 17401.65100 17611.60250 17545.18400 17479.08950 17690.03200 17623.61350 17557.51900 17481.16950 17412.50400 17343.91450 17558.60800 17489.94250 17421.35300 17637.03750 17568.37200 17499.78250 17425.32200 17354.36300 17283.25250 17502.76050 17431.80150 17360.69100 17581.19000 17510.23100 17439.12050
17549.54650 17480.88100 17412.29150 17630.10300 17561.43750 17492.84800 17711.81050 17643.14500 17574.55550 17493.69900 17422.74000 17351.62950 17574.25550 17503.29650 17432.18600 17655.96300 17585.00400 17513.89350 17434.99700 17361.70200 17288.04950 17515.55350 17442.25850 17368.60600 17597.26100 17523.96600 17450.31350
17565.60300 17494.64400 17423.53350 17649.31250 17578.35350 17507.24300 17734.31500 17663.35600 17592.24550 17506.90100 17433.60600 17359.95350 17590.61050 17517.31550 17443.66300 17675.61300 17602.31800 17528.66550 17445.34350 17369.67500 17293.45950 17529.05300 17453.38450 17377.16900 17614.05550 17538.38700 17462.17150
17582.33300 17509.03800 17435.38550 17669.22500 17595.93000 17522.27750 17757.53850 17684.24350 17610.59100 17520.77550 17445.10700 17368.89150 17607.66750 17531.99900 17455.78350 17695.98100 17620.31250 17544.09700 17456.36250 17378.28700 17299.49150 17543.25450 17465.17900 17386.38350 17631.56800 17553.49250 17474.69700
17599.73600 17524.06750 17447.85200 17689.83650 17614.16800 17537.95250 17781.47400 17705.80550 17629.59000 17535.32300 17457.24750 17378.45200 17625.42350 17547.34800 17468.55250 17717.06100 17638.98550 17560.19000 17468.05450 17387.54200 17306.15100 17558.15500 17477.64250 17396.25150 17649.79250 17569.28000 17487.88900
17617.81100 17539.73550 17460.94000 17711.14350 17633.06800 17554.27250 17806.11550 17728.04000 17649.24450 17550.54250 17470.03000 17388.63900 17643.87500 17563.36250 17481.97150 17738.84700 17658.33450 17576.94350 17480.41900 17397.44200 17313.44350 17573.75150 17490.77450 17406.77600 17668.72350 17585.74650 17501.74800
17636.55700 17556.04450 17474.65350 17733.14100 17652.62850 17571.23750 17831.45750 17750.94500 17669.55400 17566.43350 17483.45650 17399.45800 17663.01750 17580.04050 17496.04200 17761.33400 17678.35700 17594.35850 17493.45650 17407.99200 17321.37200 17590.04050 17504.57600 17417.95600 17688.35700 17602.89250 17516.27250
17655.97300 17572.99600 17488.99750 17755.82600 17672.84900 17588.85050 17857.49550 17774.51850 17690.52000 17582.99600 17497.53150 17410.91150 17682.84900 17597.38450 17510.76450 17784.51850 17699.05400 17612.43400 17507.16650 17419.19300 17329.94300 17607.01950 17519.04600 17429.79600 17708.68900 17620.71550 17531.46550
17676.05750 17590.59300 17503.97300 17779.19550 17693.73100 17607.11100 17884.22550 17798.76100 17712.14100 17600.22800 17512.25450 17423.00450 17703.36600 17615.39250 17526.14250 17808.39600 17720.42250 17631.17250 17521.54950 17431.04700 17339.15750 17624.68750 17534.18500 17442.29550 17729.71750 17639.21500 17547.32550
17696.81100 17608.83750 17519.58750 17803.24650 17715.27300 17626.02300 17911.64200 17823.66850 17734.41850 17618.13250 17527.63000 17435.74050 17724.56800 17634.06550 17542.17600 17832.96350 17742.46100 17650.57150 17536.60500 17443.55800 17349.02050 17643.04050 17549.99350 17455.45600 17751.43600 17658.38900 17563.85150
17718.23400 17627.73150 17535.84200 17827.97800 17737.47550 17645.58600 17939.74500 17849.24250 17757.35300 17636.70650 17543.65950 17449.12200 17746.45050 17653.40350 17558.86600 17858.21750 17765.17050 17670.63300 17552.33450 17456.72700 17359.53450 17662.07850 17566.47100 17469.27850 17773.84550 17678.23800 17581.04550
17740.32250 17647.27550 17552.73800 17853.38600 17760.33900 17665.80150 17968.52700 17875.48000 17780.94250 17655.95050 17560.34300 17463.15050 17769.01400 17673.40650 17576.21400 17884.15500 17788.54750 17691.35500 17568.73500 17470.55450 17370.70250 17681.79850 17583.61800 17483.76600 17796.93950 17698.75900 17598.90700
17763.07900 17667.47150 17570.27900 17879.46900 17783.86150 17686.66900 17997.98900 17902.38150 17805.18900 17675.86350 17577.68300 17477.83100 17792.25350 17694.07300 17594.22100 17910.77350 17812.59300 17712.74100 17585.80950 17485.04350 17382.52650 17702.19950 17601.43350 17498.91650 17820.71950 17719.95350 17617.43650
17786.50000 17688.31950 17588.46750 17906.22450 17808.04400 17708.19200 18028.12500 17929.94450 17830.09250 17696.44600 17595.68000 17493.16300 17816.17050 17715.40450 17612.88750 17938.07100 17837.30500 17734.78800 17603.55600 17500.19450 17395.00800 17723.28050 17619.91900 17514.73250 17845.18100 17741.81950 17636.63300
17810.58800 17709.82200 17607.30500 17933.65300 17832.88700 17730.37000 18058.93550 17958.16950 17855.65250 17717.69800 17614.33650 17509.15000 17840.76300 17737.40150 17632.21500 17966.04550 17862.68400 17757.49750 17621.97500 17516.00950 17408.15050 17745.04000 17639.07450 17531.21550 17870.32250 17764.35700 17656.49800
17835.34050 17731.97900 17626.79250 17961.75050 17858.38900 17753.20250 18090.41700 17987.05550 17881.86900 17739.61750 17633.65200 17525.79300 17866.02750 17760.06200 17652.20300 17994.69400 17888.72850 17780.86950 17641.06650 17532.48900 17421.95550 17767.47650 17658.89900 17548.36550 17896.14300 17787.56550 17677.03200
17860.75650 17754.79100 17646.93200 17990.51600 17884.55050 17776.69150 18122.56650 18016.60100 17908.74200 17762.20550 17653.62800 17543.09450 17891.96500 17783.38750 17672.85400 18024.01550 17915.43800 17804.90450 17660.83000 17549.63350 17436.42350 17790.58950 17679.39300 17566.18300 17922.64000 17811.44350 17698.23350
17886.83700 17778.25950 17667.72600 18019.94850 17911.37100 17800.83750 18155.38350 18046.80600 17936.27250 17785.46150 17674.26500 17561.05500 17918.57300 17807.37650 17694.16650 18054.00800 17942.81150 17829.60150 17681.26600 17567.44550 17451.55700 17814.37750 17700.55700 17584.66850 17949.81250 17835.99200 17720.10350
17913.58100 17802.38450 17689.17450 18050.04700 17938.85050 17825.64050 18188.86600 18077.66950 17964.45950 17809.38550 17695.56500 17579.67650 17945.85150 17832.03100 17716.14250 18084.67050 17970.85000 17854.96150 17702.37450 17585.92500 17467.35750 17838.84050 17722.39100 17603.82350 17977.65950 17861.21000 17742.64250
17940.98800 17827.16750 17711.27900 18080.81000 17966.98950 17851.10100 18223.01100 18109.19050 17993.30200 17833.97700 17717.52750 17598.96000 17973.79900 17857.34950 17738.78200 18116.00000 17999.55050 17880.98300 17724.15550 17605.07250 17483.82650 17863.97750 17744.89450 17623.64850 18006.17850 17887.09550 17765.84950
17969.05650 17852.60700 17734.03950 18112.23550 17995.78600 17877.21850 18257.81800 18141.36850 18022.80100 17859.23500 17740.15200 17618.90600 18002.41400 17883.33100 17762.08500 18147.99650 18028.91350 17907.66750 17746.60750 17624.88850 17500.96350 17889.78650 17768.06750 17644.14250 18035.36900 17913.65000 17789.72500
17997.78800 17878.70500 17757.45900 18144.32450 18025.24150 17903.99550 18293.28600 18174.20300 18052.95700 17885.16050 17763.44150 17639.51650 18031.69700 17909.97800 17786.05300 18180.65850 18058.93950 17935.01450 17769.73200 17645.37500 17518.77250 17916.26850 17791.91150 17665.30900 18065.23000 17940.87300 17814.27050
18027.18050 17905.46150 17781.53650 18177.07400 18055.35500 17931.43000 18329.41250 18207.69350 18083.76850 17911.75200 17787.39500 17660.79250 18061.64550 17937.28850 17810.68600 18213.98400 18089.62700 17963.02450 17793.52850 17666.53100 17537.25250 17943.42200 17816.42450 17687.14600 18095.76050 17968.76300 17839.48450
18057.23400 17932.87700 17806.27450 18210.48350 18086.12650 17959.52400 18366.19650 18241.83950 18115.23700 17939.01050 17812.01300 17682.73450 18092.26000 17965.26250 17835.98400 18247.97300 18120.97550 17991.69700 17817.99750 17688.35900 17556.40500 17971.24700 17841.60850 17709.65450 18126.96000 17997.32150 17865.36750
18087.94850 17960.95100 17831.67250 18244.55300 18117.55550 17988.27700 18403.63700 18276.63950 18147.36100 17966.93550 17837.29700 17705.34300 18123.54000 17993.90150 17861.94750 18282.62400 18152.98550 18021.03150 17843.13800 17710.85750 17576.23150 17999.74250 17867.46200 17732.83600 18158.82650 18026.54600 17891.92000
18119.32350 17989.68500 17857.73100 18279.28100 18149.64250 18017.68850 18441.73300 18312.09450 18180.14050 17995.52600 17863.24550 17728.61950 18155.48350 18023.20300 17888.57700 18317.93550 18185.65500 18051.02900 17868.95000 17734.02850 17596.73150 18028.90750 17893.98600 17756.68900 18191.35950 18056.43800 17919.14100
18151.35800 18019.07750 17884.45150 18314.66650 18182.38600 18047.76000 18480.48300 18348.20250 18213.57650 18024.78200 17889.86050 17752.56350 18188.09050 18053.16900 17915.87200 18353.90700 18218.98550 18081.68850 17895.43350 17757.87100 17617.90750 18058.74200 17921.17950 17781.21600 18224.55850 18086.99600 17947.03250
18184.05200 18049.13050 17911.83350 18350.70850 18215.78700 18078.49000 18519.88500 18384.96350 18247.66650 18054.70350 17917.14100 17777.17750 18221.36000 18083.79750 17943.83400 18390.53650 18252.97400 18113.01050 17922.58900 17782.38750 17639.75950 18089.24550 17949.04400 17806.41600 18258.42200 18118.22050 17975.59250
18217.40500 18079.84250 17939.87900 18387.40600 18249.84350 18109.88000 18559.93850 18422.37600 18282.41250 18085.29050 17945.08900 17802.46100 18255.29150 18115.09000 17972.46200 18427.82400 18287.62250 18144.99450 17950.41700 17807.57700 17662.28850 18120.41800 17977.57800 17832.28950 18292.95050 18150.11050 18004.82200
18251.41650 18111.21500 17968.58700 18424.75950 18284.55800 18141.93000 18600.64300 18460.44150 18317.81350 18116.54300 17973.70300 17828.41450 18289.88600 18147.04600 18001.75750 18465.76950 18322.92950 18177.64100 17978.91550 17833.43950 17685.49400 18152.25850 18006.78250 17858.83700 18328.14200 18182.66600 18034.72050
18286.08700 18143.24700 17997.95850 18462.76800 18319.92800 18174.63950 18641.99800 18499.15800 18353.86950 18148.45950 18002.98350 17855.03800 18325.14050 18179.66450 18031.71900 18504.37050 18358.89450 18210.94900 18008.08550 17859.97650 17709.37850 18184.76650 18036.65750 17886.05950 18363.99650 18215.88750 18065.28950
18321.41500 18175.93900 18027.99350 18501.42950 18355.95350 18208.00800 18684.00000 18538.52400 18390.57850 18181.04100 18032.93200 17882.33400 18361.05550 18212.94650 18062.34850 18543.62600 18395.51700 18244.91900 18037.92750 17887.18800 17733.94200 18217.94200 18067.20250 17913.95650 18400.51250 18249.77300 18096.52700
18357.40050 18209.29150 18058.69350 18540.74400 18392.63500 18242.03700 18726.65100 18578.54200 18427.94400 18214.28700 18063.54750 17910.30150 18397.63050 18246.89100 18093.64500 18583.53750 18432.79800 18279.55200 18068.44050 17915.07450 17759.18500 18251.78400 18098.41800 17942.52850 18437.69100 18284.32500 18128.43550
18394.04350 18243.30400 18090.05800 18580.71150 18429.97200 18276.72600 18769.94800 18619.20850 18465.96250 18248.19700 18094.83100 17938.94150 18434.86500 18281.49900 18125.60950 18624.10150 18470.73550 18314.84600 18099.62550 17943.63600 17785.10800 18286.29350 18130.30400 17971.77600 18475.53000 18319.54050 18161.01250
18431.34300 18277.97700 18122.08750 18621.33050 18467.96450 18312.07500 18813.89050 18660.52450 18504.63500 18282.77150 18126.78200 17968.25400 18472.75900 18316.76950 18158.24150 18665.31900 18509.32950 18350.80150 18131.48200 17972.87300 17811.71150 18321.46950 18162.86050 18001.69900 18514.02950 18355.42050 18194.25900
18469.29950 18313.31000 18154.78200 18662.60050 18506.61100 18348.08300 18858.47900 18702.48950 18543.96150 18318.01000 18159.40100 17998.23950 18511.31100 18352.70200 18191.54050 18707.18950 18548.58050 18387.41900 18164.00900 18002.78550 17838.99700 18357.31000 18196.08650 18032.29800 18553.18850 18391.96500 18228.17650
18507.91200 18349.30300 18188.14150 18704.52150 18545.91250 18384.75100 18903.71150 18745.10250 18583.94100 18353.91100 18192.68750 18028.89900 18550.52050 18389.29700 18225.50850 18749.71050 18588.48700 18424.69850 18197.20750 18033.37300 17866.96300 18393.81700 18229.98250 18063.57250 18593.00700 18429.17250 18262.76250
18547.17950 18385.95600 18222.16750 18747.09150 18585.86800 18422.07950 18949.58650 18788.36300 18624.57450 18390.47600 18226.64150 18060.23150 18590.38800 18426.55350 18260.14350 18792.88300 18629.04850 18462.63850 18231.07700 18064.63800 17895.61200 18430.98900 18264.55000 18095.52400 18633.48400 18467.04500 18298.01900
18587.10350 18423.26900 18256.85900 18790.31100 18626.47650 18460.06650 18996.10400 18832.26950 18665.85950 18427.70450 18261.26550 18092.23950 18630.91200 18464.47300 18295.44700 18836.70500 18670.26600 18501.24000 18265.61850 18096.57950 17924.94450 18468.82600 18299.78700 18128.15200 18674.61900 18505.58000 18333.94500
18627.68200 18461.24300 18292.21700 18834.17950 18667.74050 18498.71450 19043.26250 18876.82350 18707.79750 18465.59600 18296.55700 18124.92200 18672.09350 18503.05450 18331.41950 18881.17650 18712.13750 18540.50250 18300.83100 18129.19700 17954.96000 18507.32850 18335.69450 18161.45750 18716.41150 18544.77750 18370.54050
18668.91550 18499.87650 18328.24150 18878.69550 18709.65650 18538.02150 19091.06250 18922.02350 18750.38850 18504.15050 18332.51650 18158.27950 18713.93050 18542.29650 18368.05950 18926.29750 18754.66350 18580.42650 18336.71450 18162.49250 17985.65900 18546.49450 18372.27250 18195.43900 18758.86150 18584.63950 18407.80600
18710.80300 18539.16900 18364.93200 18923.85950 18752.22550 18577.98850 19139.50250 18967.86850 18793.63150 18543.36700 18369.14500 18192.31150 18756.42350 18582.20150 18405.36800 18972.06650 18797.84450 18621.01100 18373.26850 18196.46350 18017.04150 18586.32500 18409.52000 18230.09800 18801.96800 18625.16300 18445.74100
18753.34450 18579.12250 18402.28900 18969.67000 18795.44800 18618.61450 19188.58150 19014.35950 18837.52600 18583.24600 18406.44100 18227.01900 18799.57150 18622.76650 18443.34450 19018.48300 18841.67800 18662.25600 18410.49350 18231.11300 18049.10900 18626.81900 18447.43850 18265.43450 18845.73050 18666.35000 18484.34600
18796.54000 18619.73500 18440.31300 19016.12700 18839.32200 18659.90000 19238.29850 19061.49350 18882.07150 18623.78750 18444.40700 18262.40300 18843.37450 18663.99400 18481.99000 19065.54600 18886.16550 18704.16150 18448.38950 18266.43950 18081.86200 18667.97650 18486.02650 18301.44900 18890.14800 18708.19800 18523.62050
18840.38850 18661.00800 18479.00400 19063.22950 18883.84900 18701.84500 19288.65300 19109.27250 18927.26850 18664.99050 18483.04050 18298.46300 18887.83150 18705.88150 18521.30400 19113.25500 18931.30500 18746.72750 18486.95700 18302.44400 18115.30050 18709.79800 18525.28500 18338.14150 18935.22150 18750.70850 18563.56500
18884.89000 18702.94000 18518.36250 19110.97650 18929.02650 18744.44900 19339.64450 19157.69450 18973.11700 18706.85650 18522.34350 18335.20000 18932.94300 18748.43000 18561.28650 19161.61100 18977.09800 18789.95450 18526.19450 18339.12750 18149.42450 18752.28100 18565.21400 18375.51100 18980.94900 18793.88200 18604.17900
18930.04400 18745.53100 18558.38750 19159.36900 18974.85600 18787.71250 19391.27200 19206.75900 19019.61550 18749.38200 18562.31500 18372.61200 18978.70700 18791.64000 18601.93700 19210.61000 19023.54300 18833.84000 18566.10250 18376.48750 18184.23450 18795.42750 18605.81250 18413.55950 19027.33050 18837.71550 18645.46250
18975.85000 18788.78300 18599.08000 19208.40450 19021.33750 18831.63450 19443.53450 19256.46750 19066.76450 18792.57050 18602.95550 18410.70250 19025.12500 18835.51000 18643.25700 19260.25500 19070.64000 18878.38700 18606.68250 18414.52700 18219.73150 18839.23700 18647.08150 18452.28600 19074.36700 18882.21150 18687.41600
19022.30850 18832.69350 18640.44050 19258.08400 19068.46900 18876.21600 19496.43150 19306.81650 19114.56350 18836.42050 18644.26500 18449.46950 19072.19600 18880.04050 18685.24500 19310.54350 19118.38800 18923.59250 18647.93250 18453.24500 18255.91550 18883.70800 18689.02050 18491.69100 19122.05550 18927.36800 18730.03850
19069.41800 18877.26250 18682.46700 19308.40700 19116.25150 18921.45600 19549.96300 19357.80750 19163.01200 18880.93000 18686.24250 18488.91300 19119.91900 18925.23150 18727.90200 19361.47500 19166.78750 18969.45800 18689.85250 18492.64050 18292.78650 18928.84150 18731.62950 18531.77550 19170.39750 18973.18550 18773.33150
19117.17900 18922.49150 18725.16200 19359.37100 19164.68350 18967.35400 19604.12600 19409.43850 19212.10900 18926.10150 18728.88950 18529.03550 19168.29350 18971.08150 18771.22750 19413.04850 19215.83650 19015.98250 18732.44400 18532.71600 18330.34550 18974.63600 18774.90800 18572.53750 19219.39100 19019.66300 18817.29250
19165.59000 18968.37800 18768.52400 19410.97700 19213.76500 19013.91100 19658.92250 19461.71050 19261.85650 18971.93250 18772.20450 18569.83400 19217.31950 19017.59150 18815.22100 19465.26500 19265.53700 19063.16650 18775.70500 18573.46950 18368.59150 19021.09200 18818.85650 18613.97850 19269.03750 19066.80200 18861.92400
19214.65200 19014.92400 18812.55350 19463.22400 19263.49600 19061.12550 19714.35000 19514.62200 19312.25150 19018.42450 18816.18900 18611.31100 19266.99650 19064.76100 18859.88300 19518.12250 19315.88700 19111.00900 18819.63650 18614.90250 18407.52700 19068.20850 18863.47450 18656.09900 19319.33450 19114.60050 18907.22500
19264.36400 19062.12850 18857.25050 19516.11200 19313.87650 19108.99850 19770.40850 19568.17300 19363.29500 19065.57600 18860.84200 18653.46650 19317.32400 19112.59000 18905.21450 19571.62050 19366.88650 19159.51100 18864.23850 18657.01450 18447.15100 19115.98650 18908.76250 18698.89900 19370.28300 19163.05900 18953.19550
19314.72550 19109.99150 18902.61600 19569.63950 19364.90550 19157.53000 19827.09650 19622.36250 19414.98700 19113.38800 18906.16400 18696.30050 19368.30200 19161.07800 18951.21450 19625.75900 19418.53500 19208.67150 18909.51050 18699.80650 18487.46400 19164.42450 18954.72050 18742.37800 19421.88150 19212.17750 18999.83500
19365.73600 19158.51200 18948.64850 19623.80700 19416.58300 19206.71950 19884.41400 19677.19000 19467.32650 19161.85850 18952.15450 18739.81200 19419.92950 19210.22550 18997.88300 19680.53650 19470.83250 19258.49000 18955.45300 18743.27700 18528.46550 19213.52400 19001.34800 18786.53650 19474.13100 19261.95500 19047.14350
19417.39500 19207.69100 18995.34850 19678.61250 19468.90850 19256.56600 19942.36000 19732.65600 19520.31350 19210.98950 18998.81350 18784.00200 19472.20700 19260.03100 19045.21950 19735.95450 19523.77850 19308.96700 19002.06500 18787.42700 18570.15700 19263.28250 19048.64450 18831.37450 19527.03000 19312.39200 19095.12200
19469.70400 19257.52800 19042.71650 19734.05800 19521.88200 19307.07050 20000.93450 19788.75850 19573.94700 19260.77950 19046.14150 18828.87150 19525.13350 19310.49550 19093.22550 19792.01000 19577.37200 19360.10200 19049.34700 18832.25750 18612.53850 19313.70100 19096.61150 18876.89250 19580.57750 19363.48800 19143.76900
19522.66050 19308.02250 19090.75250 19790.14000 19575.50200 19358.23200 20060.13550 19845.49750 19628.22750 19311.22800 19094.13850 18874.41950 19578.70750 19361.61800 19141.89900 19848.70300 19631.61350 19411.89450 19097.29950 18877.76800 18655.61000 19364.77900 19145.24750 18923.08950 19634.77450 19415.24300 19193.08500
19576.26400 19359.17450 19139.45550 19846.85900 19629.76950 19410.05050 20119.96250 19902.87300 19683.15400 19362.33550 19142.80400 18920.64600 19632.93050 19413.39900 19191.24100 19906.03400 19686.50250 19464.34450 19145.92100 18923.95750 18699.37200 19416.51600 19194.55250 18969.96700 19689.61950 19467.65600 19243.07050
19630.51600 19410.98450 19188.82650 19904.21500 19684.68350 19462.52550 20180.41550 19960.88400 19738.72600 19414.10150 19192.13800 18967.55250 19687.80050 19465.83700 19241.25150 19964.00100 19742.03750 19517.45200 19195.21350 18970.82750 18743.82450 19468.91250 19244.52650 19017.52350 19745.11300 19520.72700 19293.72400
19685.41400 19463.45050 19238.86500 19962.20750 19740.24400 19515.65850 20241.49300 20019.52950 19794.94400 19466.52600 19242.14000 19015.13700 19743.31950 19518.93350 19291.93050 20022.60500 19798.21900 19571.21600 19245.17400 19018.37750 18788.96850 19521.96750 19295.17100 19065.76200 19801.25300 19574.45650 19345.04750
19740.96000 19516.57400 19289.57100 20020.83550 19796.44950 19569.44650 20303.19550 20078.80950 19851.80650 19519.60800 19292.81150 19063.40250 19799.48350 19572.68700 19343.27800 20081.84350 19855.04700 19625.63800 19295.80550 19066.60800 18834.80350 19575.68100 19346.48350 19114.67900 19858.04100 19628.84350 19397.03900
19797.15050 19570.35400 19340.94500 20080.09750 19853.30100 19623.89200 20365.52050 20138.72400 19909.31500 19573.34800 19344.15050 19112.34600 19856.29500 19627.09750 19395.29300 20141.71800 19912.52050 19680.71600 19347.10500 19115.51800 18881.32950 19630.05200 19398.46500 19164.27650 19915.47500 19683.88800 19449.69950
19853.98850 19624.79100 19392.98650 20139.99500 19910.79750 19678.99300 20428.46950 20199.27200 19967.46750 19627.74550 19396.15850 19161.97000 19913.75200 19682.16500 19447.97650 20202.22650 19970.63950 19736.45100 19399.07500 19165.10950 18928.54800 19685.08150 19451.11600 19214.55450 19973.55600 19739.59050 19503.02900
19911.47050 19679.88350 19445.69500 20200.52600 19968.93900 19734.75050 20492.03950 20260.45250 20026.26400 19682.80000 19448.83450 19212.27300 19971.85550 19737.89000 19501.32850 20263.36900 20029.40350 19792.84200 19451.71300 19215.38000 18976.45800 19740.76850 19504.43550 19265.51350 20032.28200 19795.94900 19557.02700
19969.59800 19735.63250 19499.07100 20261.69000 20027.72450 19791.16300 20556.23050 20322.26500 20085.70350 19738.51100 19502.17800 19263.25600 20030.60300 19794.27000 19555.34800 20325.14350 20088.81050 19849.88850 19505.02050 19266.33150 19025.06000 19797.11250 19558.42350 19317.15200 20091.65300 19852.96400 19611.69250
20028.37050 19792.03750 19553.11550 20323.48650 20087.15350 19848.23150 20621.04250 20384.70950 20145.78750 19794.88000 19556.19100 19314.91950 20089.99600 19851.30700 19610.03550 20387.55200 20148.86300 19907.59150 19558.99800 19317.96450 19074.35550 19854.11400 19613.08050 19369.47150 20151.67000 19910.63650 19667.02750
20087.78650 19849.09750 19607.82600 20385.91550 20147.22650 19905.95500 20686.47400 20447.78500 20206.51350 19851.90450 19610.87100 19367.26200 20150.03350 19909.00000 19665.39100 20450.59200 20209.55850 19965.94950 19613.64300 19370.27650 19124.34200 19911.77200 19668.40550 19422.47100 20212.33050 19968.96400 19723.02950
20147.84700 19906.81350 19663.20450 20448.97650 20207.94300 19964.33400 20752.52500 20511.49150 20267.88250 19909.58550 19666.21900 19420.28450 20210.71500 19967.34850 19721.41400 20514.26350 20270.89700 20024.96250 19668.95750 19423.27050 19175.02250 19970.08700 19724.40000 19476.15200 20273.63550 20027.94850 19779.70050
20208.55100 19965.18450 19719.25000 20512.66750 20269.30100 20023.36650 20819.19400 20575.82750 20329.89300 19967.92300 19722.23600 19473.98800 20272.03950 20026.35250 19778.10450 20578.56600 20332.87900 20084.63100 19724.94100 19476.94500 19226.39650 20029.05750 19781.06150 19530.51300 20335.58400 20087.58800 19837.03950
20269.89800 20024.21100 19775.96300 20576.99000 20331.30300 20083.05500 20886.48000 20640.79300 20392.54500 20026.91600 19778.92000 19528.37150 20334.00800 20086.01200 19835.46350 20643.49800 20395.50200 20144.95350 19781.59300 19531.30050 19278.46350 20088.68500 19838.39250 19585.55550 20398.17500 20147.88250 19895.04550
20331.88750 20083.89150 19833.34300 20641.94150 20393.94550 20143.39700 20954.38400 20706.38800 20455.83950 20086.56450 19836.27200 19583.43500 20396.61850 20146.32600 19893.48900 20709.06100 20458.76850 20205.93150 19838.91300 19586.33650 19331.22400 20148.96700 19896.39050 19641.27800 20461.40950 20208.83300 19953.72050
20394.51900 20144.22650 19891.38950 20707.52300 20457.23050 20204.39350 21022.90350 20772.61100 20519.77400 20146.86750 19894.29100 19639.17850 20459.87150 20207.29500 19952.18250 20775.25200 20522.67550 20267.56300 19896.90150 19642.05300 19384.67800 20209.90550 19955.05700 19697.68200 20525.28600 20270.43750 20013.06250
20457.79250 20205.21600 19950.10350 20773.73300 20521.15650 20266.04400 21092.03900 20839.46250 20584.35000 20207.82650 19952.97800 19695.60300 20523.76700 20268.91850 20011.54350 20842.07300 20587.22450 20329.84950 19955.55850 19698.45150 19438.82600 20271.49900 20014.39200 19754.76650 20589.80500 20332.69800 20073.07250
20521.70800 20266.85950 20009.48450 20840.57100 20585.72250 20328.34750 21161.78850 20906.94000 20649.56500 20269.44000 20012.33300 19752.70750 20588.30300 20331.19600 20071.57050 20909.52050 20652.41350 20392.78800 20014.88350 19755.53000 19493.66850 20333.74650 20074.39300 19812.53150 20654.96400 20395.61050 20133.74900
20586.26350 20329.15650 20069.53100 20908.03650 20650.92950 20391.30400 21232.15250 20975.04550 20715.42000 20331.70700 20072.35350 19810.49200 20653.48000 20394.12650 20132.26500 20977.59600 20718.24250 20456.38100 20074.87600 19813.29000 19549.20450 20396.64900 20135.06300 19870.97750 20720.76500 20459.17900 20195.09350
20651.46000 20392.10650 20130.24500 20976.12950 20716.77600 20454.91450 21303.12900 21043.77550 20781.91400 20394.62900 20133.04300 19868.95750 20719.29850 20457.71250 20193.62700 21046.29800 20784.71200 20520.62650 20135.53700 19871.73050 19605.43600 20460.20650 20196.40000 19930.10550 20787.20600 20523.39950 20257.10500
20717.29650 20455.71050 20191.62500 21044.84850 20783.26250 20519.17700 21374.71900 21113.13300 20849.04750 20458.20450 20194.39800 19928.10350 20785.75650 20521.95000 20255.65550 21115.62700 20851.82050 20585.52600 20196.86450 19930.85250 19662.36200 20524.41650 20258.40450 19989.91400 20854.28700 20588.27500 20319.78450
20783.77350 20519.96700 20253.67250 21114.19400 20850.38750 20584.09300 21446.92000 21183.11350 20916.81900 20522.43350 20256.42150 19987.93100 20852.85400 20586.84200 20318.35150 21185.58000 20919.56800 20651.07750 20258.86100 19990.65600 19719.98350 20589.28150 20321.07650 20050.40400 20922.00750 20653.80250 20383.13000
20850.88800 20584.87600 20316.38550 21184.16300 20918.15100 20649.66050 21519.73150 21253.71950 20985.22900 20587.31550 20319.11050 20048.43800 20920.59050 20652.38550 20381.71300 21256.15900 20987.95400 20717.28150 20321.52350 20051.14000 19778.29900 20654.79850 20384.41500 20111.57400 20990.36700 20719.98350 20447.14250
20918.64250 20650.43750 20379.76500 21254.75800 20986.55300 20715.88050 21593.15350 21324.94850 21054.27600 20652.85050 20382.46700 20109.62600 20988.96600 20718.58250 20445.74150 21327.36150 21056.97800 20784.13700 20384.85400 20112.30500 19837.31050 20720.96950 20448.42050 20173.42600 21059.36500 20786.81600 20511.82150
20987.03550 20716.65200 20443.81100 21325.97600 21055.59250 20782.75150 21667.18500 21396.80150 21123.96050 20719.03900 20446.49000 20171.49550 21057.97950 20785.43050 20510.43600 21399.18850 21126.63950 20851.64500 20448.85200 20174.15200 19897.01750 20787.79250 20513.09250 20235.95800 21129.00150 20854.30150 20577.16700
21056.06650 20783.51750 20508.52300 21397.81850 21125.26950 20850.27500 21741.82550 21469.27650 21194.28200 20785.87950 20511.17950 20234.04500 21127.63150 20852.93150 20575.79700 21471.63850 21196.93850 20919.80400 20513.51650 20236.68000 19957.42000 20855.26850 20578.43200 20299.17200 21199.27550 20922.43900 20643.17900
21125.73450 20851.03450 20573.90000 21470.28350 21195.58350 20918.44900 21817.07400 21542.37400 21265.23950 20853.37150 20576.53500 20297.27500 21197.92050 20921.08400 20641.82400 21544.71100 21267.87450 20988.61450 20578.84800 20299.88900 20018.51800 20923.39700 20644.43800 20363.06700 21270.18750 20991.22850 20709.85750
21196.03950 20919.20300 20639.94300 21543.37050 21266.53400 20987.27400 21892.92850 21616.09200 21336.83200 20921.51600 20642.55700 20361.18600 21268.84700 20989.88800 20708.51700 21618.40500 21339.44600 21058.07500 20644.84550 20363.77900 20080.31200 20992.17650 20711.11000 20427.64300 21341.73450 21060.66800 20777.20100
21266.98150 20988.02250 20706.65150 21617.07950 21338.12050 21056.74950 21969.39100 21690.43200 21409.06100 20990.31100 20709.24450 20425.77750 21340.40900 21059.34250 20775.87550 21692.72050 21411.65400 21128.18700 20711.51000 20428.34950 20142.80250 21061.60800 20778.44750 20492.90050 21413.91950 21130.75900 20845.21200
21338.55950 21057.49300 20774.02600 21691.40850 21410.34200 21126.87500 22046.45750 21765.39100 21481.92400 21059.75850 20776.59800 20491.05100 21412.60750 21129.44700 20843.90000 21767.65650 21484.49600 21198.94900 20778.84150 20493.60300 20205.98950 21131.69050 20846.45200 20558.83850 21486.73950 21201.50100 20913.88750
21410.77350 21127.61300 20842.06600 21766.35900 21483.19850 21197.65150 22124.13050 21840.97000 21555.42300 21129.85650 20844.61800 20557.00450 21485.44200 21200.20350 20912.59000 21843.21350 21557.97500 21270.36150 20846.83800 20559.53650 20269.87250 21202.42350 20915.12200 20625.45800 21560.19500 21272.89350 20983.22950
21483.62250 21198.38400 20910.77050 21841.92900 21556.69050 21269.07700 22202.40700 21917.16850 21629.55500 21200.60400 20913.30250 20623.63850 21558.91050 21271.60900 20981.94500 21919.38850 21632.08700 21342.42300 20915.50100 20626.15100 20334.45150 21273.80750 20984.45750 20692.75800 21634.28550 21344.93550 21053.23600
21557.10600 21269.80450 20980.14050 21918.11800 21630.81650 21341.15250 22281.28650 21993.98500 21704.32100 21272.00300 20982.65300 20690.95350 21633.01500 21343.66500 21051.96550 21996.18350 21706.83350 21415.13400 20984.83050 20693.44700 20399.72800 21345.84250 21054.45900 20760.74000 21709.01100 21417.62750 21123.90850
21631.22450 21341.87450 21050.17500 21994.92600 21705.57600 21413.87650 22360.76900 22071.41900 21779.71950 21344.05200 21052.66850 20758.94950 21707.75350 21416.37000 21122.65100 22073.59650 21782.21300 21488.49400 21054.82500 20761.42500 20465.70100 21418.52650 21125.12650 20829.40250 21784.36950 21490.96950 21195.24550
21705.97700 21414.59350 21120.87450 22072.35200 21780.96850 21487.24950 22440.85350 22149.47000 21855.75100 21416.75000 21123.35000 20827.62600 21783.12500 21489.72500 21194.00100 22151.62650 21858.22650 21562.50250 21125.48500 20830.08250 20532.37150 21491.86000 21196.45750 20898.74650 21860.36150 21564.95900 21267.24800
21781.36250 21487.96250 21192.23850 22150.39500 21856.99500 21561.27100 22521.53950 22228.13950 21932.41550 21490.09750 21194.69500 20896.98400 21859.13000 21563.72750 21266.01650 22230.27450 21934.87200 21637.16100 21196.81050 20899.42250 20599.73850 21565.84300 21268.45500 20968.77100 21936.98750 21639.59950 21339.91550
21857.38050 21561.97800 21264.26700 22229.05400 21933.65150 21635.94050 22602.82450 22307.42200 22009.71100 21564.09350 21266.70550 20967.02150 21935.76700 21638.37900 21338.69500 22309.53750 22012.14950 21712.46550 21268.80100 20969.44250 20667.80250 21640.47450 21341.11600 21039.47600 22014.24500 21714.88650 21413.24650
21934.03200 21636.64400 21336.96000 22308.33000 22010.94200 21711.25800 22684.71000 22387.32200 22087.63800 21638.73950 21339.38100 21037.74100 22013.03750 21713.67900 21412.03900 22389.41750 22090.05900 21788.41900 21341.45650 21040.14450 20736.56500 21715.75450 21414.44250 21110.86300 22092.13450 21790.82250 21487.24300
22011.31550 21711.95700 21410.31700 22388.22150 22088.86300 21787.22300 22767.19400 22467.83550 22166.19550 21714.03250 21412.72050 21109.14100 22090.93850 21789.62650 21486.04700 22469.91100 22168.59900 21865.01950 21414.77750 21111.52750 20806.02450 21791.68350 21488.43350 21182.93050 22170.65600 21867.40600 21561.90300
22089.22900 21787.91700 21484.33750 22468.72700 22167.41500 21863.83550 22850.27500 22548.96300 22245.38350 21789.97400 21486.72400 21181.22100 22169.47200 21866.22200 21560.71900 22551.02000 22247.77000 21942.26700 21488.76200 21183.59100 20876.18100 21868.26000 21563.08900 21255.67900 22249.80800 21944.63700 21637.22700
22167.77500 21864.52500 21559.02200 22549.84800 22246.59800 21941.09500 22933.95450 22630.70450 22325.20150 21866.56300 21561.39200 21253.98200 22248.63600 21943.46500 21636.05500 22632.74250 22327.57150 22020.16150 21563.41150 21256.33550 20947.03550 21945.48450 21638.40850 21329.10850 22329.59100 22022.51500 21713.21500
22246.95100 21941.78000 21634.37000 22631.58150 22326.41050 22019.00050 23018.23000 22713.05900 22405.64900 21943.79950 21636.72350 21327.42350 22328.43000 22021.35400 21712.05400 22715.07850 22408.00250 22098.70250 21638.72550 21329.76100 21018.58750 22023.35600 21714.39150 21403.21800 22410.00450 22101.04000 21789.86650
22326.75700 22019.68100 21710.38100 22713.92850 22406.85250 22097.55250 23103.10100 22796.02500 22486.72500 22021.68300 21712.71850 21401.54500 22408.85450 22099.89000 21788.71650 22798.02700 22489.06250 22177.88900 21714.70300 21403.86700 21090.83800 22101.87450 21791.03850 21478.00950 22491.04700 22180.21100 21867.18200
22407.19350 22098.22900 21787.05550 22796.88800 22487.92350 22176.75000 23188.56700 22879.60250 22568.42900 22100.21350 21789.37750 21476.34850 22489.90800 22179.07200 21866.04300 22881.58700 22570.75100 22257.72200 21791.34450 21478.65500 21163.78650 22181.03900 21868.34950 21553.48100 22572.71800 22260.02850 21945.16000
22488.25900 22177.42300 21864.39400 22880.45850 22569.62250 22256.59350 23274.62750 22963.79150 22650.76250 22179.39000 21866.70050 21551.83200 22571.58950 22258.90000 21944.03150 22965.75850 22653.06900 22338.20050 21868.64950 21554.12300 21237.43300 22260.84900 21946.32250 21629.63250 22655.01800 22340.49150 22023.80150
22569.95250 22257.26300 21942.39450 22964.64000 22651.95050 22337.08200 23361.28000 23048.59050 22733.72200 22259.21200 21944.68550 21627.99550 22653.89950 22339.37300 22022.68300 23050.53950 22736.01300 22419.32300 21946.61850 21630.27150 21311.77750 22341.30600 22024.95900 21706.46500 22737.94600 22421.59900 22103.10500
22652.27400 22337.74750 22021.05750 23049.43200 22734.90550 22418.21550 23448.52500 23133.99850 22817.30850 22339.68050 22023.33350 21704.83950 22736.83850 22420.49150 22101.99750 23135.93150 22819.58450 22501.09050 22025.25050 21707.10200 21386.82100 22422.40850 22104.26000 21783.97900 22821.50150 22503.35300 22183.07200
22735.22400 22418.87700 22100.38300 23134.83450 22818.48750 22499.99350 23536.36250 23220.01550 22901.52150 22420.79400 22102.64550 21782.36450 22820.40450 22502.25600 22181.97500 23221.93250 22903.78400 22583.50300 22104.54550 21784.61200 21462.56250 22504.15600 22184.22250 21862.17300 22905.68400 22585.75050 22263.70100
22818.80050 22500.65200 22180.37100 23220.84500 22902.69650 22582.41550 23624.79050 23306.64200 22986.36100 22502.55200 22182.61850 21860.56900 22904.59650 22584.66300 22262.61350 23308.54200 22988.60850 22666.55900 22184.50300 21862.80300 21539.00250 22586.54750 22264.84750 21941.04700 22990.49300 22668.79300 22344.99250
22903.00350 22583.07000 22261.02050 23307.46400 22987.53050 22665.48100 23713.80850 23393.87500 23071.82550 22584.95450 22263.25450 21939.45400 22989.41500 22667.71500 22343.91450 23395.75950 23074.05950 22750.25900 22265.12350 21941.67400 21616.14100 22669.58400 22346.13450 22020.60150 23075.92850 22752.47900 22426.94600
22987.83200 22666.13200 22342.33150 23394.69150 23072.99150 22749.19100 23803.41500 23481.71500 23157.91450 22668.00100 22344.55150 22019.01850 23074.86050 22751.41100 22425.87800 23483.58400 23160.13450 22834.60150 22346.40550 22021.22500 21693.97800 22753.26500 22428.08450 22100.83750 23161.98850 22836.80800 22509.56100
23073.28750 22749.83800 22424.30500 23482.52550 23159.07600 22833.54300 23893.61100 23570.16150 23244.62850 22751.69200 22426.51150 22099.26450 23160.93000 22835.74950 22508.50250 23572.01550 23246.83500 22919.58800 22428.35050 22101.45700 21772.51400 22837.58850 22510.69500 22181.75200 23248.67400 22921.78050 22592.83750
23159.36750 22834.18700 22506.94000 23570.96650 23245.78600 22918.53900 23984.39400 23659.21350 23331.96650 22836.02600 22509.13250 22180.18950 23247.62500 22920.73150 22591.78850 23661.05250 23334.15900 23005.21600 22510.95750 22182.36950 21851.74900 22922.55650 22593.96850 22263.34800 23335.98400 23007.39600 22676.77550
23246.07250 22919.17900 22590.23600 23660.01250 23333.11900 23004.17600 24075.76350 23748.87000 23419.92700 22921.00400 22592.41600 22261.79550 23334.94400 23006.35600 22675.73550 23750.69500 23422.10700 23091.48650 22594.22650 22263.96200 21931.68350 23008.16650 22677.90200 22345.62350 23423.91750 23093.65300 22761.37450
23333.40150 23004.81350 22674.19300 23749.66450 23421.07650 23090.45600 24167.71950 23839.13150 23508.51100 23006.62400 22676.35950 22344.08100 23422.88700 23092.62250 22760.34400 23840.94200 23510.67750 23178.39900 22678.15650 22346.23450 22012.31650 23094.41950 22762.49750 22428.57950 23512.47450 23180.55250 22846.63450
23421.35400 23091.08950 22758.81100 23839.92000 23509.65550 23177.37700 24260.26050 23929.99600 23597.71750 23092.88650 22760.96450 22427.04650 23511.45250 23179.53050 22845.61250 23931.79300 23599.87100 23265.95300 22762.74800 22429.18750 22093.64800 23181.31400 22847.75350 22512.21400 23601.65450 23268.09400 22932.55450
23509.92950 23178.00750 22844.08950 23930.78050 23598.85850 23264.94050 24353.38600 24021.46400 23687.54600 23179.79100 22846.23050 22510.69100 23600.64200 23267.08150 22931.54200 24023.24750 23689.68700 23354.14750 22848.00000 22512.82050 22175.67900 23268.85100 22933.67150 22596.53000 23691.45650 23356.27700 23019.13550
23599.12750 23265.56700 22930.02750 24022.24300 23688.68250 23353.14300 24447.09450 24113.53400 23777.99450 23267.33650 22932.15700 22595.01550 23690.45200 23355.27250 23018.13100 24115.30350 23780.12400 23442.98250 22933.91300 22597.13350 22258.40950 23357.02850 23020.24900 22681.52500 23781.88000 23445.10050 23106.37650
23688.94650 23353.76700 23016.62550 24114.30800 23779.12850 23441.98700 24541.38550 24206.20600 23869.06450 23355.52300 23018.74350 22680.01950 23780.88450 23444.10500 23105.38100 24207.96200 23871.18250 23532.45850 23020.48600 22682.12550 22341.83850 23445.84750 23107.48700 22767.20000 23872.92500 23534.56450 23194.27750
23779.38800 23442.60850 23103.88450 24206.97450 23870.19500 23531.47100 24636.25850 24299.47900 23960.75500 23444.35100 23105.99050 22765.70350 23871.93750 23533.57700 23193.29000 24301.22150 23962.86100 23622.57400 23107.72000 22767.79750 22425.96750 23535.30650 23195.38400 22853.55400 23964.59050 23624.66800 23282.83800
23870.44950 23532.08900 23191.80200 24300.24200 23961.88150 23621.59450 24731.71250 24393.35200 24053.06500 23533.81850 23193.89600 22852.06600 23963.61100 23623.68850 23281.85850 24395.08150 24055.15900 23713.32900 23195.61350 22854.14900 22510.79500 23625.40600 23283.94150 22940.58750 24056.87650 23715.41200 23372.05800
23962.13250 23622.21000 23280.38000 24394.11000 24054.18750 23712.35750 24827.74600 24487.82350 24145.99350 23623.92750 23282.46300 22939.10900 24055.90500 23714.44050 23371.08650 24489.54100 24148.07650 23804.72250 23284.16800 22941.18100 22596.32300 23716.14550 23373.15850 23028.30050 24149.78150 23806.79450 23461.93650
24054.43450 23712.97000 23369.61600 24488.57800 24147.11350 23803.75950 24924.36000 24582.89550 24239.54150 23714.67500 23371.68800 23026.83000 24148.81850 23805.83150 23460.97350 24584.60050 24241.61350 23896.75550 23373.38100 23028.89150 22682.54900 23807.52450 23463.03500 23116.69250 24243.30650 23898.81700 23552.47450
24147.35650 23804.36950 23459.51150 24583.64450 24240.65750 23895.79950 25021.55200 24678.56500 24333.70700 23806.06250 23461.57300 23115.23050 24242.35050 23897.86100 23551.51850 24680.25800 24335.76850 23989.42600 23463.25350 23117.28150 22769.47600 23899.54150 23553.56950 23205.76400 24337.44900 23991.47700 23643.67150
24240.89700 23896.40750 23550.06500 24679.31000 24334.82050 23988.47800 25119.32150 24774.83200 24428.48950 23898.08800 23552.11600 23204.31050 24336.50100 23990.52900 23642.72350 24776.51250 24430.54050 24082.73500 23553.78550 23206.35050 22857.10150 23992.19850 23644.76350 23295.51450 24432.21000 24084.77500 23735.52600
24335.05550 23989.08350 23641.27800 24775.57200 24429.60000 24081.79450 25217.66750 24871.69550 24523.89000 23990.75300 23643.31800 23294.06900 24431.26950 24083.83450 23734.58550 24873.36500 24525.93000 24176.68100 23644.97550 23296.09900 22945.42750 24085.49200 23736.61550 23385.94400 24527.58750 24178.71100 23828.03950
24429.83200 24082.39700 23733.14800 24872.43200 24524.99700 24175.74800 25316.59000 24969.15500 24619.90600 24084.05450 23735.17800 23384.50650 24526.65450 24177.77800 23827.10650 24970.81250 24621.93600 24271.26450 23736.82450 23386.52600 23034.45200 24179.42450 23829.12600 23477.05200 24623.58250 24273.28400 23921.21000
24525.22450 24176.34800 23825.67650 24969.88650 24621.01000 24270.33850 25416.08650 25067.21000 24716.53850 24177.99450 23827.69600 23475.62200 24622.65650 24272.35800 23920.28400 25068.85650 24718.55800 24366.48400 23829.33150 23477.63150 23124.17650 24273.99350 23922.29350 23568.83850 24720.19350 24368.49350 24015.03850
24621.23500 24270.93650 23918.86250 25067.93750 24717.63900 24365.56500 25516.15800 25165.85950 24813.78550 24272.57200 23920.87200 23567.41700 24719.27450 24367.57450 24014.11950 25167.49500 24815.79500 24462.34000 23922.49750 23569.41700 23214.60150 24369.20000 24016.11950 23661.30400 24817.42050 24464.34000 24109.52450
24717.86000 24366.16000 24012.70500 25166.58350 24814.88350 24461.42850 25616.80250 25265.10250 24911.64750 24367.78550 24014.70500 23659.88950 24816.50900 24463.42850 24108.61300 25266.72800 24913.64750 24558.83200 24016.31950 23661.88000 23305.72450 24465.04300 24110.60350 23754.44800 24915.26200 24560.82250 24204.66700
24815.10200 24462.02150 24107.20600 25265.82350 24912.74300 24557.92750 25718.02050 25364.94000 25010.12450 24463.63600 24109.19650 23753.04100 24914.35750 24559.91800 24203.76250 25366.55450 25012.11500 24655.95950 24110.80000 23755.02200 23397.54850 24561.52150 24205.74350 23848.27000 25013.71850 24657.94050 24300.46700
24912.95800 24558.51850 24202.36300 25365.65600 25011.21650 24655.06100 25819.80900 25465.36950 25109.21400 24560.12200 24204.34400 23846.87050 25012.82000 24657.04200 24299.56850 25466.97300 25111.19500 24753.72150 24205.93750 23848.84250 23490.07200 24658.63550 24301.54050 23942.77000 25112.78850 24755.69350 24396.92300
25011.42800 24655.65000 24298.17650 25466.08150 25110.30350 24752.83000 25922.16800 25566.39000 25208.91650 24657.24350 24300.14850 23941.37800 25111.89700 24754.80200 24396.03150 25567.98350 25210.88850 24852.11800 24301.73200 23943.34050 23583.29500 24756.38550 24397.99400 24037.94850 25212.47200 24854.08050 24494.03500
25110.51200 24753.41700 24394.64650 25567.09850 25210.00350 24851.23300 26025.09750 25668.00250 25309.23200 24755.00050 24396.60900 24036.56350 25211.58700 24853.19550 24493.15000 25669.58600 25311.19450 24951.14900 24398.18300 24038.51750 23677.21800 24854.76950 24495.10400 24133.80450 25312.76850 24953.10300 24591.80350
25210.20900 24851.81750 24491.77200 25668.70700 25310.31550 24950.27000 26128.59550 25770.20400 25410.15850 24853.39150 24493.72600 24132.42650 25311.88950 24952.22400 24590.92450 25771.77800 25412.11250 25050.81300 24495.29000 24134.37150 23771.83950 24953.78800 24592.86950 24230.33750 25413.67650 25052.75800 24690.22600
25310.51850 24950.85300 24589.55350 25770.90600 25411.24050 25049.94100 26232.66200 25872.99650 25511.69700 24952.41700 24591.49850 24228.96650 25412.80450 25051.88600 24689.35400 25874.56050 25513.64200 25151.11000 24593.05300 24230.90350 23867.16150 25053.44050 24691.29100 24327.54900 25515.19650 25153.04700 24789.30500
25411.44000 25050.52150 24687.98950 25873.69500 25512.77650 25150.24450 26337.29600 25976.37750 25613.84550 25052.07600 24689.92650 24326.18450 25514.33100 25152.18150 24788.43950 25977.93200 25615.78250 25252.04050 24691.47200 24328.11400 23963.18350 25153.72700 24790.36900 24425.43850 25617.32800 25253.97000 24889.03950
25512.97300 25150.82350 24787.08150 25977.07200 25614.92250 25251.18050 26442.49600 26080.34650 25716.60450 25152.36900 24789.01100 24424.08050 25616.46800 25253.11000 24888.17950 26081.89200 25718.53400 25353.60350 24790.54750 24426.00150 24059.90550 25254.64650 24890.10050 24524.00450 25720.07050 25355.52450 24989.42850
25615.11650 25251.75850 24886.82800 26081.03800 25717.68000 25352.74950 26548.26100 26184.90300 25819.97250 25253.29500 24888.74900 24522.65300 25719.21650 25354.67050 24988.57450 26186.43950 25821.89350 25455.79750 24890.27650 24524.56550 24157.32650 25356.19800 24990.48700 24623.24800 25823.42100 25457.71000 25090.47100
25717.87150 25353.32550 24987.22950 26185.59200 25821.04600 25454.95000 26654.59250 26290.04650 25923.95050 25354.85300 24989.14200 24621.90300 25822.57350 25456.86250 25089.62350 26291.57400 25925.86300 25558.62400 24990.66100 24623.80800 24255.44800 25458.38150 25091.52850 24723.16850 25927.38200 25560.52900 25192.16900
25821.23450 25455.52350 25088.28450 26290.73150 25925.02050 25557.78150 26761.48600 26395.77500 26028.53600 25457.04250 25090.18950 24721.82950 25926.53950 25559.68650 25191.32650 26397.29400 26030.44100 25662.08100 25091.69950 24723.72650 24354.26850 25561.19650 25193.22350 24823.76550 26031.95100 25663.97800 25294.52000
25925.20700 25558.35400 25189.99400 26396.45700 26029.60400 25661.24400 26868.94200 26502.08900 26133.72900 25559.86400 25191.89100 24822.43300 26031.11400 25663.14100 25293.68300 26503.59900 26135.62600 25766.16800 25193.39350 24824.32250 24453.78900 25664.64350 25295.57250 24925.03900 26137.12850 25768.05750 25397.52400
26029.78800 25661.81500 25292.35700 26502.76800 26134.79500 25765.33700 26976.96050 26608.98750 26239.52950 25663.31750 25294.24650 24923.71300 26136.29750 25767.22650 25396.69300 26610.49000 26241.41900 25870.88550 25295.74050 24925.59500 24554.00950 25768.72050 25398.57500 25026.98950 26242.91300 25872.76750 25501.18200
26134.97750 25765.90650 25395.37300 26609.66450 26240.59350 25870.06000 27085.54050 26716.46950 26345.93600 25767.40050 25397.25500 25025.66950 26242.08750 25871.94200 25500.35650 26717.96350 26347.81800 25976.23250 25398.74100 25027.54500 24654.92950 25873.42800 25502.23200 25129.61650 26349.30400 25978.10800 25605.49250
26240.77300 25870.62750 25499.04200 26717.14350 26346.99800 25975.41250 27194.68000 26824.53450 26452.94900 25872.11350 25500.91750 25128.30200 26348.48400 25977.28800 25604.67250 26826.02050 26454.82450 26082.20900 25502.39550 25130.17000 24756.54850 25978.76600 25606.54050 25232.91900 26456.30250 26084.07700 25710.45550
26347.17550 25975.97950 25603.36400 26825.20600 26454.01000 26081.39450 27304.37850 26933.18250 26560.56700 25977.45750 25605.23200 25231.61050 26455.48800 26083.26250 25709.64100 26934.66050 26562.43500 26188.81350 25606.70250 25233.47200 24858.86800 26084.73300 25711.50250 25336.89850 26563.90550 26190.67500 25816.07100
26454.18500 26081.95950 25708.33800 26933.85100 26561.62550 26188.00400 27414.63650 27042.41100 26668.78950 26083.43000 25710.19950 25335.59550 26563.09600 26189.86550 25815.26150 27043.88150 26670.65100 26296.04700 25711.66250 25337.45000 24961.88650 26191.32850 25817.11600 25441.55250 26672.11400 26297.90150 25922.33800
26561.79850 26188.56800 25813.96400 27043.07700 26669.84650 26295.24250 27525.45100 27152.22050 26777.61650 26190.03100 25815.81850 25440.25500 26671.30950 26297.09700 25921.53350 27153.68350 26779.47100 26403.90750 25817.27450 25442.10350 25065.60500 26298.55300 25923.38200 25546.88350 26780.92700 26405.75600 26029.25750
26670.01750 26295.80500 25920.24150 27152.88450 26778.67200 26403.10850 27636.82150 27262.60900 26887.04550 26297.26100 25922.09000 25545.59150 26780.12800 26404.95700 26028.45850 27264.06500 26888.89400 26512.39550 25923.53850 25547.43250 25170.02300 26406.40550 26030.29950 25652.89000 26890.34250 26514.23650 26136.82700
26778.84100 26403.67000 26027.17150 27263.27150 26888.10050 26511.60200 27748.74850 27373.57750 26997.07900 26405.11850 26029.01250 25651.60300 26889.54900 26513.44300 26136.03350 27375.02600 26998.92000 26621.51050 26030.45450 25653.43800 25275.14000 26514.88500 26137.86850 25759.57050 27000.36200 26623.34550 26245.04750
26888.26750 26512.16150 26134.75200 27374.23700 26998.13100 26620.72150 27861.22950 27485.12350 27107.71400 26513.60350 26136.58700 25758.28900 26999.57300 26622.55650 26244.25850 27486.56550 27109.54900 26731.25100 26138.02150 25760.11850 25380.95700 26623.99100 26246.08800 25866.92650 27110.98350 26733.08050 26353.91900
26998.29700 26621.28050 26242.98250 27485.78150 27108.76500 26730.46700 27974.26500 27597.24850 27218.95050 26622.71500 26244.81200 25865.65050 27110.19950 26732.29650 26353.13500 27598.68300 27220.78000 26841.61850 26246.24000 25867.47400 25487.47350 26733.72450 26354.95850 25974.95800 27222.20800 26843.44200 26463.44150
27108.92850 26731.02550 26351.86400 27597.90350 27220.00050 26840.83900 28087.85250 27709.94950 27330.78800 26732.45350 26353.68750 25973.68700 27221.42850 26842.66250 26462.66200 27711.37750 27332.61150 26952.61100 26355.10900 25975.50400 25594.68900 26844.08400 26464.47900 26083.66400 27334.03300 26954.42800 26573.61300
27220.16200 26841.39600 26461.39550 27710.60250 27331.83650 26951.83600 28201.99250 27823.22650 27443.22600 26842.81750 26463.21250 26082.39750 27333.25800 26953.65300 26572.83800 27824.64800 27445.04300 27064.22800        nan        nan        nan        nan        nan        nan        nan        nan        nan
