       nan        nan        nan        nan        nan        nan        nan        nan        nan 29674.70500        nan        nan        nan        nan        nan        nan        nan        nan 29671.69500 29628.55300        nan        nan        nan        nan        nan        nan        nan
29677.99800        nan        nan 29717.34750        nan        nan        nan        nan        nan 29674.98800 29631.84600        nan 29714.33750 29671.19550        nan        nan        nan        nan 29668.96450 29625.43800 29589.67300 29708.31400 29664.78750 29629.02250        nan        nan        nan
29681.58100 29638.43900        nan 29721.45800 29678.31600        nan 29754.40500 29711.26300        nan 29675.55750 29632.03100 29596.26600 29715.43450 29671.90800 29636.14300 29748.38150 29704.85500 29669.09000 29666.51300 29622.40850 29585.61850 29706.39000 29662.28550 29625.49550 29739.33700 29695.23250 29658.44250
29685.46550 29641.93900 29606.17400 29726.13550 29682.60900 29646.84400 29760.44600 29716.91950 29681.15450 29676.42100 29632.31650 29595.52650 29717.09100 29672.98650 29636.19650 29751.40150 29707.29700 29670.50700 29664.34500 29619.46950 29581.36500 29705.01500 29660.13950 29622.03500 29739.32550 29694.45000 29656.34550
29689.66450 29645.56000 29608.77000 29731.38950 29687.28500 29650.49500 29767.42100 29723.31650 29686.52650 29677.58850 29632.71300 29594.60850 29719.31350 29674.43800 29636.33350 29755.34500 29710.46950 29672.36500 29662.47000 29616.63150 29576.95650 29704.19500 29658.35650 29618.68150 29740.22650 29694.38800 29654.71300
29694.19100 29649.31550 29611.21100 29737.22650 29692.35100 29654.24650 29775.27900 29730.40350 29692.29900 29679.07250 29633.23400 29593.55900 29722.10800 29676.26950 29636.59450 29760.16050 29714.32200 29674.64700 29660.89500 29613.90800 29572.44400 29703.93050 29656.94350 29615.47950 29741.98300 29694.99600 29653.53200
29699.06000 29653.22150 29613.54650 29743.64750 29697.80900 29658.13400 29783.96700 29738.12850 29698.45350 29680.88250 29633.89550 29592.43150 29725.47000 29678.48300 29637.01900 29765.78950 29718.80250 29677.33850 29659.63300 29611.31800 29567.87750 29704.22050 29655.90550 29612.46500 29744.54000 29696.22500 29652.78450
29704.28150 29657.29450 29615.83050 29750.64650 29703.65950 29662.19550 29793.43200 29746.44500 29704.98100 29683.03200 29634.71700 29591.27650 29729.39700 29681.08200 29637.64150 29772.18250 29723.86750 29680.42700 29658.69400 29608.88150 29563.30800 29705.05900 29655.24650 29609.67300 29747.84450 29698.03200 29652.45850
29709.86700 29661.55200 29618.11150 29758.21450 29709.89950 29666.45900 29803.62650 29755.31150 29711.87100 29685.52900 29635.71650 29590.14300 29733.87650 29684.06400 29638.49050 29779.28850 29729.47600 29683.90250 29658.08900 29606.62050 29558.78050 29706.43650 29654.96800 29607.12800 29751.84850 29700.38000 29652.54000
29715.82350 29666.01100 29620.43750 29766.33700 29716.52450 29670.95100 29814.50650 29764.69400 29719.12050 29688.38350 29636.91500 29589.07500 29738.89700 29687.42850 29639.58850 29787.06650 29735.59800 29687.75800 29657.82600 29604.55650 29554.33900 29708.33950 29655.07000 29604.85250 29756.50900 29703.23950 29653.02200
29722.15850 29670.69000 29622.85000 29775.00000 29723.53150 29675.69150 29826.03300 29774.56450 29726.72450 29691.60100 29638.33150 29588.11400 29744.44250 29691.17300 29640.95550 29795.47550 29742.20600 29691.98850 29657.91400 29602.70950 29550.02200 29710.75550 29655.55100 29602.86350 29761.78850 29706.58400 29653.89650
29728.87400 29675.60450 29625.38700 29784.18700 29730.91750 29680.70000 29838.17150 29784.90200 29734.68450 29695.18700 29639.98250 29587.29500 29750.50000 29695.29550 29642.60800 29804.48450 29749.28000 29696.59250 29658.35850 29601.09850 29545.86200 29713.67150 29656.41150 29601.17500 29767.65600 29710.39600 29655.15950
29735.97400 29680.76950 29628.08200 29793.88350 29738.67900 29685.99150 29850.89100 29795.68650 29742.99900 29699.14550 29641.88550 29586.64900 29757.05500 29699.79500 29644.55850 29814.06250 29756.80250 29701.56600 29659.16450 29599.74150 29541.88800 29717.07400 29657.65100 29599.79750 29774.08150 29714.65850 29656.80500
29743.45950 29686.19950 29630.96300 29804.07300 29746.81300 29691.57650 29864.16450 29806.90450 29751.66800 29703.47850 29644.05550 29586.20200 29764.09200 29704.66900 29646.81550 29824.18350 29764.76050 29706.90700 29660.33700 29598.65350 29538.12700 29720.95050 29659.26700 29598.74050 29781.04200 29719.35850 29658.83200
29751.32950 29691.90650 29634.05300 29814.74300 29755.32000 29697.46650 29877.96900 29818.54600 29760.69250 29708.18800 29646.50450 29585.97800 29771.60150 29709.91800 29649.39150 29834.82750 29773.14400 29712.61750 29661.87800 29597.84650 29534.59800 29725.29150 29661.26000 29598.01150 29788.51750 29724.48600 29661.23750
29759.58650 29697.90300 29637.37650 29825.88000 29764.19650 29703.67000 29892.28450 29830.60100 29770.07450 29713.27650 29649.24500 29585.99650 29779.57000 29715.53850 29652.29000 29845.97450 29781.94300 29718.69450 29663.79100 29597.33500 29531.32250 29730.08450 29663.62850 29597.61600 29796.48900 29730.03300 29664.02050
29768.22800 29704.19650 29640.94800 29837.47400 29773.44250 29710.19400 29907.09250 29843.06100 29779.81250 29718.74250 29652.28650 29586.27400 29787.98850 29721.53250 29655.52000 29857.60700 29791.15100 29725.13850 29666.07650 29597.12800 29528.31400 29735.32250 29666.37400 29597.56000 29804.94100 29735.99250 29667.17850
29777.25450 29710.79850 29644.78600 29849.51350 29783.05750 29717.04500 29922.37800 29855.92200 29789.90950 29724.58850 29655.64000 29586.82600 29796.84750 29727.89900 29659.08500 29869.71200 29800.76350 29731.94950 29668.73800 29597.23500 29525.58900 29740.99700 29669.49400 29597.84800 29813.86150 29742.35850 29670.71250
29786.66400 29717.71550 29648.90150 29861.98950 29793.04100 29724.22700 29938.12800 29869.17950 29800.36550 29730.81350 29659.31050 29587.66450 29806.13900 29734.63600 29662.99000 29882.27750 29810.77450 29739.12850 29671.77450 29597.66350 29523.15700 29747.10000 29672.98900 29598.48250 29823.23850 29749.12750 29674.62100
29796.45600 29724.95300 29653.30700 29874.89550 29803.39250 29731.74650 29954.33050 29882.82750 29811.18150 29737.41700 29663.30600 29588.79950 29815.85650 29741.74550 29667.23900 29895.29150 29821.18050 29746.67400 29675.18750 29598.42000 29521.02950 29753.62700 29676.85950 29599.46900 29833.06200 29756.29450 29678.90400
29806.62950 29732.51850 29658.01200 29888.22250 29814.11150 29739.60500 29970.97500 29896.86400 29822.35750 29744.40000 29667.63250 29590.24200 29825.99300 29749.22550 29671.83500 29908.74550 29831.97800 29754.58750 29678.97750 29599.51150 29519.21500 29760.57050 29681.10450 29600.80800 29843.32300 29763.85700 29683.56050
29817.18350 29740.41600 29663.02550 29901.96550 29825.19800 29747.80750 29988.05300 29911.28550 29833.89500 29751.76100 29672.29500 29591.99850 29836.54300 29757.07700 29676.78050 29922.63050 29843.16450 29762.86800 29683.14450 29600.94200 29517.72150 29767.92650 29685.72400 29602.50350 29854.01400 29771.81150 29688.59100
29828.11600 29748.65000 29668.35350 29916.11750 29836.65150 29756.35500 30005.55650 29926.09050 29845.79400 29759.49950 29677.29700 29594.07650 29847.50100 29765.29850 29682.07800 29936.94000 29854.73750 29771.51700 29687.68850 29602.71650 29516.55550 29775.69000 29690.71800 29604.55700 29865.12900 29780.15700 29693.99600
29839.42700 29757.22450 29674.00400 29930.67500 29848.47250 29765.25200 30023.47850 29941.27600 29858.05550 29767.61600 29682.64400 29596.48300 29858.86400 29773.89200 29687.73100 29951.66750 29866.69550 29780.53450 29692.61200 29604.83950 29515.72350 29783.86000 29696.08750 29606.97150 29876.66350 29788.89100 29699.77500
29851.11450 29766.14250 29679.98150 29945.63350 29860.66150 29774.50050 30041.81250 29956.84050 29870.67950 29776.11050 29688.33800 29599.22200 29870.62950 29782.85700 29693.74100 29966.80850 29879.03600 29789.92000 29697.91150 29607.31300 29515.22950 29792.43050 29701.83200 29609.74850 29888.60950 29798.01100 29705.92750
29863.18000 29775.40750 29686.29150 29960.98950 29873.21700 29784.10100 30060.55450 29972.78200 29883.66600 29784.98100 29694.38250 29602.29900 29882.79050 29792.19200 29700.10850 29982.35550 29891.75700 29799.67350 29703.59000 29610.14100 29515.07950 29801.39950 29707.95050 29612.88900 29900.96450 29807.51550 29712.45400
29875.62000 29785.02150 29692.93800 29976.73800 29886.13950 29794.05600 30079.69700 29989.09850 29897.01500 29794.22900 29700.78000 29605.71850 29895.34700 29801.89800 29706.83650 29998.30600 29904.85700 29809.79550 29709.64650 29613.32700 29515.27700 29810.76450 29714.44500 29616.39500 29913.72350 29817.40400 29719.35400
29888.43500 29794.98600 29699.92450 29992.87800 29899.42900 29804.36750 30099.23900 30005.79000 29910.72850 29803.85250 29707.53300 29609.48300 29908.29550 29811.97600 29713.92600 30014.65650 29918.33700 29820.28700 29716.08000 29616.87150 29515.82500 29820.52300 29721.31450 29620.26800 29926.88400 29827.67550 29726.62900
29901.62400 29805.30450 29707.25450 30009.40450 29913.08500 29815.03500 30119.17350 30022.85400 29924.80400 29813.85150 29714.64300 29613.59650 29921.63200 29822.42350 29721.37700 30031.40100 29932.19250 29831.14600 29722.89150 29620.77750 29516.72700 29830.67200 29728.55800 29624.50750 29940.44100 29838.32700 29734.27650
29915.18650 29815.97800 29714.93150 30026.31700 29927.10850 29826.06200 30139.49950 30040.29100 29939.24450 29824.22650 29722.11250 29618.06200 29935.35700 29833.24300 29729.19250 30048.53950 29946.42550 29842.37500 29730.08150 29625.04800 29517.98750 29841.21200 29736.17850 29629.11800 29954.39450 29849.36100 29742.30050
29929.12100 29827.00700 29722.95650 30043.61150 29941.49750 29837.44700 30160.21150 30058.09750 29954.04700 29834.97600 29729.94250 29622.88200 29949.46650 29844.43300 29737.37250 30066.06650 29961.03300 29853.97250 29737.64900 29629.68250 29519.60700 29852.13950 29744.17300 29634.09750 29968.73950 29860.77300 29750.69750
29943.42750 29838.39400 29731.33350 30061.28750 29956.25400 29849.19350 30181.30850 30076.27500 29969.21450 29846.10050 29738.13400 29628.05850 29963.96050 29855.99400 29745.91850 30083.98150 29976.01500 29865.93950 29745.59350 29634.68350 29521.58850 29863.45350 29752.54350 29639.44850 29983.47450 29872.56450 29759.46950
29958.10650 29850.14000 29740.06450 30079.34250 29971.37600 29861.30050 30202.78750 30094.82100 29984.74550 29857.59950 29746.68950 29633.59450 29978.83550 29867.92550 29754.83050 30102.28050 29991.37050 29878.27550 29753.91700 29640.05350 29523.93500 29875.15300 29761.28950 29645.17100 29998.59800 29884.73450 29768.61600
29973.15500 29862.24500 29749.15000 30097.77350 29986.86350 29873.76850 30224.64500 30113.73500 30000.64000 29869.47250 29755.60900 29639.49050 29994.09100 29880.22750 29764.10900 30120.96250 30007.09900 29890.98050 29762.61700 29645.79150 29526.64700 29887.23550 29770.41000 29651.26550 30014.10700 29897.28150 29778.13700
29988.57500 29874.71150 29758.59300 30116.58100 30002.71750 29886.59900 30246.87950 30133.01600 30016.89750 29881.71950 29764.89400 29645.74950 30009.72550 29892.90000 29773.75550 30140.02400 30023.19850 29904.05400 29771.69450 29651.90050 29529.72700 29899.70050 29779.90650 29657.73300 30029.99900 29910.20500 29788.03150
30004.36450 29887.53900 29768.39450 30135.76250 30018.93700 29899.79250 30269.48950 30152.66400 30033.51950 29894.33950 29774.54550 29652.37200 30025.73750 29905.94350 29783.77000 30159.46450 30039.67050 29917.49700 29781.15050 29658.38050 29533.17700 29912.54850 29789.77850 29664.57500 30046.27550 29923.50550 29798.30200
30020.52200 29900.72800 29778.55450 30155.31650 30035.52250 29913.34900 30292.47150 30172.67750 30050.50400 29907.33300 29784.56300 29659.35950 30042.12750 29919.35750 29794.15400 30179.28250 30056.51250 29931.30900 29790.98250 29665.23250 29536.99750 29925.77700 29800.02700 29671.79200 30062.93200 29937.18200 29808.94700
30037.05000 29914.28000 29789.07650 30175.24250 30052.47250 29927.26900 30315.82550 30193.05550 30067.85200 29920.69950 29794.94950 29666.71450 30058.89200 29933.14200 29804.90700 30199.47500 30073.72500 29945.49000 29801.19250 29672.45750 29541.19100 29939.38500 29810.65000 29679.38350 30079.96800 29951.23300 29819.96650
30053.94550 29928.19550 29799.96050 30195.53750 30069.78750 29941.55250 30339.54850 30213.79850 30085.56350 29934.43850 29805.70350 29674.43700 30076.03050 29947.29550 29816.02900 30220.04150 30091.30650 29960.04000 29811.77950 29680.05600 29545.75800 29953.37150 29821.64800 29687.35000 30097.38250 29965.65900 29831.36100
30071.20800 29942.47300 29811.20650 30216.20200 30087.46700 29956.20050 30363.63900 30234.90400 30103.63750 29948.54900 29816.82550 29682.52750 30093.54300 29961.81950 29827.52150 30240.98000 30109.25650 29974.95850 29822.74300 29688.02850 29550.69950 29967.73700 29833.02250 29695.69350 30115.17400 29980.45950 29843.13050
30088.83850 29957.11500 29822.81700 30237.23450 30105.51100 29971.21300 30388.09600 30256.37250 30122.07450 29963.03250 29828.31800 29690.98900 30111.42850 29976.71400 29839.38500 30262.29000 30127.57550 29990.24650 29834.08400 29696.37650 29556.01700 29982.48000 29844.77250 29704.41300 30133.34150 29995.63400 29855.27450
30106.83600 29972.12150 29834.79250 30258.63350 30123.91900 29986.59000 30412.91800 30278.20350 30140.87450 29977.88750 29840.18000 29699.82050 30129.68500 29991.97750 29851.61800 30283.96950 30146.26200 30005.90250 29845.80250 29705.10000 29561.71200 29997.60000 29856.89750 29713.50950 30151.88450 30011.18200 29867.79400
30125.20000 29987.49250 29847.13300 30280.39900 30142.69150 30002.33200 30438.10300 30300.39550 30160.03600 29993.11500 29852.41250 29709.02450 30148.31400 30007.61150 29864.22350 30306.01800 30165.31550 30021.92750 29857.89750 29714.20000 29567.78450 30013.09650 29869.39900 29722.98350 30170.80050 30027.10300 29880.68750
30143.93050 30003.22800 29859.84000 30302.53000 30161.82750 30018.43950 30463.65150 30322.94900 30179.56100 30008.71300 29865.01550 29718.60000 30167.31250 30023.61500 29877.19950 30328.43400 30184.73650 30038.32100 29870.36950 29723.67600 29574.23650 30028.96900 29882.27550 29732.83600 30190.09050 30043.39700 29893.95750
30163.02600 30019.32850 29872.91300 30325.02400 30181.32650 30034.91100 30489.56000 30345.86250 30199.44700 30024.68250 29877.98900 29728.54950 30186.68050 30039.98700 29890.54750 30351.21650 30204.52300 30055.08350 29883.21750 29733.52950 29581.06700 30045.21550 29895.52750 29743.06500 30209.75150 30060.06350 29907.60100
30182.48750 30035.79400 29886.35450 30347.88150 30201.18800 30051.74850 30515.82850 30369.13500 30219.69550 30041.02250 29891.33450 29738.87200 30206.41650 30056.72850 29904.26600 30374.36350 30224.67550 30072.21300 29896.44350 29743.76050 29588.27850 30061.83750 29909.15450 29753.67250 30229.78450 30077.10150 29921.61950
30202.31250 30052.62450 29900.16200 30371.10150 30221.41350 30068.95100 30542.45500 30392.76700 30240.30450 30057.73350 29905.05050 29749.56850 30226.52250 30073.83950 29918.35750 30397.87600 30245.19300 30089.71100 29910.04500 29754.36900 29595.87100 30078.83400 29923.15800 29764.66000 30250.18750 30094.51150 29936.01350
30222.50350 30069.82050 29914.33850 30394.68350 30242.00050 30086.51850 30569.44000 30416.75700 30261.27500 30074.81500 29919.13900 29760.64100 30246.99500 30091.31900 29932.82100 30421.75150 30266.07550 30107.57750 29924.02350 29765.35600 29603.84550 30096.20350 29937.53600 29776.02550 30270.96000 30112.29250 29950.78200
30243.05750 30087.38150 29928.88350 30418.62600 30262.95000 30104.45200 30596.78150 30441.10550 30282.60750 30092.26600 29933.59850 29772.08800 30267.83450 30109.16700 29947.65650 30445.99000 30287.32250 30125.81200 29938.37800 29776.72150 29612.20150 30113.94650 29952.29000 29787.77000 30292.10200 30130.44550 29965.92550
30263.97450 30105.30700 29943.79650 30442.92850 30284.26100 30122.75050 30624.47800 30465.81050 30304.30000 30110.08650 29948.43000 29783.91000 30289.04050 30127.38400 29962.86400 30470.59000 30308.93350 30144.41350 29953.10800 29788.46450 29620.94000 30132.06200 29967.41850 29799.89400 30313.61150 30148.96800 29981.44350
30285.25600 30123.59950 29959.07950 30467.59050 30305.93400 30141.41400 30652.52900 30490.87250 30326.35250 30128.27750 29963.63400 29796.10950 30310.61200 30145.96850 29978.44400 30495.55050 30330.90700 30163.38250 29968.21550 29800.58900 29630.06350 30150.55000 29982.92350 29812.39800 30335.48850 30167.86200 29997.33650
30306.89900 30142.25550 29974.73100 30492.61050 30327.96700 30160.44250 30680.93350 30516.29000 30348.76550 30146.83700 29979.21050 29808.68500 30332.54850 30164.92200 29994.39650 30520.87150 30353.24500 30182.71950 29983.69800 29813.09100 29639.56950 30169.40950 29998.80250 29825.28100 30357.73250 30187.12550 30013.60400
30328.90500 30161.27850 29990.75300 30517.98900 30350.36250 30179.83700 30709.68950 30542.06300 30371.53750 30165.76600 29995.15900 29821.63750 30354.85000 30184.24300 30010.72150 30546.55050 30375.94350 30202.42200 29999.55700 29825.97300 29649.46050 30188.64100 30015.05700 29838.54450 30380.34150 30206.75750 30030.24500
30351.27250 30180.66550 30007.14400 30543.72400 30373.11700 30199.59550 30738.79800 30568.19100 30394.66950 30185.06350 30011.47950 29834.96700 30377.51500 30203.93100 30027.41850 30572.58900 30399.00500 30222.49250 30015.79150 29839.23500 29659.73650 30208.24300 30031.68650 29852.18800 30403.31700 30226.76050 30047.26200
30374.00200 30200.41800 30023.90550 30569.81600 30396.23200 30219.71950 30768.25650 30594.67250 30418.16000 30204.73000 30028.17350 29848.67500 30400.54400 30223.98750 30044.48900 30598.98450 30422.42800 30242.92950 30032.40200 29852.87700 29670.39850 30228.21600 30048.69100 29866.21250 30426.65650 30247.13150 30064.65300
30397.09250 30220.53600 30041.03750 30596.26350 30419.70700 30240.20850 30798.06450 30621.50800 30442.00950 30224.76450 30045.23950 29862.76100 30423.93550 30244.41050 30061.93200 30625.73650 30446.21150 30263.73300 30049.38750 29866.89950 29681.44600 30248.55850 30066.07050 29880.61700 30450.35950 30267.87150 30082.41800
30420.54300 30241.01800 30058.53950 30623.06550 30443.54050 30261.06200 30828.22150 30648.69650 30466.21800 30245.16600 30062.67800 29877.22450 30447.68850 30265.20050 30079.74700 30652.84450 30470.35650 30284.90300 30066.74900 29881.30150 29692.87850 30269.27150 30083.82400 29895.40100 30474.42750 30288.98000 30100.55700
30444.35400 30261.86600 30076.41250 30650.22200 30467.73400 30282.28050 30858.72500 30676.23700 30490.78350 30265.93700 30080.48950 29892.06650 30471.80500 30286.35750 30097.93450 30680.30800 30494.86050 30306.43750 30084.48550 29896.08450 29704.69950 30290.35350 30101.95250 29910.56750 30498.85650 30310.45550 30119.07050
30468.52550 30283.07800 30094.65500 30677.73250 30492.28500 30303.86200 30889.57700 30704.12950 30515.70650 30287.07400 30098.67300 29907.28800 30496.28100 30307.88000 30116.49500 30708.12550 30519.72450 30328.33950 30102.59700 29911.24750 29716.90600 30311.80400 30120.45450 29926.11300 30523.64850 30332.29900 30137.95750
30493.05500 30304.65400 30113.26900 30705.59550 30517.19450 30325.80950 30920.77350 30732.37250 30540.98750 30308.57800 30117.22850 29922.88700 30521.11850 30329.76900 30135.42750 30736.29650 30544.94700 30350.60550 30121.08350 29926.79150 29729.50000 30333.62400 30139.33200 29942.04050 30548.80200 30354.51000 30157.21850
30517.94400 30326.59450 30132.25300 30733.81050 30542.46100 30348.11950 30952.31550 30760.96600 30566.62450 30330.44950 30136.15750 29938.86600 30546.31600 30352.02400 30154.73250 30764.82100 30570.52900 30373.23750 30139.94500 29942.71700 29742.48200 30355.81150 30158.58350 29958.34850 30574.31650 30377.08850 30176.85350
30543.19200 30348.90000 30151.60850 30762.37750 30568.08550 30370.79400 30984.20250 30789.91050 30592.61900 30352.68750 30155.45950 29955.22450 30571.87300 30374.64500 30174.41000 30793.69800 30596.47000 30396.23500 30159.18150 29959.02300 29755.85200 30378.36700 30178.20850 29975.03750 30600.19200 30400.03350 30196.86250
30568.79700 30371.56900 30171.33400 30791.29500 30594.06700 30393.83200 31016.43200 30819.20400 30618.96900 30375.29100 30175.13250 29971.96150 30597.78900 30397.63050 30194.45950 30822.92600 30622.76750 30419.59650 30178.79150 29975.70900 29769.60900 30401.28950 30198.20700 29992.10700 30626.42650 30423.34400 30217.24400
30594.75950 30394.60100 30191.43000 30820.56350 30620.40500 30417.23400 31049.00350 30848.84500 30645.67400 30398.26000 30195.17750 29989.07750 30624.06400 30420.98150 30214.88150 30852.50400 30649.42150 30443.32150 30198.77550 29992.77600 29783.75450 30424.57950 30218.58000 30009.55850 30653.01950 30447.02000 30237.99850
30621.07950 30417.99700 30211.89700 30850.18100 30647.09850 30440.99850 31081.91700 30878.83450 30672.73450 30421.59500 30215.59550 30006.57400 30650.69650 30444.69700 30235.67550 30882.43250 30676.43300 30467.41150 30219.13500 30010.22500 29798.28950 30448.23650 30239.32650 30027.39100 30679.97250 30471.06250 30259.12700
30647.75600 30441.75650 30232.73500 30880.14700 30674.14750 30465.12600 31115.17100 30909.17150 30700.15000 30445.29600 30236.38600 30024.45050 30677.68700 30468.77700 30256.84150 30912.71100 30703.80100 30491.86550 30239.86800 30028.05500 29813.21250 30472.25900 30260.44600 30045.60350 30707.28300 30495.47000 30280.62750
30674.78900 30465.87900 30253.94350 30910.46200 30701.55200 30489.61650 31148.76450 30939.85450 30727.91900 30469.36100 30257.54800 30042.70550 30705.03400 30493.22100 30278.37850 30943.33650 30731.52350 30516.68100 30260.97450 30046.26550 29828.52500 30496.64750 30281.93850 30064.19800 30734.95000 30520.24100 30302.50050
30702.17700 30490.36400 30275.52150 30941.12350 30729.31050 30514.46800 31182.69750 30970.88450 30756.04200 30493.79050 30279.08150 30061.34100 30732.73700 30518.02800 30300.28750 30974.31100 30759.60200 30541.86150 30282.45450 30064.85650 29844.22650 30521.40100 30303.80300 30083.17300 30762.97500 30545.37700 30324.74700
30729.92050 30515.21150 30297.47100 30972.13200 30757.42300 30539.68250 31216.96800 31002.25900 30784.51850 30518.58450 30300.98650 30080.35650 30760.79600 30543.19800 30322.56800 31005.63200 30788.03400 30567.40400 30304.30750 30083.83000 29860.31700 30546.51900 30326.04150 30102.52850 30791.35500 30570.87750 30347.36450
30758.01850 30540.42050 30319.79050 31003.48700 30785.88900 30565.25900 31251.57600 31033.97800 30813.34800 30543.74150 30323.26400 30099.75100 30789.21000 30568.73250 30345.21950 31037.29900 30816.82150 30593.30850 30326.53400 30103.18350 29876.79750 30572.00250 30348.65200 30122.26600 30820.09150 30596.74100 30370.35500
30786.47000 30565.99250 30342.47950 31035.18700 30814.70950 30591.19650 31286.51950 31066.04200 30842.52900 30569.26250 30345.91200 30119.52600 30817.97950 30594.62900 30368.24300 31069.31200 30845.96150 30619.57550 30349.13350 30122.91850 29893.66750 30597.85050 30371.63550 30142.38450 30849.18300 30622.96800 30393.71700
30815.27550 30591.92500 30365.53900 31067.23200 30843.88150 30617.49550 31321.79900 31098.44850 30872.06250 30595.14650 30368.93150 30139.68050 30847.10300 30620.88800 30391.63700 31101.67000 30875.45500 30646.20400 30372.10450 30143.03400 29910.92700 30624.06100 30394.99050 30162.88350 30878.62800 30649.55750 30417.45050
30844.43500 30618.22000 30388.96900 31099.62100 30873.40600 30644.15500 31357.41350 31131.19850 30901.94750 30621.39300 30392.32250 30160.21550 30876.57900 30647.50850 30415.40150 31134.37150 30905.30100 30673.19400 30395.44900 30163.53050 29928.57650 30650.63500 30418.71650 30183.76250 30908.42750 30676.50900 30441.55500
30873.94550 30644.87500 30412.76800 31132.35250 30903.28200 30671.17500 31393.36050 31164.29000 30932.18300 30648.00150 30416.08300 30181.12900 30906.40850 30674.49000 30439.53600 31167.41650 30935.49800 30700.54400 30419.16500 30184.40800 29946.61650 30677.57200 30442.81500 30205.02350 30938.58000 30703.82300 30466.03150
30903.80850 30671.89000 30436.93600 31165.42700 30933.50850 30698.55450 31429.64050 31197.72200 30962.76800 30674.97200 30440.21500 30202.42350 30936.59050 30701.83350 30464.04200 31200.80400 30966.04700 30728.25550 30443.25250 30205.66600 29965.04550 30704.87100 30467.28450 30226.66400 30969.08450 30731.49800 30490.87750
30934.02300 30699.26600 30461.47450 31198.84350 30964.08650 30726.29500 31466.25250 31231.49550 30993.70400 30702.30350 30464.71700 30224.09650 30967.12400 30729.53750 30488.91700 31234.53300 30996.94650 30756.32600 30467.71200 30227.30500 29983.86550 30732.53250 30492.12550 30248.68600 30999.94150 30759.53450 30516.09500
30964.58800 30727.00150 30486.38100 31232.60050 30995.01400 30754.39350 31503.19500 31265.60850 31024.98800 30729.99650 30489.58950 30246.15000 30998.00900 30757.60200 30514.16250 31268.60350 31028.19650 30784.75700 30492.54250 30249.32400 30003.07500 30760.55500 30517.33650 30271.08750 31031.14950 30787.93100 30541.68200
30995.50400 30755.09700 30511.65750 31266.69800 31026.29100 30782.85150 31540.46800 31300.06100 31056.62150 30758.05000 30514.83150 30268.58250 31029.24400 30786.02550 30539.77650 31303.01400 31059.79550 30813.54650 30517.74350 30271.72350 30022.67550 30788.93750 30542.91750 30293.86950 31062.70750 30816.68750 30567.63950
31026.76950 30783.55100 30537.30200 31301.13500 31057.91650 30811.66750 31578.07000 31334.85150 31088.60250 30786.46300 30540.44300 30291.39500 31060.82850 30814.80850 30565.76050 31337.76350 31091.74350 30842.69550 30543.31600 30294.50350 30042.66600 30817.68150 30568.86900 30317.03150 31094.61650 30845.80400 30593.96650
31058.38350 30812.36350 30563.31550 31335.91000 31089.89000 30840.84200 31615.99850 31369.97850 31120.93050 30815.23650 30566.42400 30314.58650 31092.76300 30843.95050 30592.11300 31372.85150 31124.03900 30872.20150 30569.25800 30317.66300 30063.04600 30846.78450 30595.18950 30340.57250 31126.87300 30875.27800 30620.66100
31090.34650 30841.53400 30589.69650 31371.02450 31122.21200 30870.37450 31654.25650 31405.44400 31153.60650 30844.36800 30592.77300 30338.15600 31125.04600 30873.45100 30618.83400 31408.27800 31156.68300 30902.06600 30595.57050 30341.20250 30083.81700 30876.24850 30621.88050 30364.49500 31159.48050 30905.11250 30647.72700
31122.65750 30871.06250 30616.44550 31406.47550 31154.88050 30900.26350 31692.83900 31441.24400 31186.62700 30873.86000 30619.49200 30362.10650 31157.67800 30903.31000 30645.92450 31444.04150 31189.67350 30932.28800 30622.25250 30365.12250 30104.97800 30906.07050 30648.94050 30388.79600 31192.43400 30935.30400 30675.15950
31155.31600 30900.94800 30643.56250 31442.26300 31187.89500 30930.50950 31731.74800 31477.38000 31219.99450 30903.70850 30646.57850 30386.43400 31190.65550 30933.52550 30673.38100 31480.14050 31223.01050 30962.86600 30649.30350 30389.42150 30126.52900 30936.25050 30676.36850 30413.47600 31225.73550 30965.85350 30702.96100
31188.32100 30931.19100 30671.04650 31478.38600 31221.25600 30961.11150 31770.98050 31513.85050 31253.70600 30933.91600 30674.03400 30411.14150 31223.98100 30964.09900 30701.20650 31516.57550 31256.69350 30993.80100 30676.72400 30414.10050 30148.47100 30966.78900 30704.16550 30438.53600 31259.38350 30996.76000 30731.13050
31221.67200 30961.79000 30698.89750 31514.84350 31254.96150 30992.06900 31810.53650 31550.65450 31287.76200 30964.48000 30701.85650 30436.22700 31257.65150 30995.02800 30729.39850 31553.34450 31290.72100 31025.09150 30704.51200 30439.15800 30170.80250 30997.68350 30732.32950 30463.97400 31293.37650 31028.02250 30759.66700
31255.36800 30992.74450 30727.11500 31551.63500 31289.01150 31023.38200 31850.41500 31587.79150 31322.16200 30995.40000 30730.04600 30461.69050 31291.66700 31026.31300 30757.95750 31590.44700 31325.09300 31056.73750 30732.66900 30464.59450 30193.52350 31028.93600 30760.86150 30489.79050 31327.71600 31059.64150 30788.57050
31289.40850 31024.05450 30755.69900 31588.75950 31323.40550 31055.05000 31890.61450 31625.26050 31356.90500 31026.67750 30758.60300 30487.53200 31326.02850 31057.95400 30786.88300 31627.88350 31359.80900 31088.73800 30761.19350 30490.41000 30216.63500 31060.54450 30789.76100 30515.98600 31362.39950 31091.61600 30817.84100
31323.79400 31055.71950 30784.64850 31626.21750 31358.14300 31087.07200 31931.13550 31663.06100 31391.99000 31058.31000 30787.52650 30513.75150 31360.73350 31089.95000 30816.17500 31665.65150 31394.86800 31121.09300 30790.08500 30516.60350 30240.13650 31092.50850 30819.02700 30542.56000 31397.42650 31123.94500 30847.47800
31358.52200 31087.73850 30813.96350 31664.00650 31393.22300 31119.44800 31971.97500 31701.19150 31427.41650 31090.29700 30816.81550 30540.34850 31395.78150 31122.30000 30845.83300 31703.75000 31430.26850 31153.80150 30819.34350 30543.17500 30264.02650 31124.82800 30848.65950 30569.51100 31432.79650 31156.62800 30877.47950
31393.59300 31120.11150 30843.64450 31702.12550 31428.64400 31152.17700 32013.13250 31739.65100 31463.18400 31122.63950 30846.47100 30567.32250 31431.17200 31155.00350 30875.85500 31742.17900 31466.01050 31186.86200 30848.96900 30570.12500 30288.30750 31157.50150 30878.65750 30596.84000 31468.50850 31189.66450 30907.84700
31429.00600 31152.83750 30873.68900 31740.57450 31464.40600 31185.25750 32054.60800 31778.43950 31499.29100 31155.33550 30876.49150 30594.67400 31466.90400 31188.06000 30906.24250 31780.93750 31502.09350 31220.27600 30878.96000 30597.45200 30312.97700 31190.52850 30909.02050 30624.54550 31504.56200 31223.05400 30938.57900
31464.76050 31185.91650 30904.09900 31779.35300 31500.50900 31218.69150 32096.39950 31817.55550 31535.73800 31188.38500 30906.87700 30622.40200 31502.97750 31221.46950 30936.99450 31820.02400 31538.51600 31254.04100 30909.31650 30625.15650 30338.03650 31223.90900 30939.74900 30652.62900 31540.95550 31256.79550 30969.67550
31500.85500 31219.34700 30934.87200 31818.45900 31536.95100 31252.47600 32138.50700 31856.99900 31572.52400 31221.78650 30937.62650 30650.50650 31539.39050 31255.23050 30968.11050 31859.43850 31575.27850 31288.15850 30940.03800 30653.23850 30363.48450 31257.64200 30970.84250 30681.08850 31577.69000 31290.89050 31001.13650
31537.28900 31253.12900 30966.00900 31857.89200 31573.73200 31286.61200 32180.92750 31896.76750 31609.64750 31255.54050 30968.74100 30678.98700 31576.14350 31289.34400 30999.59000 31899.17900 31612.37950 31322.62550 30971.12450 30681.69650 30389.32150 31291.72750 31002.29950 30709.92450 31614.76300 31325.33500 31032.96000
31574.06250 31287.26300 30997.50900 31897.65150 31610.85200 31321.09800 32223.66150 31936.86200 31647.10800 31289.64650 31000.21850 30707.84350 31613.23550 31323.80750 31031.43250 31939.24550 31649.81750 31357.44250 31002.57500 30710.53100 30415.54750 31326.16400 31034.12000 30739.13650 31652.17400 31360.13000 31065.14650
31611.17400 31321.74600 31029.37100 31937.73600 31648.30800 31355.93300 32266.70800 31977.28000 31684.90500 31324.10250 31032.05850 30737.07500 31650.66450 31358.62050 31063.63700 31979.63650 31687.59250 31392.60900 31034.38850 30739.74100 30442.16150 31360.95050 31066.30300 30768.72350 31689.92250 31395.27500 31097.69550
31648.62300 31356.57900 31061.59550 31978.14450 31686.10050 31391.11700 32310.06450 32018.02050 31723.03700 31358.90900 31064.26150 30766.68200 31688.43050 31393.78300 31096.20350 32020.35050 31725.70300 31428.12350 31066.56600 30769.32700 30469.16350 31396.08750 31098.84850 30798.68500 31728.00750 31430.76850 31130.60500
31686.40800 31391.76050 31094.18100 32018.87650 31724.22900 31426.64950 32353.73150 32059.08400 31761.50450 31394.06500 31096.82600 30796.66250 31726.53350 31429.29450 31129.13100 32061.38850 31764.14950 31463.98600 31099.10500 30799.28750 30496.55350 31431.57350 31131.75600 30829.02200 31766.42850 31466.61100 31163.87700
31724.53000 31427.29100 31127.12750 32059.93100 31762.69200 31462.52850 32397.70750 32100.46850 31800.30500 31429.57000 31129.75250 30827.01850 31764.97100 31465.15350 31162.41950 32102.74750 31802.93000 31500.19600 31132.00700 30829.62350 30524.33150 31467.40800 31165.02450 30859.73250 31805.18450 31502.80100 31197.50900
31762.98600 31463.16850 31160.43450 32101.30650 31801.48900 31498.75500 32441.99050 32142.17300 31839.43900 31465.42300 31163.03950 30857.74750 31803.74350 31501.36000 31196.06800 32144.42750 31842.04400 31536.75200 31165.26950 30860.33300 30552.49700 31503.59000 31198.65350 30890.81750 31844.27400 31539.33750 31231.50150
31801.77700 31499.39350 31194.10150 32143.00300 31840.61950 31535.32750 32486.58000 32184.19650 31878.90450 31501.62350 31196.68700 30888.85100 31842.84950 31537.91300 31230.07700 32186.42650 31881.49000 31573.65400 31198.89350 30891.41700 30581.04950 31540.11950 31232.64300 30922.27550 31883.69650 31576.22000 31265.85250
31840.90000 31535.96350 31228.12750 32185.01800 31880.08150 31572.24550 32531.47450 32226.53800 31918.70200 31538.17000 31230.69350 30920.32600 31882.28800 31574.81150 31264.44400 32228.74450 31921.26800 31610.90050 31232.87700 30922.87400 30609.98800 31576.99500 31266.99200 30954.10600 31923.45150 31613.44850 31300.56250
31880.35650 31572.88000 31262.51250 32227.35200 31919.87550 31609.50800 32576.67350 32269.19700 31958.82950 31575.06350 31265.06050 30952.17450 31922.05900 31612.05600 31299.17000 32271.38050 31961.37750 31648.49150 31267.22050 30954.70400 30639.31450 31614.21600 31301.69950 30986.31000 31963.53750 31651.02100 31335.63150
31920.14400 31610.14100 31297.25500 32270.00350 31960.00050 31647.11450 32622.17550 32312.17250 31999.28650 31612.30100 31299.78450 30984.39500 31962.16050 31649.64400 31334.25450 32314.33250 32001.81600 31686.42650 31301.92200 30986.90550 30669.02500 31651.78150 31336.76500 31018.88450 32003.95350 31688.93700 31371.05650
31960.26250 31647.74600 31332.35650 32312.97050 32000.45400 31685.06450 32667.97850 32355.46200 32040.07250 31649.88350 31334.86700 31016.98650 32002.59150 31687.57500 31369.69450 32357.59950 32042.58300 31724.70250 31336.98350 31019.48100 30699.12300 31689.69150 31372.18900 31051.83100 32044.69950 31727.19700 31406.83900
32000.70950 31685.69300 31367.81250 32356.25250 32041.23600 31723.35550 32714.08200 32399.06550 32081.18500 31687.80950 31370.30700 31049.94900 32043.35250 31725.85000 31405.49200 32401.18200 32083.67950 31763.32150 31372.40100 31052.42600 30729.60550 31727.94400 31407.96900 31085.14850 32085.77350 31765.79850 31442.97800
32041.48650 31723.98400 31403.62600 32399.84900 32082.34650 31761.98850 32760.48550 32442.98300 32122.62500 31726.07800 31406.10300 31083.28250 32084.44050 31764.46550 31441.64500 32445.07700 32125.10200 31802.28150 31408.17650 31085.74200 30760.47250 31766.53900 31444.10450 31118.83500 32127.17550 31804.74100 31479.47150
32082.59050 31762.61550 31439.79500 32443.75850 32123.78350 31800.96300 32807.18550 32487.21050 32164.39000 31764.68900 31442.25450 31116.98500 32125.85700 31803.42250 31478.15300 32489.28400 32166.84950 31841.58000 31444.30750 31119.42850 30791.72450 31805.47550 31480.59650 31152.89250 32168.90250 31844.02350 31516.31950
32124.02200 31801.58750 31476.31800 32487.98000 32165.54550 31840.27600 32854.18350 32531.74900 32206.47950 31803.64050 31478.76150 31151.05750 32167.59850 31842.71950 31515.01550 32533.80200 32208.92300 31881.21900 31480.79400 31153.48500 30823.36000 31844.75200 31517.44300 31187.31800 32210.95550 31883.64650 31553.52150
32165.77850 31840.89950 31513.19550 32532.51150 32207.63250 31879.92850 32901.47600 32576.59700 32248.89300 31842.93200 31515.62300 31185.49800 32209.66500 31882.35600 31552.23100 32578.62950 32251.32050 31921.19550 31517.63550 31187.90950 30855.37900 31884.36850 31554.64250 31222.11200 32253.33300 31923.60700 31591.07650
32207.86000 31880.55100 31550.42600 32577.35300 32250.04400 31919.91900 32949.06350 32621.75450 32291.62950 31882.56350 31552.83750 31220.30700 32252.05650 31922.33050 31589.80000 32623.76700 32294.04100 31961.51050 31554.83050 31222.70300 30887.78150 31924.32350 31592.19600 31257.27450 32296.03400 31963.90650 31628.98500
32250.26600 31920.54000 31588.00950 32622.50250 32292.77650 31960.24600 32996.94300 32667.21700 32334.68650 31922.53300 31590.40550 31255.48400 32294.76950 31962.64200 31627.72050 32669.21000 32337.08250 32002.16100 31592.38000 31257.86500 30920.56650 31964.61650 31630.10150 31292.80300 32339.05700 32004.54200 31667.24350
32292.99350 31960.86600 31625.94450 32667.95900 32335.83150 32000.91000 33045.11350 32712.98600 32378.06450 31962.84050 31628.32550 31291.02700 32337.80600 32003.29100 31665.99250 32714.96050 32380.44550 32043.14700 31630.28050 31293.39350 30953.73250 32005.24600 31668.35900 31328.69800 32382.40050 32045.51350 31705.85250
32336.04400 32001.52900 31664.23050 32713.72250 32379.20750 32041.90900 33093.57500 32759.06000 32421.76150 32003.48400 31666.59700 31326.93600 32381.16250 32044.27550 31704.61450 32761.01500 32424.12800 32084.46700 31668.53350 31329.28850 30987.28100 32046.21200 31706.96700 31364.95950 32426.06450 32086.81950 31744.81200
32379.41400 32042.52700 31702.86600 32759.78950 32422.90250 32083.24150 33142.32450 32805.43750 32465.77650 32044.46350 31705.21850 31363.21100 32424.83900 32085.59400 31743.58650 32807.37400 32468.12900 32126.12150 31707.13700 31365.54950 31021.21000 32087.51250 31745.92500 31401.58550 32470.04750 32128.46000 31784.12050
32423.10450 32083.85950 31741.85200 32806.16100 32466.91600 32124.90850 33191.36200 32852.11700 32510.10950 32085.77800 31744.19050 31399.85100 32468.83450 32127.24700 31782.90750 32854.03550 32512.44800 32168.10850 31746.09100 31402.17550 31055.51950 32129.14750 31785.23200 31438.57600 32514.34850 32170.43300 31823.77700
32467.11250 32125.52500 31781.18550 32852.83400 32511.24650 32166.90700 33240.68450 32899.09700 32554.75750 32127.42550 31783.51000 31436.85400 32513.14700 32169.23150 31822.57550 32900.99750 32557.08200 32210.42600 31785.39300 31439.16500 31090.20800 32171.11450 31824.88650 31475.92950 32558.96500 32212.73700 31863.78000
32511.43850 32167.52300 31820.86700 32899.80850 32555.89300 32209.23700 33290.29250 32946.37700 32599.72100 32169.40600 31823.17800 31474.22100 32557.77600 32211.54800 31862.59100 32948.26000 32602.03200 32253.07500 31825.04400 31476.51900 31125.27650 32213.41400 31864.88900 31513.64650 32603.89800 32255.37300 31904.13050
32556.08000 32209.85200 31860.89500 32947.08250 32600.85450 32251.89750 33340.18250 32993.95450 32644.99750 32211.71800 31863.19300 31511.95050 32602.72050 32254.19550 31902.95300 32995.82050 32647.29550 32296.05300 31865.04200 31514.23500 31160.72250 32256.04450 31905.23750 31551.72500 32649.14450 32298.33750 31944.82500
32601.03700 32252.51200 31901.26950 32994.65450 32646.12950 32294.88700 33390.35450 33041.82950 32690.58700 32254.36100 31903.55400 31550.04150 32647.97850 32297.17150 31943.65900 33043.67850 32692.87150 32339.35900 31905.38650 31552.31350 31196.54750 32299.00400 31945.93100 31590.16500 32694.70400 32341.63100 31985.86500
32646.30750 32295.50050 31941.98800 33042.52400 32691.71700 32338.20450 33440.80650 33089.99950 32736.48700 32297.33300 31944.26000 31588.49400 32693.54950 32340.47650 31984.71050 33091.83200 32738.75900 32382.99300 31946.07650 31590.75350 31232.74850 32342.29300 31986.97000 31628.96500 32740.57550 32385.25250 32027.24750
32691.89000 32338.81700 31983.05100 33090.68800 32737.61500 32381.84900 33491.53650 33138.46350 32782.69750 32340.63350 31985.31050 31627.30550 32739.43150 32384.10850 32026.10350 33140.28000 32784.95700 32426.95200 31987.11050 31629.55300 31269.32600 32385.90850 32028.35100 31668.12400 32786.75700 32429.19950 32068.97250
32737.78450 32382.46150 32024.45650 33139.14750 32783.82450 32425.81950 33542.54400 33187.22100 32829.21600 32384.26150 32026.70400 31666.47700 32785.62450 32428.06700 32067.84000 33189.02100 32831.46350 32471.23650 32028.48850 31668.71250 31306.27900 32429.85150 32070.07550 31707.64200 32833.24800 32473.47200 32111.03850
32783.98900 32426.43150 32066.20450 33187.89900 32830.34150 32470.11450 33593.82700 33236.26950 32876.04250 32428.21600 32068.44000 31706.00650 32832.12600 32472.35000 32109.91650 33238.05400 32878.27800 32515.84450 32070.20900 31708.23050 31343.60750 32474.11900 32112.14050 31747.51750 32880.04700 32518.06850 32153.44550
32830.50200 32470.72600 32108.29250 33236.94250 32877.16650 32514.73300 33645.38400 33285.60800 32923.17450 32472.49500 32110.51650 31745.89350 32878.93550 32516.95700 32152.33400 33287.37700 32925.39850 32560.77550 32112.27050 31748.10600 31381.30950 32518.71100 32154.54650 31787.75000 32927.15250 32562.98800 32196.19150
32877.32250 32515.34400 32150.72100 33286.27600 32924.29750 32559.67450 33697.21300 33335.23450 32970.61150 32517.09800 32152.93350 31786.13700 32926.05150 32561.88700 32195.09050 33336.98850 32972.82400 32606.02750 32154.67200 31788.33850 31419.38500 32563.62550 32197.29200 31828.33850 32974.56250 32608.22900 32239.27550
32924.44950 32560.28500 32193.48850 33335.89750 32971.73300 32604.93650 33749.31300 33385.14850 33018.35200 32562.02350 32195.69000 31826.73650 32973.47150 32607.13800 32238.18450 33386.88700 33020.55350 32651.60000 32197.41400 31828.92650 31457.83300 32608.86200 32240.37450 31869.28100 33022.27750 32653.79000 32282.69650
32971.88050 32605.54700 32236.59350 33385.80600 33019.47250 32650.51900 33801.68150 33435.34800 33066.39450 32607.27100 32238.78350 31867.69000 33021.19650 32652.70900 32281.61550 33437.07200 33068.58450 32697.49100 32240.49350 31869.86950 31496.65200 32654.41900 32283.79500 31910.57750 33070.29450 32699.67050 32326.45300
33019.61650 32651.12900 32280.03550 33436.00100 33067.51350 32696.42000 33854.31800 33485.83050 33114.73700 32652.83900 32282.21500 31908.99750 33069.22350 32698.59950 32325.38200 33487.54050 33116.91650 32743.69900 32283.91050 31911.16650 31535.84300 32700.29500 32327.55100 31952.22750 33118.61200 32745.86800 32370.54450
33067.65350 32697.02950 32323.81200 33486.47900 33115.85500 32742.63750 33907.22000 33536.59600 33163.37850 32698.72500 32325.98100 31950.65750 33117.55050 32744.80650 32369.48300 33538.29150 33165.54750 32790.22400 32327.66250 31952.81600 31575.40300 32746.48800 32371.64150 31994.22850 33167.22900 32792.38250 32414.96950
33115.99100 32743.24700 32367.92350 33537.23950 33164.49550 32789.17200 33960.38600 33587.64200 33212.31850 32744.92850 32370.08200 31992.66900 33166.17700 32791.33050 32413.91750 33589.32350 33214.47700 32837.06400 32371.75000 31994.81750 31615.33200 32792.99850 32416.06600 32036.58050 33216.14500 32839.21250 32459.72700
33164.62800 32789.78150 32412.36850 33588.28100 33213.43450 32836.02150 34013.81400 33638.96750 33261.55450 32791.44950 32414.51700 32035.03150 33215.10250 32838.17000 32458.68450 33640.63550 33263.70300 32884.21750 32416.17150 32037.17000 31655.62850 32839.82450 32460.82300 32079.28150 33265.35750 32886.35600 32504.81450
33213.56300 32836.63050 32457.14500 33639.60200 33262.66950 32883.18400 34067.50300 33690.57050 33311.08500 32838.28500 32459.28350 32077.74200 33264.32400 32885.32250 32503.78100 33692.22500 33313.22350 32931.68200 32460.92400 32079.87150 31696.29250 32886.96300 32505.91050 32122.33150 33314.86400 32933.81150 32550.23250
33262.79450 32883.79300 32502.25150 33691.20100 33312.19950 32930.65800 34121.45100 33742.44950 33360.90800 32885.43350 32504.38100 32120.80200 33313.84000 32932.78750 32549.20850 33744.09000 33363.03750 32979.45850 32506.00850 32122.92200 31737.32250 32934.41500 32551.32850 32165.72900 33364.66500 32981.57850 32595.97900
33312.32000 32931.26750 32547.68850 33743.07450 33362.02200 32978.44300 34175.65500 33794.60250 33411.02350 32932.89500 32549.80850 32164.20900 33363.64950 32980.56300 32594.96350 33796.23000 33413.14350 33027.54400 32551.42300 32166.31950 31778.71750 32982.17750 32597.07400 32209.47200 33414.75800 33029.65450 32642.05250
33362.13950 32979.05300 32593.45350 33795.22350 33412.13700 33026.53750 34230.11500 33847.02850 33461.42900 32980.66750 32595.56400 32207.96200 33413.75150 33028.64800 32641.04600 33848.64300 33463.53950 33075.93750 32597.16600 32210.06350 31820.47650 33030.25000 32643.14750 32253.56050 33465.14150 33078.03900 32688.45200
33412.25050 33027.14700 32639.54500 33847.64500 33462.54150 33074.93950 34284.82800 33899.72450 33512.12250 33028.74900 32641.64650 32252.05950 33464.14350 33077.04100 32687.45400 33901.32650 33514.22400 33124.63700 32643.23650 32254.15250 31862.59800 33078.63100 32689.54700 32297.99250 33515.81400 33126.73000 32735.17550
33462.65150 33075.54900 32685.96200 33900.33750 33513.23500 33123.64800 34339.79300 33952.69050 33563.10350 33077.13900 32688.05500 32296.50050 33514.82500 33125.74100 32734.18650 33954.28050 33565.19650 33173.64200 32689.63200 32298.58450 31905.08150 33127.31800 32736.27050 32342.76750 33566.77350 33175.72600 32782.22300
33513.34200 33124.25800 32732.70350 33953.29900 33564.21500 33172.66050 34395.00700 34005.92300 33614.36850 33125.83500 32734.78750 32341.28450 33565.79200 33174.74450 32781.24150 34007.50000 33616.45250 33222.94950 32736.35300 32343.36000 31947.92550 33176.31000 32783.31700 32387.88250 33618.01800 33225.02500 32829.59050
33564.31800 33173.27050 32779.76750 34006.52800 33615.48050 33221.97750 34450.46850 34059.42100 33665.91800 33174.83600 32781.84300 32386.40850 33617.04600 33224.05300 32828.61850 34060.98650 33667.99350 33272.55900 32783.39650 32388.47600 31991.12900 33225.60650 32830.68600 32433.33900 33669.54700 33274.62650 32877.27950
33615.58050 33222.58750 32827.15300 34060.02250 33667.02950 33271.59500 34506.17650 34113.18350 33717.74900 33224.14100 32829.22050 32431.87350 33668.58300 33273.66250 32876.31550 34114.73700 33719.81650 33322.46950 32830.76250 32433.93250 32034.69100 33275.20450 32878.37450 32479.13300 33721.35850 33324.52850 32925.28700
33667.12600 33272.20550 32874.85850 34113.78050 33718.86000 33321.51300 34562.12750 34167.20700 33769.86000 33273.74750 32876.91750 32477.67600 33720.40200 33323.57200 32924.33050 34168.74900 33771.91900 33372.67750 32878.44800 32479.72750 32078.61000 33325.10250 32926.38200 32525.26450 33773.44950 33374.72900 32973.61150
33718.95350 33322.12350 32922.88200 34167.80050 33770.97050 33371.72900 34618.32100 34221.49100 33822.24950 33323.65400 32924.93350 32523.81600 33772.50100 33373.78050 32972.66300 34223.02150 33824.30100 33423.18350 32926.45200 32525.85950 32122.88450 33375.29900 32974.70650 32571.73150 33825.81950 33425.22700 33022.25200
33771.06100 33372.34050 32971.22300 34222.08050 33823.36000 33422.24250 34674.75400 34276.03350 33874.91600 33373.85900 32973.26650 32570.29150 33824.87850 33424.28600 33021.31100 34277.55200 33876.95950 33473.98450 32974.77400 32572.32750 32167.51400 33425.79350 33023.34700 32618.53350 33878.46700 33476.02050 33071.20700
33823.44650 33422.85400 33019.87900 34276.61800 33876.02550 33473.05050 34731.42400 34330.83150 33927.85650 33424.36150 33021.91500 32617.10150 33877.53300 33475.08650 33070.27300 34332.33900 33929.89250 33525.07900 33023.41150 32619.13000 32212.49650 33476.58300 33072.30150 32665.66800 33931.38900 33527.10750 33120.47400
33876.10950 33473.66300 33068.84950 34331.41300 33928.96650 33524.15300 34788.33000 34385.88350 33981.07000 33475.15950 33070.87800 32664.24450 33930.46300 33526.18150 33119.54800 34387.38000 33983.09850 33576.46500 33072.36350 32666.26600 32257.83100 33527.66700 33121.56950 32713.13450 33984.58400 33578.48650 33170.05150
33929.04650 33524.76500 33118.13150 34386.46100 33982.17950 33575.54600 34845.46950 34441.18800 34034.55450 33526.25050 33120.15300 32711.71800 33983.66500 33577.56750 33169.13250 34442.67350 34036.57600 33628.14100 33121.62800 32713.73250 32303.51550 33579.04250 33171.14700 32760.93000 34038.05100 33630.15550 33219.93850
33982.25700 33576.15950 33167.72450 34441.76200 34035.66450 33627.22950 34902.84050 34496.74300 34088.30800 33577.63450 33169.73900 32759.52200 34037.13950 33629.24400 33219.02700 34498.21800 34090.32250 33680.10550 33171.20350 32761.52950 32349.55050 33630.70850 33221.03450 32809.05550 34091.78700 33682.11300 33270.13400
34035.73900 33627.84350 33217.62650 34497.31350 34089.41800 33679.20100 34960.44050 34552.54500 34142.32800 33629.30800 33219.63400 32807.65500 34090.88250 33681.20850 33269.22950 34554.00950 34144.33550 33732.35650 33221.08850 32809.65500 32395.93250 33682.66300 33271.22950 32857.50700 34145.79000 33734.35650 33320.63400
34089.48950 33679.81550 33267.83650 34553.11250 34143.43850 33731.45950 35018.26800 34608.59400 34196.61500 33681.27000 33269.83650 32856.11400 34144.89300 33733.45950 33319.73700 34610.04850 34198.61500 33784.89250 33271.28100 32858.10750 32442.66100 33734.90400 33321.73050 32906.28400 34200.05950 33786.88600 33371.43950
34143.50700 33732.07350 33318.35100 34609.15750 34197.72400 33784.00150 35076.31950 34664.88600 34251.16350 33733.51800 33320.34450 32904.89800 34199.16850 33785.99500 33370.54850 34666.33050 34253.15700 33837.71050 33321.77900 32906.88550 32489.73400 33787.42950 33372.53600 32955.38450 34254.59150 33839.69800 33422.54650
34197.79050 33784.61700 33369.17050 34665.44700 34252.27350 33836.82700 35134.59400 34721.42050 34305.97400 33786.05150 33371.15800 32954.00650 34253.70800 33838.81450 33421.66300 34722.85500 34307.96150 33890.81000 33372.58200 32955.98750 32537.15100 33840.23850 33423.64400 33004.80750 34309.38550 33892.79100 33473.95450
34252.33650 33837.44300 33420.29150 34721.97800 34307.08450 33889.93300 35193.08850 34778.19500 34361.04350 33838.86700 33422.27250 33003.43600 34308.50850 33891.91400 33473.07750 34779.61900 34363.02450 33944.18800 33423.68700 33005.41100 32584.90900 33893.32850 33475.05250 33054.55050 34364.43900 33946.16300 33525.66100
34307.14400 33890.54950 33471.71300 34778.74850 34362.15400 33943.31750 35251.80100 34835.20650 34416.37000 33891.96400 33473.68800 33053.18600 34363.56850 33945.29250 33524.79050 34836.62100 34418.34500 33997.84300 33475.09250 33055.15550 32633.00750 33946.69700 33526.76000 33104.61200 34419.74950 33999.81250 33577.66450
34362.21100 33943.93500 33523.43300 34835.75650 34417.48050 33996.97850 35310.72900 34892.45300 34471.95100 33945.33950 33525.40250 33103.25450 34418.88500 33998.94800 33576.80000 34893.85750 34473.92050 34051.77250 33526.79750 33105.21800 32681.44450 34000.34300 33578.76350 33154.99000 34475.31550 34053.73600 33629.96250
34417.53450 33997.59750 33575.44950 34892.99950 34473.06250 34050.91450 35369.87000 34949.93300 34527.78500 33998.99250 33577.41300 33153.63950 34474.45750 34052.87800 33629.10450 34951.32800 34529.74850 34105.97500 33578.79850 33155.59750 32730.21900 34054.26350 33631.06250 33205.68400 34531.13400 34107.93300 33682.55450
34473.11450 34051.53500 33627.76150 34950.47650 34528.89700 34105.12350 35429.22250 35007.64300 34583.86950 34052.92050 33629.71950 33204.34100 34530.28250 34107.08150 33681.70300 35009.02850 34585.82750 34160.44900 33631.09650 33206.29300 32779.32900 34108.45850 33683.65500 33256.69100 34587.20450 34162.40100 33735.43700
34528.94550 34105.74450 33680.36600 35008.18300 34584.98200 34159.60350 35488.78200 35065.58100 34640.20250 34107.12150 33682.31800 33255.35400 34586.35900 34161.55550 33734.59150 35066.95800 34642.15450 34215.19050 33683.68550 33257.30050 32828.77200 34162.92300 33736.53800 33308.00950 34643.52200 34217.13700 33788.60850
34585.02850 34160.22500 33733.26100 35066.11900 34641.31550 34214.35150 35548.54950 35123.74600 34696.78200 34161.59250 33735.20750 33306.67900 34642.68300 34216.29800 33787.76950 35125.11350 34698.72850 34270.20000 33736.56650 33308.62000 32878.54700 34217.65700 33789.71050 33359.63750 34700.08750 34272.14100 33842.06800
34641.35900 34214.97400 33786.44550 35124.27950 34697.89450 34269.36600 35608.51850 35182.13350 34753.60500 34216.33300 33788.38650 33358.31350 34699.25350 34271.30700 33841.23400 35183.49250 34755.54600 34325.47300 33789.73700 33360.24950 32928.65250 34272.65750 33843.17000 33411.57300 34756.89650 34327.40900 33895.81200
34697.93600 34269.98950 33839.91650 35182.66500 34754.71850 34324.64550 35668.68900 35240.74250 34810.66950 34271.34000 33841.85250 33410.25550 34756.06900 34326.58150 33894.98450 35242.09300 34812.60550 34381.00850 33843.19350 33412.18650 32979.08500 34327.92250 33896.91550 33463.81400 34813.94650 34382.93950 33949.83800
34754.75700 34325.26950 33893.67250 35241.27150 34811.78400 34380.18700 35729.05800 35299.57050 34867.97350 34326.61050 33895.60350 33462.50200 34813.12500 34382.11800 33949.01650 35300.91150 34869.90450 34436.80300 33896.93600 33464.42850 33029.84500 34383.45050 33950.94300 33516.35950 34871.23700 34438.72950 34004.14600
34811.81900 34380.81200 33947.71050 35300.09550 34869.08850 34435.98700 35789.62150 35358.61450 34925.51300 34382.14450 33949.63700 33515.05350 34870.42100 34437.91350 34003.33000 35359.94700 34927.43950 34492.85600 33950.96150 33516.97500 33080.92900 34439.23800 34005.25150 33569.20550 34928.76400 34494.77750 34058.73150
34869.12150 34436.61400 34002.03050 35359.13700 34926.62950 34492.04600 35850.37950 35417.87200 34983.28850 34437.93850 34003.95200 33567.90600 34927.95400 34493.96750 34057.92150 35419.19650 34985.21000 34549.16400 34005.26800 33569.82300 33132.33650 34495.28350 34059.83850 33622.35200 34986.52600 34551.08100 34113.59450
34926.66000 34492.67350 34056.62750 35418.39150 34984.40500 34548.35900 35911.32750 35477.34100 35041.29500 34493.98950 34058.54450 33621.05800 34985.72100 34550.27600 34112.78950 35478.65700 35043.21200 34605.72550 34059.85250 33622.97050 33184.06350 34551.58400 34114.70200 33675.79500 35044.52000 34607.63800 34168.73100
34984.43300 34548.98800 34111.50150 35477.85750 35042.41250 34604.92600 35972.46300 35537.01800 35099.53150 34550.29600 34113.41400 33674.50700 35043.72050 34606.83850 34167.93150 35538.32600 35101.44400 34662.53700 34114.71400 33676.41550 33236.10950 34608.13850 34169.84000 33729.53400 35102.74400 34664.44550 34224.13950
35042.43800 34605.55600 34166.64900 35537.53150 35100.64950 34661.74250 36033.78300 35596.90100 35157.99400 34606.85600 34168.55750 33728.25150 35101.94950 34663.65100 34223.34500 35598.20100 35159.90250 34719.59650 34169.84900 33730.15550 33288.47250 34664.94250 34225.24900 33783.56600 35161.19400 34721.50050 34279.81750
35100.67300 34662.37450 34222.06850 35597.41200 35159.11350 34718.80750 36095.28550 35656.98700 35216.68100 34663.66600 34223.97250 33782.28950 35160.40500 34720.71150 34279.02850 35658.27850 35218.58500 34776.90200 34225.25700 33784.18950 33341.15000 34721.99600 34280.92850 33837.88900 35219.86950 34778.80200 34335.76250
35159.13400 34719.44050 34277.75750 35657.49500 35217.80150 34776.11850 36156.96700 35717.27350 35275.59050 34720.72500 34279.65750 33836.61800 35219.08600 34778.01850 34334.97900 35718.55800 35277.49050 34834.45100 34280.93350 33838.51400 33394.14000 34779.29450 34336.87500 33892.50100 35278.76650 34836.34700 34391.97300
35217.82000 34776.75250 34333.71300 35717.77850 35276.71100 34833.67150 36218.82550 35777.75800 35334.71850 34778.02850 34335.60900 33891.23500 35277.98700 34835.56750 34391.19350 35779.03400 35336.61450 34892.24050 34336.87800 33893.12700 33447.44050 34836.83650 34393.08550 33947.39900 35337.88350 34894.13250 34448.44600
35276.72700 34834.30750 34389.93350 35778.26000 35335.84050 34891.46650 36280.85650 35838.43700 35394.06300 34835.57650 34391.82550 33946.13900 35337.10950 34893.35850 34447.67200 35839.70600 35395.95500 34950.26850        nan        nan        nan        nan        nan        nan        nan        nan        nan
