       nan        nan        nan        nan        nan        nan        nan        nan        nan  336.98734        nan        nan        nan        nan        nan        nan        nan        nan  337.02153  337.51226        nan        nan        nan        nan        nan        nan        nan
 336.94995        nan        nan  336.50379        nan        nan        nan        nan        nan  336.98413  337.47476        nan  336.53788  337.02720        nan        nan        nan        nan  337.05255  337.54775  337.95575  336.60611  337.10000  337.50692        nan        nan        nan
 336.90928  337.39969        nan  336.45725  336.94634        nan  336.08469  336.57270        nan  336.97766  337.47265  337.88046  336.52545  337.01911  337.42582  336.15274  336.64531  337.05112  337.08040  337.58227  338.00206  336.62791  337.12844  337.54710  336.25497  336.75439  337.17212
 336.86519  337.35985  337.76739  336.40431  336.89761  337.30403  336.01647  336.50863  336.91412  336.96786  337.46940  337.88890  336.50669  337.00686  337.42522  336.11862  336.61763  337.03502  337.10503  337.61577  338.05066  336.64349  337.15283  337.58653  336.25510  336.76327  337.19596
 336.81755  337.31864  337.73777  336.34486  336.84454  337.26250  335.93774  336.43621  336.85315  336.95460  337.46488  337.89938  336.48153  336.99038  337.42366  336.07407  336.58169  337.01392  337.12634  337.64812  338.10105  336.65279  337.17310  337.62475  336.24492  336.76397  337.21453
 336.76620  337.27591  337.70993  336.27884  336.78707  337.21983  335.84908  336.35601  336.78766  336.93775  337.45895  337.91137  336.44989  336.96958  337.42068  336.01969  336.53805  336.98800  337.14424  337.67917  338.15264  336.65578  337.18916  337.66126  336.22506  336.75708  337.22796
 336.71099  337.23149  337.68330  336.20624  336.72518  337.17563  335.75111  336.26864  336.71787  336.91721  337.45142  337.92424  336.41184  336.94445  337.41585  335.95615  336.48731  336.95744  337.15859  337.70871  338.20486  336.65250  337.20097  337.69563  336.19616  336.74314  337.23646
 336.65181  337.18517  337.65725  336.12715  336.65886  337.12946  335.64445  336.17463  336.64388  336.89281  337.44206  337.93743  336.36740  336.91494  337.40876  335.88401  336.42998  336.92238  337.16926  337.73650  338.25714  336.64299  337.20846  337.72747  336.15881  336.72265  337.24017
 336.58851  337.13678  337.63125  336.04167  336.58815  337.08101  335.52964  336.07445  336.56581  336.86447  337.43068  337.95038  336.31673  336.88110  337.39910  335.80386  336.36651  336.88293  337.17614  337.76229  338.30895  336.62738  337.21163  337.75650  336.11357  336.69603  337.23924
 336.52105  337.08610  337.60474  335.94997  336.51311  337.02998  335.40720  335.96851  336.48371  336.83208  337.41704  337.96258  336.25995  336.84292  337.38660  335.71617  336.29726  336.83918  337.17913  337.78584  338.35979  336.60582  337.21047  337.78246  336.06093  336.66362  337.23376
 336.44932  337.03294  337.57724  335.85223  336.43378  336.97614  335.27757  335.85714  336.39764  336.79558  337.40091  337.97355  336.19726  336.80044  337.37104  335.62143  336.22254  336.79119  337.17813  337.80692  338.40922  336.57845  337.20500  337.80516  336.00131  336.62571  337.22381
 336.37332  336.97713  337.54833  335.74863  336.35020  336.91928  335.14118  335.74057  336.30759  336.75491  337.38212  337.98291  336.12880  336.75368  337.35223  335.51998  336.14259  336.73897  337.17308  337.82530  338.45687  336.54542  337.19521  337.82443  335.93508  336.58252  337.20945
 336.29300  336.91849  337.51763  335.63936  336.26241  336.85922  334.99838  335.61905  336.21357  336.71002  337.36046  337.99029  336.05476  336.70266  337.33004  335.41219  336.05761  336.68258  337.16391  337.84079  338.50240  336.50688  337.18112  337.84015  335.86259  336.53424  337.19074
 336.20837  336.85686  337.48481  335.52461  336.17047  336.79586  334.84948  335.49274  336.11561  336.66091  337.33576  337.99539  335.97531  336.64741  337.30436  335.29837  335.96776  336.62205  337.15059  337.85321  338.54550  336.46299  337.16275  337.85221  335.78409  336.48102  337.16769
 336.11943  336.79212  337.44962  335.40453  336.07436  336.72906  334.69477  335.36176  336.01369  336.60754  337.30789  337.99795  335.89056  336.58794  337.27505  335.17874  335.87316  336.55736  337.13307  337.86242  338.58595  336.41386  337.14009  337.86053  335.69982  336.42297  337.14035
 336.02617  336.72411  337.41178  335.27929  335.97413  336.65874  334.53448  335.22623  335.90779  336.54989  337.27672  337.99774  335.80068  336.52427  337.24208  335.05356  335.77393  336.48854  337.11133  337.86826  338.62351  336.35962  337.11318  337.86505  335.61001  336.36021  337.10872
 335.92863  336.65277  337.37113  335.14901  335.86979  336.58481  334.36885  335.08627  335.79795  336.48799  337.24212  337.99457  335.70578  336.45641  337.20535  334.92302  335.67015  336.41559  337.08536  337.87062  338.65801  336.30037  337.08198  337.86569  335.51484  336.29279  337.07284
 335.82680  336.57796  337.32745  335.01384  335.76136  336.50721  334.19804  334.94193  335.68413  336.42181  337.20399  337.98827  335.60597  336.38435  337.16482  334.78729  335.56187  336.33852  337.05512  337.86940  338.68926  336.23621  337.04653  337.86240  335.41445  336.22081  337.03269
 335.72071  336.49962  337.28062  334.87387  335.64885  336.42591  334.02222  334.79326  335.56635  336.35137  337.16225  337.97869  335.50135  336.30814  337.12043  334.64651  335.44918  336.25733  337.02063  337.86451  338.71716  336.16722  337.00683  337.85516  335.30899  336.14431  336.98830
 335.61038  336.41769  337.23052  334.72920  335.53227  336.34082  333.84155  334.64035  335.44460  336.27668  337.11684  337.96572  335.39201  336.22774  337.07215  334.50084  335.33213  336.17204  336.98186  337.85587  338.74157  336.09348  336.96288  337.84390  335.19858  336.06335  336.93967
 335.49583  336.33209  337.17702  334.57995  335.41164  336.25194  333.65615  334.48324  335.31890  336.19774  337.06768  337.94925  335.27802  336.14320  337.01994  334.35037  335.21076  336.08263  336.93883  337.84341  338.76240  336.01506  336.91469  337.82862  335.08333  335.97796  336.88681
 335.37708  336.24277  337.12003  334.42618  335.28696  336.15923  333.46613  334.32197  335.18922  336.11456  337.01471  337.92919  335.15947  336.05451  336.96378  334.19522  335.08511  335.98913  336.89153  337.82709  338.77954  335.93203  336.86226  337.80927  334.96333  335.88819  336.82973
 335.25416  336.14971  337.05949  334.26797  335.15825  336.06267  333.27161  334.15658  335.05559  336.02716  336.95791  337.90546  335.03642  335.96169  336.90364  334.03548  334.95521  335.89152  336.83997  337.80684  338.79292  335.84444  336.80560  337.78583  334.83867  335.79407  336.76842
 335.12708  336.05285  336.99530  334.10540  335.02552  335.96222  333.07267  333.98710  334.91799  335.93553  336.89721  337.87798  334.90892  335.86472  336.83948  333.87123  334.82111  335.78981  336.78411  337.78261  338.80247  335.75232  336.74470  337.75829  334.70940  335.69561  336.70289
 334.99587  335.95216  336.92743  333.93850  334.88876  335.85786  332.86940  333.81357  334.77645  335.83970  336.83260  337.84672  334.77701  335.76362  336.77131  333.70254  334.68282  335.68402  336.72402  337.75439  338.80814  335.65573  336.67957  337.72661  334.57562  335.59287  336.63315
 334.86052  335.84763  336.85582  333.76735  334.74801  335.74960  332.66186  333.63603  334.63097  335.73968  336.76403  337.81160  334.64077  335.65842  336.69911  333.52950  334.54039  335.57415  336.65964  337.72213  338.80986  335.55471  336.61023  337.69079  334.43737  335.48586  336.55921
 334.72109  335.73922  336.78042  333.59200  334.60327  335.63742  332.45016  333.45451  334.48155  335.63547  336.69149  337.77258  334.50022  335.54910  336.62285  333.35216  334.39384  335.46020  336.59101  337.68580  338.80759  335.44930  336.53666  337.65082  334.29473  335.37460  336.48107
 334.57757  335.62694  336.70119  333.41249  334.45455  335.52130  332.23431  333.26901  334.32820  335.52709  336.61496  337.72964  334.35540  335.43567  336.54254  333.17056  334.24318  335.34218  336.51814  337.64539  338.80130  335.33952  336.45887  337.60667  334.14772  335.25911  336.39872
 334.43000  335.51075  336.61811  333.22887  334.30186  335.40125  332.01442  333.07959  334.17094  335.41456  336.53442  337.68273  334.20637  335.31815  336.45817  332.98480  334.08846  335.22011  336.44102  337.60086  338.79095  335.22544  336.37689  337.55835  333.99642  335.13943  336.31220
 334.27838  335.39064  336.53115  333.04118  334.14521  335.27725  331.79051  332.88626  334.00976  335.29788  336.44984  337.63181  334.05314  335.19655  336.36971  332.79488  333.92967  335.09397  336.35966  337.55220  338.77648  335.10703  336.29069  337.50583  333.84083  335.01555  336.22147
 334.12274  335.26663  336.44029  332.84946  333.98463  335.14932  331.56266  332.68905  333.84471  335.17708  336.36123  337.57688  333.89576  335.07087  336.27719  332.60087  333.76686  334.96380  336.27406  337.49940  338.75790  334.98437  336.20030  337.44912  333.68103  334.88751  336.12657
 333.96310  335.13868  336.34549  332.65375  333.82011  335.01743  331.33090  332.48798  333.67575  335.05215  336.26858  337.51790  333.73425  334.94112  336.18058  332.40281  333.60005  334.82958  336.18425  337.44244  338.73516  334.85745  336.10572  337.38819  333.51705  334.75532  336.02750
 333.79947  335.00680  336.24675  332.45408  333.65168  334.88160  331.09527  332.28309  333.50291  334.92311  336.17186  337.45484  333.56866  334.80732  336.07988  332.20074  333.42924  334.69134  336.09020  337.38131  338.70824  334.72632  336.00695  337.32307  333.34891  334.61900  335.92425
 333.63188  334.87101  336.14406  332.25049  333.47936  334.74183  330.85583  332.07438  333.32622  334.78998  336.07109  337.38772  333.39900  334.66947  335.97512  331.99470  333.25447  334.54908  335.99196  337.31601  338.67713  334.59100  335.90401  337.25373  333.17666  334.47857  335.81684
 333.46033  334.73127  336.03739  332.04300  333.30314  334.59813  330.61262  331.86190  333.14569  334.65276  335.96626  337.31648  333.22531  334.52760  335.86626  331.78474  333.07577  334.40282  335.88951  337.24651  338.64180  334.45151  335.79689  337.18019  333.00034  334.33405  335.70530
 333.28485  334.58760  335.92675  331.83166  333.12305  334.45048  330.36566  331.64565  332.96131  334.51149  335.85735  337.24115  333.04761  334.38169  335.75333  331.57087  332.89313  334.25256  335.78286  337.17283  338.60224  334.30786  335.68561  337.10242  332.81995  334.18544  335.58959
 333.10547  334.44002  335.81214  331.61648  332.93911  334.29891  330.11503  331.42567  332.77312  334.36616  335.74439  337.16170  332.86591  334.23178  335.63631  331.35314  332.70660  334.09832  335.67204  337.09495  338.55845  334.16008  335.57017  337.02043  332.63555  334.03278  335.46975
 332.92217  334.28851  335.69352  331.39750  332.75132  334.14342  329.86072  331.20199  332.58112  334.21679  335.62735  337.07811  332.68026  334.07786  335.51522  331.13158  332.51617  333.94010  335.55704  337.01287  338.51039  334.00820  335.45059  336.93422  332.44716  333.87607  335.34578
 332.73501  334.13308  335.57091  331.17476  332.55972  333.98402  329.60280  330.97460  332.38533  334.06339  335.50626  336.99039  332.49069  333.91997  335.39007  330.90623  332.32190  333.77793  335.43788  336.92659  338.45806  333.85223  335.32687  336.84381  332.25481  333.71534  335.21769
 332.54401  333.97375  335.44432  330.94828  332.36430  333.82071  329.34129  330.74357  332.18577  333.90599  335.38111  336.89853  332.29720  333.75810  335.26084  330.67711  332.12378  333.61180  335.31456  336.83611  338.40146  333.69220  335.19902  336.74917  332.05852  333.55059  335.08549
 332.34915  333.81052  335.31373  330.71808  332.16510  333.65350  329.07623  330.50889  331.98245  333.74459  335.25189  336.80252  332.09982  333.59227  335.12755  330.44426  331.92183  333.44174  335.18710  336.74142  338.34058  333.52811  335.06705  336.65032  331.85832  333.38185  334.94919
 332.15048  333.64338  335.17914  330.48419  331.96212  333.48240  328.80765  330.27059  331.77538  333.57921  335.11862  336.70237  331.89859  333.42250  334.99022  330.20770  331.71608  333.26776  335.05549  336.64253  338.27540  333.36000  334.93098  336.54725  331.65423  333.20914  334.80879
 331.94800  333.47236  335.04055  330.24664  331.75538  333.30742  328.53559  330.02870  331.56459  333.40985  334.98130  336.59806  331.69351  333.24878  334.84882  329.96747  331.50656  333.08987  334.91976  336.53943  338.20593  333.18788  334.79080  336.43998  331.44629  333.03246  334.66432
 331.74174  333.29747  334.89798  330.00545  331.54490  333.12858  328.26006  329.78323  331.35008  333.23655  334.83994  336.48961  331.48462  333.07115  334.70339  329.72359  331.29327  332.90809  334.77992  336.43214  338.13214  333.01177  334.64654  336.32850  331.23452  332.85184  334.51576
 331.53172  333.11871  334.75142  329.76066  331.33070  332.94588  327.98112  329.53422  331.13189  333.05931  334.69455  336.37699  331.27193  332.88962  334.55393  329.47609  331.07624  332.72242  334.63599  336.32065  338.05407  332.83169  334.49820  336.21283  331.01894  332.66729  334.36316
 331.31795  332.93610  334.60086  329.51229  331.11280  332.75934  327.69879  329.28169  330.91002  332.87815  334.54512  336.26023  331.05549  332.70421  334.40045  329.22501  330.85550  332.53289  334.48795  336.20497  337.97167  332.64766  334.34579  336.09296  330.79958  332.47885  334.20651
 331.10047  332.74964  334.44635  329.26037  330.89121  332.56897  327.41310  329.02565  330.68450  332.69308  334.39168  336.13933  330.83528  332.51491  334.24295  328.97035  330.63105  332.33952  334.33584  336.08510  337.88497  332.45970  334.18933  335.96890  330.57646  332.28650  334.04581
 330.87927  332.55935  334.28785  329.00491  330.66596  332.37478  327.12408  328.76615  330.45534  332.50412  334.23422  336.01427  330.61135  332.32176  334.08144  328.71217  330.40293  332.14230  334.17966  335.96104  337.79395  332.26782  334.02883  335.84066  330.34962  332.09029  333.88110
 330.65440  332.36525  334.12539  328.74595  330.43705  332.17678  326.83176  328.50318  330.22255  332.31130  334.07276  335.88507  330.38373  332.12476  333.91594  328.45048  330.17115  331.94126  334.01943  335.83281  337.69863  332.07205  333.86429  335.70825  330.11905  331.89021  333.71237
 330.42587  332.16735  333.95899  328.48351  330.20452  331.97500  326.53618  328.23680  329.98617  332.11462  333.90732  335.75175  330.15242  331.92394  333.74647  328.18531  329.93573  331.73643  333.85517  335.70042  337.59901  331.87241  333.69574  335.57166  329.88481  331.68631  333.53964
 330.19368  331.96564  333.78863  328.21762  329.96838  331.76944  326.23736  327.96700  329.74622  331.91410  333.73789  335.61429  329.91746  331.71931  333.57302  327.91669  329.69670  331.52781  333.68687  335.56384  337.49506  331.66891  333.52318  335.43092  329.64691  331.47858  333.36293
 329.95788  331.76018  333.61434  327.94831  329.72866  331.56012  325.93532  327.69383  329.50269  331.70976  333.56449  335.47270  329.67886  331.51089  333.39561  327.64464  329.45407  331.31541  333.51457  335.42312  337.38682  331.46158  333.34664  335.28603  329.40537  331.26705  333.18225
 329.71846  331.55093  333.43611  327.67559  329.48536  331.34705  325.63012  327.41731  329.25564  331.50161  333.38713  335.32699  329.43665  331.29868  333.21425  327.36921  329.20788  331.09927  333.33826  335.27825  337.27427  331.25042  333.16612  335.13699  329.16022  331.05175  332.99762
 329.47548  331.33796  333.25397  327.39950  329.23852  331.13026  325.32176  327.13745  329.00506  331.28968  333.20583  335.17718  329.19085  331.08273  333.02896  327.09039  328.95814  330.87939  333.15796  335.12924  337.15741  331.03547  332.98163  334.98382  328.91148  330.83267  332.80903
 329.22892  331.12124  333.06793  327.12006  328.98815  330.90976  325.01029  326.85429  328.75098  331.07397  333.02059  335.02325  328.94148  330.86303  332.83974  326.80823  328.70486  330.65580  332.97370  334.97609  337.03626  330.81674  332.79320  334.82652  328.65918  330.60986  332.61651
 328.97883  330.90082  332.87798  326.83730  328.73426  330.68555  324.69573  326.56785  328.49343  330.85452  332.83143  334.86522  328.68857  330.63961  332.64662  326.52276  328.44809  330.42850  332.78549  334.81882  336.91081  330.59427  332.60083  334.66511  328.40335  330.38332  332.42009
 328.72523  330.67670  332.68416  326.55124  328.47691  330.45767  324.37810  326.27815  328.23240  330.63135  332.63836  334.70311  328.43216  330.41248  332.44960  326.23400  328.18782  330.19752  332.59332  334.65744  336.78109  330.36804  332.40455  334.49961  328.14398  330.15308  332.21977
 328.46813  330.44889  332.48646  326.26191  328.21607  330.22612  324.05746  325.98522  327.96796  330.40444  332.44140  334.53692  328.17222  330.18167  332.24871  325.94197  327.92411  329.96290  332.39724  334.49196  336.64707  330.13811  332.20436  334.33000  327.88115  329.91916  332.01556
 328.20755  330.21742  332.28492  325.96933  327.95181  329.99094  323.73380  325.68909  327.70010  330.17386  332.24056  334.36666  327.90884  329.94720  332.04395  325.64671  327.65696  329.72461  332.19725  334.32240  336.50879  329.90448  332.00030  334.15633  327.61483  329.68157  331.80749
 327.94353  329.98232  332.07952  325.67354  327.68412  329.75212  323.40717  325.38978  327.42884  329.93960  332.03586  334.19235  327.64199  329.70907  331.83535  325.34824  327.38639  329.48272  331.99337  334.14875  336.36624  329.66717  331.79236  333.97857  327.34508  329.44034  331.59557
 327.67607  329.74359  331.87031  325.37456  327.41304  329.50971  323.07761  325.08732  327.15421  329.70167  331.82731  334.01399  327.37172  329.46732  331.62291  325.04658  327.11243  329.23721  331.78561  333.97103  336.21942  329.42621  331.58056  333.79677  327.07191  329.19547  331.37981
 327.40520  329.50123  331.65726  325.07240  327.13858  329.26370  322.74512  324.78172  326.87623  329.46012  331.61491  333.83158  327.09805  329.22195  331.40665  324.74177  326.83509  328.98811  331.57399  333.78926  336.06835  329.18162  331.36493  333.61093  326.79534  328.94701  331.16023
 327.13096  329.25530  331.44043  324.76711  326.86076  329.01412  322.40975  324.47301  326.59493  329.21495  331.39871  333.64516  326.82100  328.97301  331.18659  324.43383  326.55442  328.73546  331.35853  333.60345  335.91304  328.93342  331.14549  333.42106  326.51540  328.69497  330.93687
 326.85336  329.00580  331.21982  324.45870  326.57961  328.76099  322.07153  324.16124  326.31033  328.96620  331.17871  333.45474  326.54059  328.72049  330.96274  324.12280  326.27043  328.47927  331.13925  333.41362  335.75351  328.68162  330.92223  333.22716  326.23214  328.43937  330.70972
 326.57242  328.75274  330.99544  324.14721  326.29516  328.50434  321.73048  323.84642  326.02245  328.71386  330.95492  333.26030  326.25686  328.46443  330.73513  323.80869  325.98314  328.21955  330.91616  333.21976  335.58973  328.42625  330.69520  333.02927  325.94553  328.18022  330.47880
 326.28816  328.49616  330.76730  323.83266  326.00743  328.24417  321.38663  323.52857  325.73131  328.45797  330.72736  333.06188  325.96982  328.20484  330.50376  323.49152  325.69257  327.95632  330.68927  333.02190  335.42175  328.16733  330.46440  332.82740  325.65564  327.91756  330.24415
 326.00061  328.23606  330.53542  323.51506  325.71643  327.98051  321.04002  323.20773  325.43694  328.19855  330.49605  332.85950  325.67950  327.94174  330.26868  323.17136  325.39877  327.68963  330.45862  332.82006  335.24956  327.90490  330.22985  332.62155  325.36249  327.65141  330.00577
 325.70980  327.97247  330.29984  323.19447  325.42221  327.71340  320.69067  322.88390  325.13937  327.93562  330.26101  332.65316  325.38592  327.67517  330.02987  322.84818  325.10174  327.41947  330.22422  332.61426  335.07318  327.63896  329.99159  332.41174  325.06609  327.38178  329.76367
 325.41575  327.70541  330.06055  322.87090  325.12477  327.44283  320.33861  322.55714  324.83860  327.66919  330.02226  332.44287  325.08912  327.40514  329.78737  322.52205  324.80151  327.14587  329.98609  332.40448  334.89263  327.36954  329.74960  332.19801  324.76648  327.10870  329.51791
 325.11847  327.43492  329.81758  322.54436  324.82414  327.16883  319.98386  322.22746  324.53468  327.39931  329.77980  332.22866  324.78911  327.13165  329.54120  322.19298  324.49810  326.86886  329.74424  332.19078  334.70789  327.09666  329.50393  331.98034  324.46367  326.83219  329.26846
 324.81801  327.16098  329.57096  322.21491  324.52034  326.89143  319.62648  321.89488  324.22763  327.12598  329.53368  332.01054  324.48591  326.85476  329.29136  321.86101  324.19155  326.58846  329.49870  331.97315  334.51901  326.82034  329.25458  331.75876  324.15769  326.55228  329.01537
 324.51438  326.88365  329.32068  321.88255  324.21341  326.61065  319.26646  321.55945  323.91746  326.84923  329.28389  331.78852  324.17955  326.57446  329.03789  321.52614  323.88187  326.30469  329.24949  331.75161  334.32598  326.54062  329.00158  331.53329  323.84859  326.26898  328.75865
 324.20759  326.60292  329.06677  321.54733  323.90336  326.32651  318.90385  321.22117  323.60420  326.56908  329.03046  331.56262  323.87008  326.29080  328.78080  321.18843  323.56909  326.01756  328.99662  331.52618  334.12882  326.25751  328.74497  331.30396  323.53636  325.98233  328.49833
 323.89770  326.31884  328.80927  321.20926  323.59023  326.03903  318.53869  320.88008  323.28788  326.28555  328.77343  331.33287  323.55749  326.00379  328.52012  320.84790  323.25324  325.72713  328.74012  331.29687  333.92754  325.97104  328.48473  331.07076  323.22104  325.69234  328.23441
 323.58471  326.03142  328.54818  320.86838  323.27403  325.74824  318.17100  320.53622  322.96854  325.99867  328.51279  331.09926  323.24183  325.71345  328.25585  320.50456  322.93434  325.43338  328.48001  331.06371  333.72217  325.68122  328.22092  330.83373  322.90267  325.39904  327.96695
 323.26865  325.74069  328.28352  320.52470  322.95479  325.45414  317.80079  320.18960  322.64617  325.70846  328.24858  330.86183  322.92311  325.41980  327.98804  320.15846  322.61242  325.13636  328.21631  330.82671  333.51270  325.38809  327.95352  330.59287  322.58125  325.10245  327.69593
 322.94956  325.44666  328.01532  320.17827  322.63254  325.15679  317.42812  319.84025  322.32083  325.41494  327.98080  330.62059  322.60136  325.12288  327.71668  319.80961  322.28750  324.83609  327.94904  330.58590  333.29917  325.09166  327.68259  330.34822  322.25683  324.80260  327.42139
 322.62744  325.14936  327.74358  319.82910  322.30730  324.85619  317.05300  319.48820  321.99253  325.11814  327.70949  330.37556  322.27662  324.82270  327.44182  319.45806  321.95962  324.53259  327.67822  330.34128  333.08157  324.79198  327.40815  330.09979  321.92944  324.49951  327.14335
 322.30233  324.84881  327.46835  319.47723  321.97910  324.55238  316.67546  319.13347  321.66129  324.81809  327.43467  330.12676  321.94891  324.51930  327.16346  319.10382  321.62880  324.22588  327.40387  330.09288  332.85994  324.48904  327.13019  329.84760  321.59908  324.19320  326.86183
 321.97426  324.54505  327.18963  319.12269  321.64797  324.24536  316.29556  318.77612  321.32715  324.51479  327.15636  329.87420  321.61825  324.21268  326.88164  318.74693  321.29506  323.91600  327.12603  329.84073  332.63429  324.18290  326.84877  329.59167  321.26581  323.88372  326.57688
 321.64325  324.23809  326.90746  318.76549  321.31392  323.93517  315.91328  318.41613  320.99012  324.20830  326.87459  329.61792  321.28467  323.90289  326.59637  318.38740  320.95843  323.60296  326.84470  329.58483  332.40463  323.87354  326.56388  329.33200  320.92961  323.57106  326.28847
 321.30932  323.92795  326.62185  318.40567  320.97700  323.62184  315.52869  318.05357  320.65026  323.89860  326.58935  329.35791  320.94818  323.58993  326.30766  318.02528  320.61894  323.28679  326.55991  329.32520  332.17098  323.56103  326.27555  329.06865  320.59056  323.25527  325.99667
 320.97251  323.61467  326.33281  318.04327  320.63722  323.30538  315.14179  317.68845  320.30755  323.58576  326.30070  329.09423  320.60884  323.27385  326.01558  317.66059  320.27661  322.96752  326.27169  329.06187  331.93336  323.24538  325.98383  328.80161  320.24866  322.93636  325.70149
 320.63284  323.29825  326.04039  317.67830  320.29461  322.98582  314.75264  317.32079  319.96206  323.26977  326.00864  328.82685  320.26666  322.95466  325.72010  317.29336  319.93147  322.64516  325.98005  328.79486  331.69178  322.92660  325.68871  328.53091  319.90394  322.61436  325.40293
 320.29034  322.97874  325.74460  317.31079  319.94920  322.66319  314.36125  316.95064  319.61378  322.95068  325.71320  328.55584  319.92167  322.63239  325.42127  316.92361  319.58356  322.31976  325.68503  328.52420  331.44627  322.60475  325.39024  328.25658  319.55644  322.28931  325.10105
 319.94504  322.65616  325.44546  316.94079  319.60102  322.33752  313.96765  316.57800  319.26276  322.62852  325.41442  328.28119  319.57390  322.30707  325.11912  316.55139  319.23289  321.99132  325.38664  328.24990  331.19685  322.27982  325.08842  327.97864  319.20616  321.96122  324.79585
 319.59697  322.33053  325.14299  316.56830  319.25009  322.00882  313.57188  316.20293  318.90902  322.30328  325.11229  328.00294  319.22336  321.97871  324.81366  316.17671  318.87949  321.65989  325.08492  327.97198  330.94353  321.95186  324.78329  327.69710  318.85315  321.63011  324.48736
 319.24613  322.00188  324.83723  316.19336  318.89643  321.67713  313.17396  315.82543  318.55260  321.97502  324.80687  327.72109  318.87009  321.64735  324.50491  315.79960  318.52340  321.32548  324.77988  327.69047  330.68634  321.62088  324.47488  327.41198  318.49744  321.29603  324.17561
 318.89258  321.67023  324.52820  315.81600  318.54009  321.34246  312.77392  315.44556  318.19351  321.64376  324.49816  327.43569  318.51413  321.31301  324.19290  315.42010  318.16464  320.98811  324.47154  327.40539  330.42530  321.28692  324.16319  327.12332  318.13905  320.95899  323.86063
 318.53633  321.33561  324.21590  315.43626  318.18108  321.00485  312.37181  315.06333  317.83179  321.30951  324.18619  327.14674  318.15549  320.97573  323.87767  315.03823  317.80324  320.64784  324.15994  327.11675  330.16041  320.95000  323.84828  326.83114  317.77801  320.61903  323.54243
 318.17742  320.99805  323.90039  315.05416  317.81944  320.66434  311.96763  314.67876  317.46746  320.97231  323.87099  326.85428  317.79421  320.63553  323.55923  314.65403  317.43922  320.30466  323.84510  326.82460  329.89172  320.61015  323.53015  326.53546  317.41435  320.27617  323.22105
 317.81586  320.65756  323.58167  314.66972  317.45519  320.32092  311.56143  314.29190  317.10055  320.63218  323.55259  326.55832  317.43031  320.29242  323.23760  314.26752  317.07262  319.95863  323.52705  326.52894  329.61922  320.26740  323.20883  326.23629  317.04810  319.93043  322.89651
 317.45170  320.31419  323.25978  314.28298  317.08836  319.97465  311.15322  313.90276  316.73109  320.28917  323.23100  326.25888  317.06383  319.94645  322.91282  313.87873  316.70346  319.60973  323.20581  326.22980  329.34296  319.92177  322.88434  325.93368  316.67928  319.58183  322.56882
 317.08496  319.96796  322.93474  313.89396  316.71897  319.62553  310.74306  313.51139  316.35911  319.94328  322.90625  325.95600  316.69479  319.59762  322.58491  313.48769  316.33177  319.25804  322.88140  325.92722  329.06296  319.57328  322.55672  325.62763  316.30792  319.23042  322.23803
 316.71566  319.61888  322.60657  313.50270  316.34706  319.27361  310.33097  313.11780  315.98464  319.59453  322.57837  325.64970  316.32321  319.24599  322.25390  313.09443  315.95759  318.90356  322.55385  325.62120  328.77922  319.22198  322.22599  325.31818  315.93407  318.87623  321.90416
 316.34383  319.26700  322.27530  313.10923  315.97266  318.91891  309.91696  312.72203  315.60770  319.24299  322.24739  325.34000  315.94913  318.89158  321.91981  312.69899  315.58093  318.54632  322.22320  325.31178  328.49179  318.86789  321.89218  325.00536  315.55773  318.51927  321.56724
 315.96951  318.91234  321.94096  312.71358  315.59579  318.56146  309.50108  312.32412  315.22833  318.88865  321.91333  325.02692  315.57259  318.53441  321.58267  312.30139  315.20184  318.18635  321.88946  324.99898  328.20067  318.51102  321.55531  324.68919  315.17895  318.15958  321.22729
 315.59273  318.55493  321.60358  312.31577  315.21649  318.20128  309.08336  311.92407  314.84655  318.53154  321.57623  324.71051  315.19359  318.17450  321.24250  311.90165  314.82033  317.82369  321.55266  324.68284  327.90591  318.15143  321.21542  324.36968  314.79774  317.79717  320.88434
 315.21350  318.19478  321.26318  311.91583  314.83478  317.83841  308.66382  311.52193  314.46239  318.17171  321.23609  324.39076  314.81219  317.81189  320.89934  311.49982  314.43644  317.45834  321.21283  324.36335  327.60750  317.78912  320.87252  324.04688  314.41415  317.43209  320.53841
 314.83186  317.83194  320.91979  311.51380  314.45068  317.47287  308.24249  311.11773  314.07589  317.80917  320.89296  324.06772  314.42839  317.44661  320.55322  311.09591  314.05019  317.09036  320.87000  324.04057  327.30549  317.42414  320.52665  323.72080  314.02820  317.06436  320.18954
 314.44784  317.46643  320.57343  311.10970  314.06424  317.10468  307.81941  310.71150  313.68707  317.44396  320.54686  323.74140  314.04225  317.07869  320.20414  310.68997  313.66163  316.71976  320.52419  323.71451  326.99990  317.05650  320.17783  323.39147  313.63992  316.69402  319.83775
 314.06147  317.09829  320.22413  310.70357  313.67548  316.73389  307.39461  310.30327  313.29595  317.07610  320.19782  323.41186  313.65378  316.70815  319.85216  310.28202  313.27076  316.34657  320.17544  323.38521  326.69075  316.68625  319.82610  323.05892  313.24934  316.32107  319.48308
 313.67278  316.72752  319.87192  310.29543  313.28443  316.36051  306.96811  309.89305  312.90257  316.70562  319.84585  323.07908  313.26300  316.33501  319.49729  309.87209  312.87763  315.97083  319.82376  323.05268  326.37806  316.31340  319.47147  322.72316  312.85649  315.94557  319.12553
 313.28179  316.35417  319.51684  309.88531  312.89111  315.98457  306.53995  309.48089  312.50697  316.33256  319.49102  322.74311  312.86996  315.95932  319.13955  309.46021  312.48227  315.59255  319.46920  322.71696  326.06188  315.93798  319.11399  322.38426  312.46140  315.56754  318.76516
 312.88854  315.97827  319.15889  309.47325  312.49557  315.60611  306.11016  309.06683  312.10916  315.95693  319.13332  322.40398  312.47469  315.58111  318.77901  309.04641  312.08470  315.21178  319.11176  322.37806  325.74220  315.56003  318.75366  322.04220  312.06409  315.18700  318.40199
 312.49307  315.59985  318.79813  309.05928  312.09782  315.22517  305.67876  308.65088  311.70918  315.57877  318.77278  322.06172  312.07721  315.20038  318.41565  308.63072  311.68495  314.82854  318.75150  322.03603  325.41908  315.17958  318.39053  321.69703  311.66461  314.80399  318.03603
 312.09538  315.21892  318.43457  308.64341  311.69790  314.84175  305.24578  308.23306  311.30706  315.19812  318.40945  321.71634  311.67756  314.81720  318.04952  308.21317  311.28306  314.44285  318.38843  321.69089  325.09254  314.79665  318.02464  321.34879  311.26297  314.41853  317.66734
 311.69553  314.83553  318.06823  308.22569  311.29583  314.45589  304.81127  307.81344  310.90283  314.81498  318.04335  321.36790  311.27574  314.43157  317.68065  307.79379  310.87906  314.05477  318.02259  321.34266  324.76258  314.41127  317.65599  320.99748  310.85922  314.03067  317.29593
 311.29352  314.44971  317.69917  307.80615  310.89167  314.06763  304.37524  307.39202  310.49653  314.42941  317.67451  321.01639  310.87182  314.04353  317.30906  307.37262  310.47297  313.66429  317.65400  320.99138  324.42926  314.02348  317.28462  320.64315  310.45338  313.64041  316.92184
 310.88941  314.06148  317.32739  307.38481  310.48541  313.67699  303.93773  306.96883  310.08816  314.04143  317.30295  320.66187  310.46582  313.65311  316.93480  306.94968  310.06482  313.27148  317.28268  320.63707  324.09260  313.63331  316.91058  320.28583  310.04548  313.24781  316.54509
 310.48322  313.67086  316.95293  306.96171  310.07710  313.28400  303.49876  306.54390  309.67778  313.65107  316.92871  320.30435  310.05775  313.26034  316.55788  306.52499  309.65465  312.87633  316.90869  320.27977  323.75261  313.24078  316.53387  319.92553  309.63554  312.85287  316.16569
 310.07496  313.27791  316.57582  306.53688  309.66678  312.88871  303.05838  306.11729  309.26541  313.25835  316.55181  319.94385  309.64767  312.86525  316.17833  306.09862  309.24249  312.47890  316.53202  319.91948  323.40934  312.84592  316.15453  319.56230  309.22361  312.45565  315.78372
 309.66470  312.88264  316.19609  306.11034  309.25446  312.49111  302.61660  305.68900  308.85107  312.86331  316.17229  319.58043  309.23557  312.46786  315.79620  305.67055  308.82836  312.07921  316.15274  319.55627  323.06282  312.44878  315.77260  319.19616  308.80972  312.05616  315.39918
 309.25242  312.48507  315.81377  305.68212  308.84017  312.09127  302.17346  305.25906  308.43481  312.46598  315.79017  319.21411  308.82153  312.06822  315.41150  305.24085  308.41230  311.67730  315.77086  319.19014  322.71305  312.04936  315.38810  318.82713  308.39388  311.65445  315.01210
 308.83820  312.08525  315.42890  305.25227  308.42396  311.68920  301.72899  304.82752  308.01666  312.06639  315.40549  318.84490  308.40554  311.66635  315.02426  304.80952  307.99434  311.27318  315.38641  318.82113  322.36009  311.64772  315.00106  318.45526  307.97614  311.25052  314.62252
 308.42204  311.68320  315.04148  304.82079  308.00585  311.28493  301.28321  304.39439  307.59663  311.66456  315.01827  318.47285  307.98765  311.26228  314.63452  304.37661  307.57450  310.86689  314.99941  318.44927  322.00395  311.24386  314.61152  318.08056  307.55652  310.84443  314.23046
 308.00398  311.27896  314.65157  304.38774  307.58587  310.87851  300.83616  303.95971  307.17477  311.26055  314.62856  318.09799  307.56789  310.85604  314.24232  303.94215  307.15283  310.45848  314.60992  318.07461  321.64468  310.83785  314.21950  317.70309  307.13507  310.43621  313.83596
 307.58405  310.87255  314.25919  303.95314  307.16405  310.46994  300.38787  303.52351  306.75109  310.85436  314.23637  317.72033  307.14629  310.44767  313.84767  303.50616  306.72935  310.04796  314.21795  317.69714  321.28229  310.42969  313.82504  317.32285  306.71179  310.02587  313.43904
 307.16229  310.46402  313.86438  303.51701  306.74043  310.05928  299.93837  303.08583  306.32565  310.44603  313.84174  317.33992  306.72287  310.03719  313.45061  303.06869  306.30409  309.63536  313.82353  317.31692  320.91682  310.01941  313.42816  316.93988  306.28674  309.61346  313.03975
 306.73871  310.05337  313.46715  303.07940  306.31503  309.64654  299.48769  302.64668  305.89845  310.03559  313.44470  316.95679  306.29768  309.62464  313.05118  302.62975  305.87708  309.22072  313.42670  316.93397  320.54829  309.60707  313.02891  316.55422  305.85993  309.19900  312.63810
 306.31336  309.64066  313.06755  302.64032  305.88788  309.23176  299.03585  302.20611  305.46955  309.62309  313.04529  316.57096  305.87073  309.21004  312.64938  302.18937  305.44835  308.80407  313.02749  316.54832  320.17675  309.19267  312.62730  316.16589  305.43141  308.78252  312.23414
 305.88626  309.22591  312.66561  302.19982  305.45903  308.81498  298.58290  301.76414  305.03896  309.20854  312.64352  316.18248  305.44208  308.79343  312.24529  301.74760  305.01794  308.38544  312.62592  316.16002  319.80222  308.77627  312.22338  315.77494  305.00119  308.36407  311.82789
 305.45744  308.80914  312.26135  301.75791  305.02848  308.39621  298.12885  301.32080  304.60673  308.79197  312.23944  315.79137  305.01173  308.37484  311.83890  301.30446  304.58587  307.96487  312.22204  315.76907  319.42474  308.35787  311.81716  315.38138  304.56932  307.94367  311.41939
 305.02694  308.39039  311.85481  301.31464  304.59628  307.97551  297.67374  300.87613  304.17286  308.37342  311.83307  315.39765  304.57973  307.95431  311.43027  300.85997  304.15218  307.54237  311.81587  315.37553  319.04432  307.93753  311.40870  314.98526  304.13582  307.52134  311.00866
 304.59479  307.96971  311.44602  300.87003  304.16246  307.55289  297.21759  300.43014  303.73742  307.95293  311.42445  315.00137  304.14610  307.53185  311.01941  300.41418  303.71690  307.11799  311.40744  314.97942  318.66102  307.51526  310.99801  314.58659  303.70072  307.09713  310.59574
 304.16102  307.54711  311.03502  300.42411  303.72706  307.12838  296.76045  299.98289  303.30041  307.53052  311.01361  314.60256  303.71088  307.10751  310.60636  299.96711  303.28006  306.69176  310.99680  314.58077  318.27485  307.09111  310.58513  314.18542  303.26407  306.67106  310.18067
 303.72566  307.12262  310.62182  299.97692  303.29009  306.70202  296.30233  299.53439  302.86188  307.10622  310.60058  314.20124  303.27410  306.68132  310.19116  299.51879  302.84168  306.26371  310.58395  314.17962  317.88585  306.66510  310.17009  313.78179  302.82587  306.24317  309.76347
 303.28874  306.69628  310.20647  299.52849  302.85160  306.27385  295.84327  299.08467  302.42184  306.68007  310.18540  313.79745  302.83579  306.25330  309.77384  299.06925  302.40182  305.83386  310.16895  313.77599  317.49406  306.23727  309.75293  313.37571  302.38618  305.81348  309.34418
 302.85028  306.26812  309.78900  299.07883  302.41161  305.84388  295.38329  298.63378  301.98035  306.25208  309.76809  313.39123  302.39597  305.82350  309.35443  298.61853  301.96048  305.40227  309.75182  313.36993  317.09950  305.80764  309.33367  312.96723  301.94502  305.38204  308.92282
 302.41033  305.83818  309.36945  298.62799  301.97016  305.41217  294.92244  298.18172  301.53743  305.82232  309.34869  312.98260  301.95470  305.39194  308.93295  298.16665  301.51771  304.96894  309.33260  312.96146  316.70221  305.37626  308.91235  312.55637  301.50243  304.94887  308.49944
 301.96892  305.40649  308.94784  298.17600  301.52728  304.97873  294.46073  297.72855  301.09310  305.39080  308.92724  312.57161  301.51199  304.95865  308.50945  297.71365  301.07353  304.53393  308.91132  312.55062  316.30223  304.94314  308.48901  312.14318  301.05842  304.51400  308.07406
 301.52607  304.97306  308.52420  297.72289  301.08298  304.54359  293.99820  297.27428  300.64740  304.95755  308.50375  312.15827  301.06787  304.52367  308.08396  297.25954  300.62798  304.09725  308.48800  312.13743  315.89959  304.50833  308.06366  311.72768  300.61303  304.07747  307.64673
 301.08182  304.53795  308.09857  297.26868  300.63733  304.10680  293.53487  296.81896  300.20037  304.52260  308.07827  311.74264  300.62237  304.08703  307.65652  296.80438  300.18110  303.65895  308.06270  311.72195  315.49431  304.07186  307.63636  311.30991  300.16632  303.63932  307.21747
 300.63620  304.10117  307.67099  296.81340  300.19033  303.66839  293.07077  296.36260  299.75203  304.08600  307.65084  311.32473  300.17554  303.64876  307.22713  296.34819  299.73290  303.21905  307.63543  311.30418  315.08644  303.63375  307.20712  310.88989  299.71828  303.19956  306.78631
 300.18924  303.66277  307.24148  296.35711  299.74202  303.22838  292.60595  295.90524  299.30241  303.64777  307.22147  310.90458  299.72740  303.20889  306.79586  295.89099  299.28342  302.77758  307.20623  310.88418  314.67601  303.19405  306.77600  310.46768  299.26896  302.75824  306.35328
 299.74097  303.22278  306.81008  295.89980  299.29244  302.78681  292.14041  295.44691  298.85155  303.20793  306.79021  310.48223  299.27798  302.76746  306.36273  295.43282  298.83270  302.33459  306.77513  310.46198  314.26305  302.75278  306.34301  310.04329  298.81840  302.31538  305.91843
 299.29142  302.78122  306.37682  295.44153  298.84162  302.34371  291.67421  294.98765  298.39948  302.76654  306.35710  310.05772  298.82731  302.32450  305.92777  294.97371  298.38077  301.89010  306.34217  310.03760  313.84760  302.30997  305.90819  309.61677  298.36662  301.87103  305.48179
 298.84063  302.33814  305.94174  294.98231  298.38958  301.89911  291.20735  294.52747  297.94623  302.32361  305.92215  309.63107  298.37542  301.88004  305.49102  294.51368  297.92765  301.44414  305.90739  309.61109  313.42970  301.86567  305.47157  309.18814  297.91365  301.42520  305.04338
 298.38862  301.89355  305.50486  294.52219  297.93636  301.45306  290.73987  294.06642  297.49183  301.87918  305.48541  309.20231  297.92236  301.43412  305.05251  294.05278  297.47339  300.99676  305.47080  309.18247  313.00937  301.41990  305.03320  308.75745  297.45953  300.97795  304.60325
 297.93544  301.44752  305.06623  294.06119  297.48199  301.00556  290.27181  293.60452  297.03631  301.43329  305.04691  308.77150  297.46814  300.98676  304.61227  293.59103  297.01800  300.54797  305.03246  308.75179  312.58665  300.97269  304.59309  308.32471  297.00429  300.52929  304.16142
 297.48110  301.00003  304.62587  293.59934  297.02650  300.55668  289.80319  293.14180  296.57970  300.98596  304.60668  308.33865  297.01280  300.53800  304.17034  293.12845  296.56152  300.09781  304.59238  308.31907  312.16159  300.52407  304.15129  307.88999  296.54796  300.07926  303.71793
 297.02565  300.55116  304.18382  293.13667  296.56993  300.10642  289.33404  292.67830  296.12204  300.53723  304.16477  307.90380  296.55637  300.08788  303.72675  292.66509  296.10399  299.64632  304.15061  307.88436  311.73421  300.07410  303.70783  307.45330  296.09057  299.62790  303.27282
 296.56911  300.10092  303.74012  292.67321  296.11231  299.65484  288.86438  292.21404  295.66336  300.08714  303.72119  307.46700  296.09889  299.63642  303.28154  292.20097  295.64543  299.19352  303.70718  307.44768  311.30455  299.62278  303.26274  307.01469  295.63216  299.17523  302.82611
 296.11151  299.64935  303.29479  292.20900  295.65365  299.20195  288.39426  291.74904  295.20368  299.63571  303.27599  307.02826  295.64038  299.18365  302.83474  291.73612  295.18588  298.73946  303.26212  307.00907  310.87264  299.17016  302.81607  306.57418  295.17274  298.72129  302.37784
 295.65290  299.19647  302.84787  291.74407  295.19402  298.74779  287.92370  291.28336  294.74305  299.18298  302.82920  306.58763  295.18088  298.72962  302.38638  291.27057  294.72537  298.28416  302.81547  306.56857  310.43853  298.71627  302.36783  306.13181  294.71237  298.26611  301.92805
 295.19328  298.74233  302.39939  291.27843  294.73341  298.29240  287.45272  290.81702  294.28149  298.72897  302.38084  306.14515  294.72041  298.27435  301.93649  290.80436  294.26393  297.82766  302.36726  306.12620  310.00224  298.26113  301.91806  305.68761  294.25106  297.80973  301.47677
 294.73272  298.28695  301.94940  290.81213  294.27188  297.83581  286.98135  290.35003  293.81904  298.27374  301.93097  305.70085  294.25902  297.81788  301.48512  290.33751  293.80159  297.36999  301.91753  305.68203  309.56383  297.80480  301.46681  305.24164  293.78885  297.35218  301.02404
 294.27121  297.83037  301.49792  290.34519  293.80945  297.37805  286.50963  289.88244  293.35572  297.81729  301.47961  305.25476  293.79672  297.36024  301.03230  289.87004  293.33838  296.91118  301.46630  305.23605  309.12331  297.34729  301.01411  304.79390  293.32578  296.89349  300.56987
 293.80881  297.37262  301.04499  289.87765  293.34616  296.91916  286.03759  289.41428  292.89157  297.35967  301.02680  304.80691  293.33356  296.90146  300.57805  289.40202  292.87435  296.45127  301.01362  304.78833  308.68073  296.88864  300.55998  304.34445  292.86187  296.43370  300.11434
 293.34555  296.91374  300.59063  289.40953  292.88204  296.45916  285.56524  288.94557  292.42660  296.90092  300.57256  304.35736  292.86957  296.44158  300.12242  288.93343  292.40950  295.99029  300.55951  304.33889  308.23612  296.42889  300.10446  303.89332  292.39715  295.97282  299.65744
 292.88145  296.45376  300.13490  288.94087  292.41712  295.99809  285.09262  288.47636  291.96088  296.44106  300.11695  303.90612  292.40477  295.98063  299.66544  288.46434  291.94389  295.52827  300.10403  303.88777  307.78953  295.96806  299.64759  303.44055  291.93167  295.51091  299.19922
 292.41655  295.99270  299.67781  288.47169  291.95142  295.53599  284.61977  288.00665  291.49442  295.98013  299.65996  303.45324  291.93920  295.51863  299.20713  287.99475  291.47753  295.06524  299.64718  303.43500  307.34098  295.50619  299.18940  302.98616  291.46544  295.04799  298.73973
 291.95089  295.53060  299.21941  288.00203  291.48498  295.07288  284.14670  287.53649  291.02725  295.51817  299.20168  302.99875  291.47289  295.05563  298.74755  287.52471  291.01047  294.60124  299.18902  302.98062  306.89053  295.04332  298.72993  302.53021  290.99849  294.58410  298.27898
 291.48448  295.06751  298.75973  287.53191  291.01784  294.60880  283.67345  287.06590  290.55941  295.05519  298.74210  302.54270  291.00587  294.59166  298.28673  287.05425  290.54273  294.13631  298.72957  302.52467  306.43820  294.57947  298.26920  302.07271  290.53088  294.11927  297.81702
 291.01736  294.60344  298.29880  287.06137  290.55003  294.14379  283.20004  286.59493  290.09092  294.59125  298.28128  302.08510  290.53817  294.12675  297.82469  286.58339  290.07435  293.67047  298.26887  302.06718  305.98403  294.11468  297.80727  301.61372  290.06261  293.65354  297.35388
 290.54957  294.13843  297.83667  286.59044  290.08157  293.67787  282.72651  286.12358  289.62182  294.12636  297.81925  301.62601  290.06983  293.66094  297.36147  286.11216  289.60535  293.20376  297.80696  301.60820  305.52805  293.64899  297.34416  301.15326  289.59373  293.18693  296.88960
 290.08113  293.67252  297.37335  286.11913  289.61249  293.21108  282.25288  285.65191  289.15214  293.66057  297.35603  301.16544  289.60087  293.19424  296.89710  285.64060  289.13577  292.73620  297.34386  301.14774  305.07031  293.18241  296.87990  300.69137  289.12426  292.71947  296.42420
 289.61209  293.20574  296.90889  285.64750  289.14284  292.74344  281.77918  285.17993  288.68192  293.19390  296.89168  300.70346  289.13133  292.72672  296.43163  285.16873  288.66565  292.26785  296.87963  300.68586  304.61085  292.71500  296.41453  300.22809  288.65425  292.25122  295.95773
 289.14245  292.73812  296.44332  285.17556  288.67264  292.27501  281.30543  284.70767  288.21117  292.72640  296.42622  300.24008  288.66124  292.25839  295.96508  284.69659  288.19500  291.79871  296.41428  300.22259  304.14969  292.24678  295.94808  299.76345  288.18371  291.78218  295.49022
 288.67228  292.26969  295.97668  284.70335  288.20193  291.80581  280.83168  284.23518  287.73993  292.25809  295.95968  299.77535  288.19064  291.78928  295.49750  284.22420  287.72386  291.32883  295.94785  299.75795  303.68689  291.77778  295.48059  299.29749  287.71268  291.31240  295.02170
 288.20158  291.80050  295.50900  284.23088  287.73071  291.33586  280.35794  283.76247  287.26825  291.78900  295.49210  299.30929  287.71953  291.31943  295.02890  283.75159  287.25227  290.85825  295.48039  299.29200  303.22248  291.30805  295.01209  298.83025  287.24121  290.84192  294.55222
 287.73040  291.33056  295.04032  283.75821  287.25905  290.86520  279.88423  283.28957  286.79613  291.31918  295.02351  298.84197  287.24798  290.84887  294.55934  283.27880  286.78025  290.38700  295.01191  298.82477  302.75649  290.83759  294.54263  298.36176  286.76929  290.37076  294.08179
 287.25876  290.85991  294.57068  283.28535  286.78696  290.39388  279.41061  282.81651  286.32364  290.84864  294.55396  298.37339  286.77600  290.37764  294.08884  282.80585  286.30785  289.91511  294.54247  298.35628  302.28897  290.36647  294.07223  297.89207  286.29699  289.89896  293.61047
 286.78669  290.38860  294.10008  282.81233  286.31449  289.92191  278.93708  282.34333  285.85077  290.37743  294.08346  297.90360  286.30363  289.90576  293.61745  282.33277  285.83507  289.44260  294.07208  297.88659  301.81995  289.89470  293.60092  297.42119  285.82432  289.42655  293.13827
 286.31424  289.91664  293.62860  282.33919  285.84165  289.44935  278.46367  281.87005  285.37758  289.90558  293.61208  297.43264  285.83090  289.43329  293.14519  281.85960  285.36197  288.96952  293.60080  297.41572  301.34947  289.42233  293.12875  296.94919  285.35132  288.95355  292.66524
 285.84142  289.44408  293.15625  281.86595  285.36848  288.97620  277.99042  281.39671  284.90409  289.43312  293.13982  296.96055  285.35783  288.96023  292.67209  281.38635  284.88856  288.49591  293.12865  296.94372  300.87757  288.94938  292.65575  296.47608  284.87801  288.48002  292.19142
 285.36827  288.97094  292.68308  281.39265  284.89501  288.50252  277.51735  280.92333  284.43033  288.96008  292.66673  296.48735  284.88446  288.48663  292.19821  280.91307  284.41490  288.02178  292.65567  296.47062  300.40429  288.47589  292.18195  296.00191  284.40445  288.00599  291.71684
 284.89482  288.49726  292.20910  280.91930  284.42128  288.02833  277.04449  280.44994  283.95634  288.48651  292.19285  296.01309  284.41083  288.01253  291.72355  280.43979  283.94099  287.54718  292.18188  295.99645  299.92967  288.00188  291.70738  295.52671  283.93064  287.53147  291.24153
 284.42111  288.02307  291.73437  280.44595  283.94731  287.55366  276.57187  279.97658  283.48214  288.01242  291.71820  295.53781  283.93695  287.53795  291.24818  279.96651  283.46688  287.07213  291.70734  295.52125  299.45374  287.52740  291.23209  295.05052  283.45662  287.05650  290.76552
 283.94716  287.54841  291.25892  279.97262  283.47314  287.07855  276.09951  279.50326  283.00777  287.53786  291.24283  295.06154  283.46289  287.06293  290.77211  279.49329  282.99259  286.59667  291.23207  295.04507  298.97654  287.05247  290.75612  294.57338  282.98243  286.58113  290.28886
 283.47301  287.07331  290.78277  279.49934  282.99879  286.60303  275.62745  279.03003  282.53326  287.06285  290.76677  294.58431  282.98862  286.58749  290.29538  279.02015  282.51816  286.12083        nan        nan        nan        nan        nan        nan        nan        nan        nan
