       nan        nan        nan        nan        nan        nan        nan        nan        nan 18346.58500        nan        nan        nan        nan        nan        nan        nan        nan 18343.79950 18301.12100        nan        nan        nan        nan        nan        nan        nan
18349.87800        nan        nan 18389.22750        nan        nan        nan        nan        nan 18347.09250 18304.41400        nan 18386.44200 18343.76350        nan        nan        nan        nan 18341.51800 18298.50500 18262.75450 18380.86750 18337.85450 18302.10400        nan        nan        nan
18353.68550 18311.00700        nan 18393.56250 18350.88400        nan 18426.50950 18383.83100        nan 18348.11100 18305.09800 18269.34750 18387.98800 18344.97500 18309.22450 18420.93500 18377.92200 18342.17150 18339.74350 18296.22750 18259.61300 18379.62050 18336.10450 18299.49000 18412.56750 18369.05150 18332.43700
18358.01900 18315.00600 18279.25550 18398.68900 18355.67600 18319.92550 18432.99950 18389.98650 18354.23600 18349.65150 18306.13550 18269.52100 18390.32150 18346.80550 18310.19100 18424.63200 18381.11600 18344.50150 18338.48200 18294.29650 18256.56750 18379.15200 18334.96650 18297.23750 18413.46250 18369.27700 18331.54800
18362.89500 18319.37900 18282.76450 18404.62000 18361.10400 18324.48950 18440.65150 18397.13550 18360.52100 18351.72550 18307.54000 18269.81100 18393.45050 18349.26500 18311.53600 18429.48200 18385.29650 18347.56750 18337.74600 18292.72500 18253.65650 18379.47100 18334.45000 18295.38150 18415.50250 18370.48150 18331.41300
18368.32800 18324.14250 18286.41350 18411.36350 18367.17800 18329.44900 18449.41600 18405.23050 18367.50150 18354.34850 18309.32750 18270.25900 18397.38400 18352.36300 18313.29450 18435.43650 18390.41550 18351.34700 18337.54700 18291.52900 18250.92400 18380.58250 18334.56450 18293.95950 18418.63500 18372.61700 18332.01200
18374.33600 18329.31500 18290.24650 18418.92350 18373.90250 18334.83400 18459.24300 18414.22200 18375.15350 18357.53450 18311.51650 18270.91150 18402.12200 18356.10400 18315.49900 18442.44150 18396.42350 18355.81850 18337.90000 18290.72900 18248.41650 18382.48750 18335.31650 18293.00400 18422.80700 18375.63600 18333.32350
18380.93350 18334.91550 18294.31050 18427.29850 18381.28050 18340.67550 18470.08400 18424.06600 18383.46100 18361.29900 18314.12800 18271.81550 18407.66400 18360.49300 18318.18050 18450.44950 18403.27850 18360.96600 18338.82000 18290.34750 18246.17800 18385.18500 18336.71250 18292.54300 18427.97050 18379.49800 18335.32850
18388.13400 18340.96300 18298.65050 18436.48150 18389.31050 18346.99800 18481.89350 18434.72250 18392.41000 18365.65500 18317.18250 18273.01300 18414.00250 18365.53000 18321.36050 18459.41450 18410.94200 18366.77250 18340.31950 18290.40500 18244.25350 18388.66700 18338.75250 18292.60100 18434.07900 18384.16450 18338.01300
18395.94950 18347.47700 18303.30750 18446.46300 18397.99050 18353.82100 18494.63250 18446.16000 18401.99050 18370.61400 18320.69950 18274.54800 18421.12750 18371.21300 18325.06150 18469.29700 18419.38250 18373.23100 18342.41050 18290.92350 18242.68200 18392.92400 18341.43700 18293.19550 18441.09350 18389.60650 18341.36500
18404.38900 18354.47450 18308.32300 18457.23050 18407.31600 18361.16450 18508.26350 18458.34900 18412.19750 18376.18550 18324.69850 18276.45700 18429.02700 18377.54000 18329.29850 18480.06000 18428.57300 18380.33150 18345.10400 18291.92400 18241.50000 18397.94550 18344.76550 18294.34150 18448.97850 18395.79850 18345.37450
18413.45850 18361.97150 18313.73000 18468.77150 18417.28450 18369.04300 18522.75600 18471.26900 18423.02750 18382.37700 18329.19700 18278.77300 18437.69000 18384.51000 18334.08600 18491.67450 18438.49450 18388.07050 18348.40750 18293.42400 18240.73900 18403.72050 18348.73700 18296.05200 18457.70500 18402.72150 18350.03650
18423.16400 18369.98400 18319.56000 18481.07350 18427.89350 18377.46950 18538.08100 18484.90100 18434.47700 18389.19450 18334.21100 18281.52600 18447.10400 18392.12050 18339.43550 18504.11150 18449.12800 18396.44300 18352.32800 18295.44050 18240.42750 18410.23750 18353.35000 18298.33700 18467.24500 18410.35750 18355.34450
18433.50850 18378.52500 18325.84000 18494.12200 18439.13850 18386.45350 18554.21350 18499.23000 18446.54500 18396.64200 18339.75450 18284.74150 18457.25550 18400.36800 18345.35500 18517.34700 18460.45950 18405.44650 18356.87150 18297.98950 18240.59050 18417.48500 18358.60300 18301.20400 18477.57650 18418.69450 18361.29550
18444.49300 18387.60550 18332.59250 18507.90650 18451.01900 18396.00600 18571.13250 18514.24500 18459.23200 18404.72250 18345.84050 18288.44150 18468.13600 18409.25400 18351.85500 18531.36200 18472.48000 18415.08100 18362.04100 18301.08150 18241.24700 18425.45450 18364.49500 18304.66050 18488.68050 18427.72100 18367.88650
18456.12100 18397.23900 18339.84000 18522.41450 18463.53250 18406.13350 18588.81900 18529.93700 18472.53800 18413.43950 18352.48000 18292.64550 18479.73300 18418.77350 18358.93900 18546.13750 18485.17800 18425.34350 18367.84100 18304.73150 18242.41750 18434.13450 18371.02500 18308.71100 18500.53900 18437.42950 18375.11550
18468.39100 18407.43150 18347.59700 18537.63700 18476.67750 18416.84300 18607.25550 18546.29600 18486.46150 18422.79250 18359.68300 18297.36900 18492.03850 18428.92900 18366.61500 18561.65700 18498.54750 18436.23350 18374.27350 18308.94700 18244.11600 18443.51950 18378.19300 18313.36200 18513.13800 18447.81150 18382.98050
18481.30450 18418.19500 18355.88100 18553.56350 18490.45400 18428.14000 18626.42800 18563.31850 18501.00450 18432.78550 18367.45900 18302.62800 18505.04450 18439.71800 18374.88700 18577.90900 18512.58250 18447.75150 18381.34100 18313.73850 18246.35800 18453.60000 18385.99750 18318.61700 18526.46450 18458.86200 18391.48150
18494.86100 18429.53450 18364.70350 18570.18650 18504.86000 18440.02900 18646.32500 18580.99850 18516.16750 18443.41650 18375.81400 18308.43350 18518.74200 18451.13950 18383.75900 18594.88050 18527.27800 18459.89750 18389.04400 18319.11300 18249.15400 18464.36950 18394.43850 18324.47950 18540.50800 18470.57700 18400.61800
18509.05900 18441.45650 18374.07600 18587.49850 18519.89600 18452.51550 18666.93350 18599.33100 18531.95050 18454.68650 18384.75550 18314.79650 18533.12600 18463.19500 18393.23600 18612.56100 18542.63000 18472.67100 18397.38400 18325.07700 18252.51400 18475.82350 18403.51650 18330.95350 18555.25850 18482.95150 18410.38850
18523.89900 18453.96800 18384.00900 18605.49200 18535.56100 18465.60200 18688.24450 18618.31350 18548.35450 18466.59650 18394.28950 18321.72650 18548.18950 18475.88250 18403.31950 18630.94200 18558.63500 18486.07200 18406.36250 18331.63700 18256.44850 18487.95550 18413.23000 18338.04150 18570.70800 18495.98250 18420.79400
18539.38000 18467.07300 18394.51000 18624.16200 18551.85500 18479.29200 18710.24950 18637.94250 18565.37950 18479.14600 18404.42050 18329.23200 18563.92800 18489.20250 18414.01400 18650.01550 18575.29000 18500.10150 18415.97900 18338.79750 18260.96300 18500.76100 18423.57950 18345.74500 18586.84850 18509.66700 18431.83250
18555.50100 18480.77550 18405.58700 18643.50250 18568.77700 18493.58850 18732.94150 18658.21600 18583.02750 18492.33400 18415.15250 18337.31800 18580.33550 18503.15400 18425.31950 18669.77450 18592.59300 18514.75850 18426.23400 18346.56250 18266.06600 18514.23550 18434.56400 18354.06750 18603.67450 18524.00300 18443.50650
18572.26150 18495.08000 18417.24550 18663.50950 18586.32800 18508.49350 18756.31300 18679.13150 18601.29700 18506.16150 18426.49000 18345.99350 18597.40950 18517.73800 18437.24150 18690.21300 18610.54150 18530.04500 18437.12900 18354.93750 18271.76300 18528.37700 18446.18550 18363.01100 18621.18050 18538.98900 18455.81450
18589.66000 18509.98850 18429.49200 18684.17900 18604.50750 18524.01100 18780.35800 18700.68650 18620.19000 18520.62750 18438.43600 18355.26150 18615.14650 18532.95500 18449.78050 18711.32550 18629.13400 18545.95950 18448.66300 18363.92450 18278.05900 18543.18200 18458.44350 18372.57800 18639.36100 18554.62250 18468.75700
18607.69700 18525.50550 18442.33100 18705.50650 18623.31500 18540.14050 18805.07150 18722.88000 18639.70550 18535.73250 18450.99400 18365.12850 18633.54200 18548.80350 18462.93800 18733.10700 18648.36850 18562.50300 18460.83650 18373.52750 18284.95900 18558.64600 18471.33700 18382.76850 18658.21100 18570.90200 18482.33350
18626.37150 18541.63300 18455.76750 18727.48950 18642.75100 18556.88550 18830.44850 18745.71000 18659.84450 18551.47550 18464.16650 18375.59800 18652.59350 18565.28450 18476.71600 18755.55250 18668.24350 18579.67500 18473.65000 18383.74900 18292.46750 18574.76800 18484.86700 18393.58550 18677.72700 18587.82600 18496.54450
18645.68150 18558.37250 18469.80400 18750.12450 18662.81550 18574.24700 18856.48550 18769.17650 18680.60800 18567.85600 18477.95500 18386.67350 18672.29900 18582.39800 18491.11650 18778.66000 18688.75900 18597.47750 18487.10300 18394.59050 18300.58750 18591.54600 18499.03350 18405.03050 18697.90700 18605.39450 18511.39150
18665.62750 18575.72650 18484.44500 18773.40800 18683.50700 18592.22550 18883.17700 18793.27600 18701.99450 18584.87450 18492.36200 18398.35900 18692.65500 18600.14250 18506.13950 18802.42400 18709.91150 18615.90850 18501.19550 18406.05550 18309.32200 18608.97600 18513.83600 18417.10250 18718.74500 18623.60500 18526.87150
18686.20950 18593.69700 18499.69400 18797.34000 18704.82750 18610.82450 18910.52250 18818.01000 18724.00700 18602.53050 18507.39050 18410.65700 18713.66100 18618.52100 18521.78750 18826.84350 18731.70350 18634.97000 18515.92900 18418.14550 18318.67600 18627.05950 18529.27600 18429.80650 18740.24200 18642.45850 18542.98900
18707.42500 18612.28500 18515.55150 18821.91550 18726.77550 18630.04200 18938.51550 18843.37550 18746.64200 18620.82350 18523.04000 18423.57050 18735.31400 18637.53050 18538.06100 18851.91400 18754.13050 18654.66100 18531.30100 18430.86150 18328.65050 18645.79150 18545.35200 18443.14100 18762.39150 18661.95200 18559.74100
18729.27500 18631.49150 18532.02200 18847.13500 18749.35150 18649.88200 18967.15600 18869.37250 18769.90300 18639.75250 18539.31300 18437.10200 18757.61250 18657.17300 18554.96200 18877.63350 18777.19400 18674.98300 18547.31300 18444.20600 18339.24800 18665.17300 18562.06600 18457.10800 18785.19400 18682.08700 18577.12900
18751.75850 18651.31900 18549.10800 18872.99450 18772.55500 18670.34400 18996.43950 18896.00000 18793.78900 18659.31900 18556.21200 18451.25400 18780.55500 18677.44800 18572.49000 18904.00000 18800.89300 18695.93500 18563.96550 18458.18100 18350.47200 18685.20150 18579.41700 18471.70800 18808.64650 18702.86200 18595.15300
18774.87450 18671.76750 18566.80950 18899.49300 18796.38600 18691.42800 19026.36450 18923.25750 18818.29950 18679.52100 18573.73650 18466.02750 18804.13950 18698.35500 18590.64600 18931.01100 18825.22650 18717.51750 18581.25700 18472.78550 18362.32300 18705.87550 18597.40400 18486.94150 18832.74700 18724.27550 18613.81300
18798.62350 18692.83900 18585.13000 18926.62950 18820.84500 18713.13600 19056.92800 18951.14350 18843.43450 18700.35950 18591.88800 18481.42550 18828.36550 18719.89400 18609.43150 18958.66400 18850.19250 18739.73000 18599.18950 18488.02300 18374.80400 18727.19550 18616.02900 18502.81000 18857.49400 18746.32750 18633.10850
18823.00450 18714.53300 18604.07050 18954.40250 18845.93100 18735.46850 19088.12950 18979.65800 18869.19550 18721.83450 18610.66800 18497.44900 18853.23250 18742.06600 18628.84700 18986.95950 18875.79300 18762.57400 18617.76150 18503.89450 18387.91700 18749.15950 18635.29250 18519.31500 18882.88650 18769.01950 18653.04200
18848.01700 18736.85050 18623.63150 18982.81150 18871.64500 18758.42600 19119.96650 19008.80000 18895.58100 18743.94400 18630.07700 18514.09950 18878.73850 18764.87150 18648.89400 19015.89350 18902.02650 18786.04900 18636.97300 18520.39900 18401.66200 18771.76750 18655.19350 18536.45650 18908.92250 18792.34850 18673.61150
18873.66100 18759.79400 18643.81650 19011.85350 18897.98650 18782.00900 19152.43650 19038.56950 18922.59200 18766.69000 18650.11600 18531.37900 18904.88250 18788.30850 18669.57150 19045.46550 18928.89150 18810.15450 18656.82550 18537.54000 18416.04250 18795.01800 18675.73250 18554.23500 18935.60100 18816.31550 18694.81800
18899.93600 18783.36200 18664.62500 19041.52800 18924.95400 18806.21700 19185.53900 19068.96500 18950.22800 18790.07150 18670.78600 18549.28850 18931.66350 18812.37800 18690.88050 19075.67450 18956.38900 18834.89150 18677.31700 18555.31650 18431.05900 18818.90900 18696.90850 18572.65100 18962.92000 18840.91950 18716.66200
18926.84100 18807.55550 18686.05800 19071.83500 18952.54950 18831.05200 19219.27200 19099.98650 18978.48900 18814.08650 18692.08600 18567.82850 18959.08050 18837.08000 18712.82250 19106.51750 18984.51700 18860.25950 18698.44850 18573.72950 18446.71200 18843.44250 18718.72350 18591.70600 18990.87950 18866.16050 18739.14300
18954.37600 18832.37550 18708.11800 19102.77200 18980.77150 18856.51400 19253.63350 19131.63300 19007.37550 18838.73800 18714.01900 18587.00150 18987.13400 18862.41500 18735.39750 19137.99550 19013.27650 18886.25900 18720.22100 18592.78100 18463.00450 18868.61700 18741.17700 18611.40050 19019.47850 18892.03850 18762.26200
18982.54150 18857.82250 18730.80500 19134.33900 19009.62000 18882.60250 19288.62350 19163.90450 19036.88700 18864.02450 18736.58450 18606.80800 19015.82200 18888.38200 18758.60550 19170.10650 19042.66650 18912.89000 18742.63300 18612.47100 18479.93550 18894.43050 18764.26850 18631.73300 19048.71500 18918.55300 18786.01750
19011.33700 18883.89700 18754.12050 19166.53600 19039.09600 18909.31950 19324.24000 19196.80000 19067.02350 18889.94550 18759.78350 18627.24800 19045.14450 18914.98250 18782.44700 19202.84850 19072.68650 18940.15100 18765.68550 18632.80050 18497.50900 18920.88450 18787.99950 18652.70800 19078.58850 18945.70350 18810.41200
19040.76100 18910.59900 18778.06350 19199.36050 19069.19850 18936.66300 19360.48200 19230.32000 19097.78450 18916.50100 18783.61600 18648.32450 19075.10050 18942.21550 18806.92400 19236.22200 19103.33700 18968.04550 18789.37850 18653.76900 18515.72300 18947.97800 18812.36850 18674.32250 19109.09950 18973.49000 18835.44400
19070.81400 18937.92900 18802.63750 19232.81200 19099.92700 18964.63550 19397.34800 19264.46300 19129.17150 18943.69150 18808.08200 18670.03600 19105.68950 18970.08000 18832.03400 19270.22550 19134.61600 18996.57000 18813.71100 18675.37900 18534.58050 18975.70900 18837.37700 18696.57850 19140.24500 19001.91300 18861.11450
19101.49650 18965.88700 18827.84100 19266.89050 19131.28100 18993.23500 19434.83750 19299.22800 19161.18200 18971.51600 18833.18400 18692.38550 19136.91000 18998.57800 18857.77950 19304.85700 19166.52500 19025.72650 18838.68450 18697.63000 18554.08250 19004.07850 18863.02400 18719.47650 19172.02550 19030.97100 18887.42350
19132.80600 18994.47400 18853.67550 19301.59500 19163.26300 19022.46450 19472.94850 19334.61650 19193.81800 18999.97450 18858.92000 18715.37250 19168.76350 19027.70900 18884.16150 19340.11700 19199.06250 19055.51500 18864.29800 18720.52150 18574.22800 19033.08700 18889.31050 18743.01700 19204.44050 19060.66400 18914.37050
19164.74450 19023.69000 18880.14250 19336.92450 19195.87000 19052.32250 19511.68100 19370.62650 19227.07900 19029.06800 18885.29150 18738.99800 19201.24800 19057.47150 18911.17800 19376.00450 19232.22800 19085.93450 18890.55300 18744.05600 18595.02050 19062.73300 18916.23600 18767.20050 19237.48950 19090.99250 18941.95700
19197.31050 19053.53400 18907.24050 19372.87900 19229.10250 19082.80900 19551.03450 19407.25800 19260.96450 19058.79550 18912.29850 18763.26300 19234.36400 19087.86700 18938.83150 19412.51950 19266.02250 19116.98700 18917.44700 18768.23200 18616.45850 19093.01550 18943.80050 18792.02700 19271.17100 19121.95600 18970.18250
19230.50400 19084.00700 18934.97150 19409.45800 19262.96100 19113.92550 19591.00750 19444.51050 19295.47500 19089.15550 18939.94050 18788.16700 19268.10950 19118.89450 18967.12100 19449.65900 19300.44400 19148.67050 18944.98200 18793.05150 18638.54300 19123.93600 18972.00550 18817.49700 19305.48550 19153.55500 18999.04650
19264.32500 19115.11000 18963.33650 19446.65950 19297.44450 19145.67100 19631.59800 19482.38300 19330.60950 19120.15150 18968.22100 18813.71250 19302.48600 19150.55550 18996.04700 19487.42450 19335.49400 19180.98550 18973.15850 18818.51550 18661.27700 19155.49300 19000.85000 18843.61150 19340.43150 19185.78850 19028.55000
19298.77300 19146.84250 18992.33400 19484.48450 19332.55400 19178.04550 19672.80750 19520.87700 19366.36850 19151.78000 18997.13700 18839.89850 19337.49150 19182.84850 19025.61000 19525.81450 19371.17150 19213.93300 19001.97450 18844.62250 18684.65850 19187.68600 19030.33400 18870.37000 19376.00900 19218.65700 19058.69300
19333.84800 19179.20500 19021.96650 19522.93200 19368.28900 19211.05050 19714.63250 19559.98950 19402.75100 19184.04250 19026.69050 18866.72650 19373.12650 19215.77450 19055.81050 19564.82700 19407.47500 19247.51100 19031.43300 18871.37450 18708.69000 19220.51700 19060.45850 18897.77400 19412.21750 19252.15900 19089.47450
19369.54900 19212.19700 19052.23300 19562.00050 19404.64850 19244.68450 19757.07450 19599.72250 19439.75850 19216.93950 19056.88100 18894.19650 19409.39100 19249.33250 19086.64800 19604.46500 19444.40650 19281.72200 19061.53100 18898.77100 18733.37150 19253.98250 19091.22250 18925.82300 19449.05650 19286.29650 19120.89700
19405.87800 19245.81950 19083.13500 19601.69200 19441.63350 19278.94900 19800.13250 19640.07400 19477.38950 19250.46950 19087.70950 18922.31000 19446.28350 19283.52350 19118.12400 19644.72400 19481.96400 19316.56450 19092.27100 18926.81350 18758.70400 19288.08500 19122.62750 18954.51800 19486.52550 19321.06800 19152.95850
19442.83200 19280.07200 19114.67250 19642.00300 19479.24300 19313.84350 19843.80400 19681.04400 19515.64450 19284.63350 19119.17600 18951.06650 19483.80450 19318.34700 19150.23750 19685.60550 19520.14800 19352.03850 19123.65150 18955.50100 18784.68800 19322.82250 19154.67200 18983.85900 19524.62350 19356.47300 19185.66000
19480.41200 19314.95450 19146.84500 19682.93450 19517.47700 19349.36750 19888.09050 19722.63300 19554.52350 19319.43000 19151.27950 18980.46650 19521.95250 19353.80200 19182.98900 19727.10850 19558.95800 19388.14500 19155.67300 18984.83450 18811.32350 19358.19550 19187.35700 19013.84600 19563.35150 19392.51300 19219.00200
19518.61800 19350.46750 19179.65450 19724.48600 19556.33550 19385.52250 19932.98900 19764.83850 19594.02550 19354.86100 19184.02250 19010.51150 19560.72900 19389.89050 19216.37950 19769.23200 19598.39350 19424.88250 19188.33650 19014.81550 18838.61250 19394.20450 19220.68350 19044.48050 19602.70750 19429.18650 19252.98350
19557.44950 19386.61100 19213.10000 19766.65650 19595.81800 19422.30700 19978.50100 19807.66250 19634.15150 19390.92500 19217.40400 19041.20100 19600.13200 19426.61100 19250.40800 19811.97650 19638.45550 19462.25250 19221.64050 19045.44300 18866.55450 19430.84750 19254.65000 19075.76150 19642.69200 19466.49450 19287.60600
19596.90600 19423.38500 19247.18200 19809.44650 19635.92550 19459.72250 20024.62450 19851.10350 19674.90050 19427.62150 19251.42400 19072.53550 19640.16200 19463.96450 19285.07600 19855.34000 19679.14250 19500.25400 19255.58600 19076.71700 18895.15050 19468.12650 19289.25750 19107.69100 19683.30450 19504.43550 19322.86900
19636.98750 19460.79000 19281.90150 19852.85400 19676.65650 19497.76800 20071.35900 19895.16150 19716.27300 19464.95200 19286.08300 19104.51650 19680.81850 19501.94950 19320.38300 19899.32350 19720.45450 19538.88800 19290.17400 19108.63900 18924.40100 19506.04050 19324.50550 19140.26750 19724.54550 19543.01050 19358.77250
19677.69450 19498.82550 19317.25900 19896.88000 19718.01100 19536.44450 20118.70500 19939.83600 19758.26950 19502.91650 19321.38150 19137.14350 19722.10200 19540.56700 19356.32900 19943.92700 19762.39200 19578.15400 19325.40300 19141.20950 18954.30650 19544.58850 19360.39500 19173.49200 19766.41350 19582.22000 19395.31700
19719.02600 19537.49100 19353.25300 19941.52400 19759.98900 19575.75100 20166.66100 19985.12600 19800.88800 19541.51250 19357.31900 19170.41600 19764.01050 19579.81700 19392.91400 19989.14750 19804.95400 19618.05100 19361.27300 19174.42750 18984.86750 19583.77100 19396.92550 19207.36550 19808.90800 19622.06250 19432.50250
19760.98100 19576.78750 19389.88450 19986.78500 19802.59150 19615.68850 20215.22500 20031.03150 19844.12850 19580.74150 19393.89600 19204.33600 19806.54550 19619.70000 19430.14000 20034.98550 19848.14000 19658.58000 19397.78550 19208.29350 19016.08400 19623.58950 19434.09750 19241.88800 19852.02950 19662.53750 19470.32800
19803.56100 19616.71550 19427.15550 20032.66250 19845.81700 19656.25700 20264.39850 20077.55300 19887.99300 19620.60500 19431.11300 19238.90350 19849.70650 19660.21450 19468.00500 20081.44250 19891.95050 19699.74100 19434.93950 19242.80900 19047.95800 19664.04100 19471.91050 19277.05950 19895.77700 19703.64650 19508.79550
19846.76600 19657.27400 19465.06450 20079.15700 19889.66500 19697.45550 20314.18100 20124.68900 19932.47950 19661.10050 19468.97000 19274.11900 19893.49150 19701.36100 19506.51000 20128.51550 19936.38500 19741.53400 19472.73600 19277.97450 19080.48950 19705.12700 19510.36550 19312.88050 19940.15100 19745.38950 19547.90450
19890.59350 19698.46300 19503.61200 20126.26650 19934.13600 19739.28500 20364.56900 20172.43850 19977.58750 19702.22900 19507.46750 19309.98250 19937.90200 19743.14050 19545.65550 20176.20450 19981.44300 19783.95800 19511.17450 19313.78900 19113.67850 19746.84750 19549.46200 19349.35150 19985.15000 19787.76450 19587.65400
19935.04500 19740.28350 19542.79850 20173.99150 19979.23000 19781.74500 20415.56550 20220.80400 20023.31900 19743.99050 19546.60500 19346.49450 19982.93700 19785.55150 19585.44100 20224.51100 20027.12550 19827.01500 19550.25450 19350.25300 19147.52550 19789.20100 19589.19950 19386.47200 20030.77500 19830.77350 19628.04600
19980.12050 19782.73500 19582.62450 20222.33200 20024.94650 19824.83600 20467.16800 20269.78250 20069.67200 19786.38450 19586.38300 19383.65550 20028.59600 19828.59450 19625.86700 20273.43200 20073.43050 19870.70300 19589.97700 19387.36800 19182.03150 19832.18850 19629.57950 19424.24300 20077.02450 19874.41550 19669.07900
20025.81850 19825.81700 19623.08950 20271.28700 20071.28550 19868.55800 20519.37600 20319.37450 20116.64700 19829.41100 19626.80200 19421.46550 20074.87950 19872.27050 19666.93400 20322.96850 20120.35950 19915.02300 19630.34200 19425.13350 19217.19650 19875.81050 19670.60200 19462.66500 20123.89950 19918.69100 19710.75400
20072.13950 19869.53050 19664.19400 20320.85650 20118.24750 19912.91100 20572.18900 20369.58000 20164.24350 19873.07050 19667.86200 19459.92500 20121.78750 19916.57900 19708.64200 20373.12000 20167.91150 19959.97450 19671.34950 19463.54900 19253.02150 19920.06650 19712.26600 19501.73850 20171.39900 19963.59850 19753.07100
20119.08350 19913.87500 19705.93800 20371.04000 20165.83150 19957.89450 20625.60700 20420.39850 20212.46150 19917.36250 19709.56200 19499.03450 20169.31900 19961.51850 19750.99100 20423.88600 20216.08550 20005.55800 19712.99900 19502.61600 19289.50650 19964.95550 19754.57250 19541.46300 20219.52250 20009.13950 19796.03000
20166.65100 19958.85050 19748.32300 20421.83700 20214.03650 20003.50900 20679.62950 20471.82900 20261.30150 19962.28750 19751.90450 19538.79500 20217.47350 20007.09050 19793.98100 20475.26600 20264.88300 20051.77350 19755.29200 19542.33500 19326.65250 20010.47800 19797.52100 19581.83850 20268.27050 20055.31350 19839.63100
20214.84000 20004.45700 19791.34750 20473.24700 20262.86400 20049.75450 20734.25500 20523.87200 20310.76250 20007.84450 19794.88750 19579.20500 20266.25150 20053.29450 19837.61200 20527.25950 20314.30250 20098.62000 19798.22700 19582.70500 19364.45950 20056.63400 19841.11200 19622.86650 20317.64200 20102.12000 19883.87450
20263.65150 20050.69450 19835.01200 20525.27000 20312.31300 20096.63050 20789.48350 20576.52650 20360.84400 20054.03400 19838.51200 19620.26650 20315.65250 20100.13050 19881.88500 20579.86600 20364.34400 20146.09850 19841.80550 19623.72750 19402.92850 20103.42400 19885.34600 19664.54700 20367.63750 20149.55950 19928.76050
20313.08500 20097.56300 19879.31750 20577.90550 20362.38350 20144.13800 20845.31450 20629.79250 20411.54700 20100.85650 19882.77850 19661.97950 20365.67700 20147.59900 19926.80000 20633.08600 20415.00800 20194.20900 19886.02600 19665.40150 19442.05950 20150.84650 19930.22200 19706.88000 20418.25550 20197.63100 19974.28900
20363.14100 20145.06300 19924.26400 20631.15350 20413.07550 20192.27650 20901.74800 20683.67000 20462.87100 20148.31050 19927.68600 19704.34400 20416.32300 20195.69850 19972.35650 20686.91750 20466.29300 20242.95100 19930.89000 19707.72900 19481.85300 20198.90250 19975.74150 19749.86550 20469.49700 20246.33600 20020.46000
20413.81800 20193.19350 19969.85150 20685.01200 20464.38750 20241.04550 20958.78200 20738.15750 20514.81550 20196.39750 19973.23650 19747.36050 20467.59150 20244.43050 20018.55450 20741.36150 20518.20050 20292.32450 19976.39700 19750.70850 19522.30950 20247.59100 20021.90250 19793.50350 20521.36100 20295.67250 20067.27350
20465.11700 20241.95600 20016.08000 20739.48250 20516.32150 20290.44550 21016.41750 20793.25650 20567.38050 20245.11650 20019.42800 19791.02900 20519.48200 20293.79350 20065.39450 20796.41700 20570.72850 20342.32950 20022.54750 19794.34200 19563.42950 20296.91300 20068.70750 19837.79500 20573.84800 20345.64250 20114.73000
20517.03700 20291.34850 20062.94950 20794.56350 20568.87500 20340.47600 21074.65200 20848.96350 20620.56450 20294.46800 20066.26250 19835.35000 20571.99450 20343.78900 20112.87650 20852.08300 20623.87750 20392.96500 20069.34100 19838.62850 19605.21400 20346.86750 20116.15500 19882.74050 20626.95600 20396.24350 20162.82900
20569.57800 20341.37250 20110.46000 20850.25600 20622.05050 20391.13800 21133.48800 20905.28250 20674.37000 20344.45100 20113.73850 19880.32400 20625.12900 20394.41650 20161.00200 20908.36100 20677.64850 20444.23400 20116.77750 19883.56850 19647.66200 20397.45550 20164.24650 19928.34000 20680.68750 20447.47850 20211.57200
20622.74050 20392.02800 20158.61350 20906.55850 20675.84600 20442.43150 21192.92200 20962.20950 20728.79500 20395.06700 20161.85800 19925.95150 20678.88500 20445.67600 20209.76950 20965.24850 20732.03950 20496.13300 20164.85850 19929.16300 19690.77600 20448.67650 20212.98100 19974.59400 20735.04000 20499.34450 20260.95750
20676.52300 20443.31400 20207.40750 20963.47000 20730.26100 20494.35450 21252.95500 21019.74600 20783.83950 20446.31450 20210.61900 19972.23200 20733.26150 20497.56600 20259.17900 21022.74650 20787.05100 20548.66400 20213.58200 19975.41150 19734.55400 20500.52900 20262.35850 20021.50100 20790.01400 20551.84350 20310.98600
20730.92700 20495.23150 20256.84450 21020.99200 20785.29650 20546.90950 21313.58650 21077.89100 20839.50400 20498.19450 20260.02400 20019.16650 20788.25950 20550.08900 20309.23150 21080.85400 20842.68350 20601.82600 20262.95000 20022.31550 19778.99950 20553.01500 20312.38050 20069.06450 20845.60950 20604.97500 20361.65900
20785.95050 20547.78000 20306.92250 21079.12200 20840.95150 20600.09400 21374.81500 21136.64450 20895.78700 20550.70600 20310.07150 20066.75550 20843.87750 20603.24300 20359.92700 21139.57050 20898.93600 20655.62000 20312.96150 20069.87300 19824.11000 20606.13300 20363.04450 20117.28150 20901.82600 20658.73750 20412.97450
20841.59400 20600.95950 20357.64350 21137.86100 20897.22650 20653.91050 21436.64100 21196.00650 20952.69050 20603.84950 20360.76100 20114.99800 20900.11650 20657.02800 20411.26500 21198.89650 20955.80800 20710.04500 20363.61650 20118.08600 19869.88700 20659.88350 20414.35300 20166.15400 20958.66350 20713.13300 20464.93400
20897.85800 20654.76950 20409.00650 21197.20900 20954.12050 20708.35750 21499.06400 21255.97550 21010.21250 20657.62500 20412.09450 20163.89550 20956.97600 20711.44550 20463.24650 21258.83100 21013.30050 20765.10150 20414.91600 20166.95400 19916.33150 20714.26700 20466.30500 20215.68250 21016.12200 20768.16000 20517.53750
20954.74150 20709.21100 20461.01200 21257.16500 21011.63450 20763.43550 21562.08300 21316.55250 21068.35350 20712.03250 20464.07050 20213.44800 21014.45600 20766.49400 20515.87150 21319.37400 21071.41200 20820.78950 20466.85950 20216.47800 19963.44350 20769.28300 20518.90150 20265.86700 21074.20100 20823.81950 20570.78500
21012.24450 20764.28250 20513.66000 21317.72900 21069.76700 20819.14450 21625.69750 21377.73550 21127.11300 20767.07150 20516.69000 20263.65550 21072.55600 20822.17450 20569.14000 21380.52450 21130.14300 20877.10850 20519.44600 20266.65750 20011.22250 20824.93050 20572.14200 20316.70700 21132.89900 20880.11050 20624.67550
21070.36750 20819.98600 20566.95150 21378.90000 21128.51850 20875.48400 21689.90700 21439.52550 21186.49100 20822.74200 20569.95350 20314.51850 21131.27450 20878.48600 20623.05100 21442.28150 21189.49300 20934.05800 20572.67800 20317.49350 20059.67100 20881.21050 20626.02600 20368.20350 21192.21750 20937.03300 20679.21050
21129.10850 20876.32000 20620.88500 21440.67700 21187.88850 20932.45350 21754.71050 21501.92200 21246.48700 20879.04450 20623.86000 20366.03750 21190.61300 20935.42850 20677.60600 21504.64650 21249.46200 20991.63950 20626.55350 20368.98550 20108.78800 20938.12200 20680.55400 20420.35650 21252.15550 20994.58750 20734.39000
21188.46950 20933.28500 20675.46250 21503.06200 21247.87750 20990.05500 21820.10850 21564.92400 21307.10150 20935.97850 20678.41050 20418.21300 21250.57100 20993.00300 20732.80550 21567.61750 21310.04950 21049.85200 20681.07400 20421.13450 20158.57400 20995.66650 20735.72700 20473.16650 21312.71300 21052.77350 20790.21300
21248.44850 20990.88050 20730.68300 21566.05250 21308.48450 21048.28700 21886.10050 21628.53250 21368.33500 20993.54400 20733.60450 20471.04400 21311.14800 21051.20850 20788.64800 21631.19600 21371.25650 21108.69600 20736.23900 20473.94050 20209.02950 21053.84300 20791.54450 20526.63350 21373.89100 21111.59250 20846.68150
21309.04650 21049.10700 20786.54650 21629.64950 21369.71000 21107.14950 21952.68500 21692.74550 21430.18500 21051.74150 20789.44300 20524.53200 21372.34450 21110.04600 20845.13500 21695.38000 21433.08150 21168.17050 20792.04850 20527.40350 20260.15500 21112.65150 20848.00650 20580.75800 21435.68700 21171.04200 20903.79350
21370.26350 21107.96500 20843.05400 21693.85250 21431.55400 21166.64300 22019.86250 21757.56400 21492.65300 21110.57050 20845.92550 20578.67700 21434.15950 21169.51450 20902.26600 21760.16950 21495.52450 21228.27600 20848.50250 20581.52400 20311.95150 21172.09150 20905.11300 20635.54050 21498.10150 21231.12300 20961.55050
21432.09800 21167.45300 20900.20450 21758.66000 21494.01500 21226.76650 22087.63200 21822.98700 21555.73850 21170.03000 20903.05150 20633.47900 21496.59200 21229.61350 20960.04100 21825.56400 21558.58550 21289.01300 20905.60150 20636.30200 20364.41800 21232.16350 20962.86400 20690.98000 21561.13550 21291.83600 21019.95200
21494.55050 21227.57200 20957.99950 21824.07200 21557.09350 21287.52100 22155.99200 21889.01350 21619.44100 21230.12200 20960.82250 20688.93850 21559.64350 21290.34400 21018.46000 21891.56350 21622.26400 21350.38000 20963.34500 20691.73800 20417.55600 21292.86650 21021.25950 20747.07750 21624.78650 21353.17950 21078.99750
21557.62100 21288.32150 21016.43750 21890.08950 21620.79000 21348.90600 22224.94450 21955.64500 21683.76100 21290.84400 21019.23700 20745.05500 21623.31250 21351.70550 21077.52350 21958.16750 21686.56050 21412.37850 21021.73400 20747.83200 20471.36550 21354.20250 21080.30050 20803.83400 21689.05750 21415.15550 21138.68900
21621.30900 21349.70200 21075.52000 21956.71000 21685.10300 21410.92100 22294.48650 22022.87950 21748.69750 21352.19900 21078.29700 20801.83050 21687.60000 21413.69800 21137.23150 22025.37650 21751.47450 21475.00800 21080.76800 20804.58500 20525.84750 21416.16900 21139.98600 20861.24850 21753.94550 21477.76250 21199.02500
21685.61500 21411.71300 21135.24650 22023.93550 21750.03350 21473.56700 22364.61950 22090.71750 21814.25100 21414.18400 21138.00100 20859.26350 21752.50450 21476.32150 21197.58400 22093.18850 21817.00550 21538.26800 21140.44700 20861.99650 20581.00150 21478.76750 21200.31700 20919.32200 21819.45150 21541.00100 21260.00600
21750.53800 21474.35500 21195.61750 22091.76400 21815.58100 21536.84350 22435.34100 22159.15800 21880.42050 21476.80100 21198.35050 20917.35550 21818.02700 21539.57650 21258.58150 22161.60400 21883.15350 21602.15850 21200.77150 20920.06650 20636.82950 21541.99750 21261.29250 20978.05550 21885.57450 21604.86950 21321.63250
21816.07750 21537.62700 21256.63200 22160.19550 21881.74500 21600.75000 22506.65200 22228.20150 21947.20650 21540.04800 21259.34300 20976.10600 21884.16600 21603.46100 21320.22400 22230.62250 21949.91750 21666.68050 21261.74100 20978.79600 20693.32900 21605.85900 21322.91400 21037.44700 21952.31550 21669.37050 21383.90350
21882.23450 21601.52950 21318.29250 22229.23000 21948.52500 21665.28800 22578.55150 22297.84650 22014.60950 21603.92750 21320.98250 21035.51550 21950.92300 21667.97800 21382.51100 22300.24450 22017.29950 21731.83250 21323.35600 21038.18550 20750.50350 21670.35150 21385.18100 21097.49900 22019.67300 21734.50250 21446.82050
21949.00800 21666.06300 21380.59600 22298.86750 22015.92250 21730.45550 22651.03950 22368.09450 22082.62750 21668.43650 21383.26600 21095.58400 22018.29600 21733.12550 21445.44350 22370.46800 22085.29750 21797.61550 21385.61700 21098.23300 20808.35150 21735.47650 21448.09250 21158.21100 22087.64850 21800.26450 21510.38300
22016.39800 21731.22750 21443.54550 22369.10600 22083.93550 21796.25350 22724.11400 22438.94350 22151.26150 21733.57850 21446.19450 21156.31300 22086.28650 21798.90250 21509.02100 22441.29450 22153.91050 21864.02900 21448.52300 21158.94250 20866.87450 21801.23100 21511.65050 21219.58250 22156.23900 21866.65850 21574.59050
22084.40450 21797.02050 21507.13900 22439.94750 22152.56350 21862.68200 22797.77700 22510.39300 22220.51150 21799.34900 21509.76850 21217.70050 22154.89200 21865.31150 21573.24350 22512.72150 22223.14100 21931.07300 21512.07500 21220.31100 20926.07150 21867.61800 21575.85400 21281.61450 22225.44750 21933.68350 21639.44400
22153.02600 21863.44550 21571.37750 22511.38850 22221.80800 21929.74000 22872.02500 22582.44450 22290.37650 21865.75200 21573.98800 21279.74850 22224.11450 21932.35050 21638.11100 22584.75100 22292.98700 21998.74750 21576.27250 21282.34050 20985.94500 21934.63500 21640.70300 21344.30750 22295.27150 22001.33950 21704.94400
22222.26450 21930.50050 21636.26100 22583.43250 22291.66850 21997.42900 22946.85950 22655.09550 22360.85600 21932.78500 21638.85300 21342.45750 22293.95300 22000.02100 21703.62550 22657.38000 22363.44800 22067.05250 21641.11600 21345.02950 21046.49300 22002.28400 21706.19750 21407.66100 22365.71100 22069.62450 21771.08800
22292.11800 21998.18600 21701.79050 22656.07600 22362.14400 22065.74850 23022.27950 22728.34750 22431.95200 22000.44900 21704.36250 21405.82600 22364.40700 22068.32050 21769.78400 22730.61050 22434.52400 22135.98750 21706.60600 21408.38050 21107.71750 22070.56400 21772.33850 21471.67550 22436.76750 22138.54200 21837.87900
22362.58700 22066.50050 21767.96400 22729.32000 22433.23350 22134.69700 23098.28450 22802.19800 22503.66150 22068.74400 21770.51850 21469.85550 22435.47700 22137.25150 21836.58850 22804.44150 22506.21600 22205.55300 21772.74150 21472.39250 21169.61800 22139.47450 21839.12550 21536.35100 22508.43900 22208.09000 21905.31550
22433.67200 22135.44650 21834.78350 22803.16500 22504.93950 22204.27650 23174.87550 22876.65000 22575.98700 22137.66950 21837.32050 21534.54600 22507.16250 22206.81350 21904.03900 22878.87300 22578.52400 22275.74950 21839.52300 21537.06550 21232.19650 22209.01600 21906.55850 21601.68950 22580.72650 22278.26900 21973.40000
22505.37200 22205.02300 21902.24850 22877.60850 22577.25950 22274.48500 23252.04900 22951.70000 22648.92550 22207.22550 21904.76800 21599.89900 22579.46200 22277.00450 21972.13550 22953.90250 22651.44500 22346.57600 21906.95150 21602.40050 21295.45150 22279.18800 21974.63700 21667.68800 22653.62850 22349.07750 22042.12850
22577.68600 22275.22850 21970.35950 22952.65150 22650.19400 22345.32500 23329.80600 23027.34850 22722.47950 22277.41200 21972.86100 21665.91200 22652.37750 22347.82650 22040.87750 23029.53200 22724.98100 22418.03200 21975.02550 21668.39700 21359.38400 22349.99100 22043.36250 21734.34950 22727.14550 22420.51700 22111.50400
22650.61550 22346.06450 22039.11550 23028.29400 22723.74300 22416.79400 23408.14650 23103.59550 22796.64650 22348.22900 22041.60050 21732.58750 22725.90750 22419.27900 22110.26600 23105.76000 22799.13150 22490.11850 22043.74650 21735.05600 21423.99450 22421.42500 22112.73450 21801.67300 22801.27750 22492.58700 22181.52550
22724.15900 22417.53050 22108.51750 23104.53450 22797.90600 22488.89300 23487.06950 23180.44100 22871.42800 22419.67650 22110.98600 21799.92450 22800.05200 22491.36150 22180.30000 23182.58700 22873.89650 22562.83500 22113.11350 21802.37700 21489.28350 22493.48900 22182.75250 21869.65900 22876.02400 22565.28750 22252.19400
22798.31750 22489.62700 22178.56550 23181.37400 22872.68350 22561.62200 23566.57500 23257.88450 22946.82300 22491.75450 22181.01800 21867.92450 22874.81100 22564.07450 22250.98100 23260.01200 22949.27550 22636.18200 22183.12800 21870.36100 21555.25200 22566.18450 22253.41750 21938.30850 22951.38550 22638.61850 22323.50950
22873.08900 22562.35250 22249.25900 23258.81050 22948.07400 22634.98050 23646.66100 23335.92450 23022.83100 22564.46250 22251.69550 21936.58650 22950.18400 22637.41700 22322.30800 23338.03450 23025.26750 22710.15850 22253.78800 21939.00700 21621.89850 22639.50950 22324.72850 22007.62000 23027.36000 22712.57900 22395.47050
22948.47550 22635.70850 22320.59950 23336.84550 23024.07850 22708.96950 23727.32950 23414.56250 23099.45350 22637.80100 22323.02000 22005.91150 23026.17100 22711.39000 22394.28150 23416.65500 23101.87400 22784.76550 22325.09500 22008.31700 21689.22450 22713.46500 22396.68700 22077.59450 23103.94900 22787.17100 22468.07850
23024.47500 22709.69400 22392.58550 23415.47750 23100.69650 22783.58800 23808.57750 23493.79650 23176.68800 22711.76900 22394.99100 22075.89850 23102.77150 22785.99350 22466.90100 23495.87150 23179.09350 22860.00100 22397.04900 22078.29000 21757.23150 22788.05150 22469.29250 22148.23400 23181.15150 22862.39250 22541.33400
23101.08800 22784.31000 22465.21750 23494.70550 23177.92750 22858.83500 23890.40550 23573.62750 23254.53500 22786.36800 22467.60900 22146.55050 23179.98550 22861.22650 22540.16800 23575.68550 23256.92650 22935.86800 22469.65050 22148.92650 21825.91800 22863.26800 22542.54400 22219.53550 23258.96800 22938.24400 22615.23550
23178.31450 22859.55550 22538.49700 23574.53100 23255.77200 22934.71350 23972.81350 23654.05450 23332.99600 22861.59700 22540.87300 22217.86450 23257.81350 22937.08950 22614.08100 23656.09600 23335.37200 23012.36350 22542.89800 22220.22650 21895.28550 22939.11450 22616.44300 22291.50200 23337.39700 23014.72550 22689.78450
23256.15400 22935.43000 22612.42150 23654.95200 23334.22800 23011.21950 24055.80050 23735.07650 23412.06800 22937.45500 22614.78350 22289.84250 23336.25300 23013.58150 22688.64050 23737.10150 23414.43000 23089.48900 22616.79300 22292.19050 21965.33400 23015.59100 22690.98850 22364.13200 23416.43950 23091.83700 22764.98050
23334.60600 23011.93450 22686.99350 23735.96900 23413.29750 23088.35650 24139.36550 23816.69400 23491.75300 23013.94400 22689.34150 22362.48500 23415.30700 23090.70450 22763.84800 23818.70350 23494.10100 23167.24450 22691.33500 22364.81850 22036.06400 23092.69800 22766.18150 22437.42700 23496.09450 23169.57800 22840.82350
23413.67150 23089.06900 22762.21250 23817.58150 23492.97900 23166.12250 24223.50950 23898.90700 23572.05050 23091.06250 22764.54600 22435.79150 23494.97250 23168.45600 22839.70150 23900.90050 23574.38400 23245.62950 22766.52500 22438.11150 22107.47600 23170.43500 22842.02150 22511.38600 23576.36300 23247.94950 22917.31400
23493.34850 23166.83200 22838.07750 23899.78900 23573.27250 23244.51800 24308.23050 23981.71400 23652.95950 23168.81100 22840.39750 22509.76200 23575.25150 23246.83800 22916.20250 23983.69300 23655.27950 23324.64400 22842.36200 22512.06900 22179.57000 23248.80250 22918.50950 22586.01050 23657.24400 23326.95100 22994.45200
23573.63850 23245.22500 22914.58950 23982.59200 23654.17850 23323.54300 24393.52900 24065.11550 23734.48000 23247.18950 22916.89650 22584.39750 23656.14300 23325.85000 22993.35100 24067.08000 23736.78700 23404.28800 22918.84600 22586.69150 22252.34650 23327.79950 22995.64500 22661.30000 23738.73650 23406.58200 23072.23700
23654.54100 23324.24800 22991.74900 24065.98900 23735.69600 23403.19700 24479.40450 24149.11150 23816.61250 23326.19750 22994.04300 22659.69800 23737.64550 23405.49100 23071.14600 24151.06100 23818.90650 23484.56150 22995.97750 22661.97900 22325.80650 23407.42550 23073.42700 22737.25450 23820.84100 23486.84250 23150.67000
23736.05450 23403.90000 23069.55500 24149.98000 23817.82550 23483.48050 24565.85550 24233.70100 23899.35600 23405.83450 23071.83600 22735.66350 23819.76000 23485.76150 23149.58900 24235.63550 23901.63700 23565.46450 23073.75700 22737.93200 22399.94950 23487.68250 23151.85750 22813.87500 23903.55800 23567.73300 23229.75050
23818.18000 23484.18150 23148.00900 24234.56450 23900.56600 23564.39350 24652.88150 24318.88300 23982.71050 23486.10250 23150.27750 22812.29500 23902.48700 23566.66200 23228.67950 24320.80400 23984.97900 23646.99650 23152.18450 22814.55100 22474.77650 23568.56900 23230.93550 22891.16100 23986.88600 23649.25250 23309.47800
23900.91700 23565.09200 23227.10950 24319.74250 23983.91750 23645.93500 24740.48350 24404.65850 24066.67600 23566.99900 23229.36550 22889.59100 23985.82450 23648.19100 23308.41650 24406.56550 24068.93200 23729.15750 23231.25850 22891.83500 22550.28700 23650.08400 23310.66050 22969.11250 24070.82500 23731.40150 23389.85350
23984.26500 23646.63150 23306.85700 24405.51350 24067.88000 23728.10550 24828.66000 24491.02650 24151.25200 23648.52450 23309.10100 22967.55300 24069.77300 23730.34950 23388.80150 24492.91950 24153.49600 23811.94800 23310.98100 22969.78500 22626.48200 23732.22950 23391.03350 23047.73050 24155.37600 23814.18000 23470.87700
24068.22400 23728.80050 23387.25250 24491.87700 24152.45350 23810.90550 24917.41000 24577.98650 24236.43850 23730.68050 23389.48450 23046.18150 24154.33350 23813.13750 23469.83450 24579.86650 24238.67050 23895.36750 23391.35150 23048.40250 22703.36250 23815.00450 23472.05550 23127.01550 24240.53750 23897.58850 23552.54850
24152.79400 23811.59800 23468.29500 24578.83300 24237.63700 23894.33400 25006.73400 24665.53800 24322.23500 23813.46500 23470.51600 23125.47600 24239.50400 23896.55500 23551.51500 24667.40500 24324.45600 23979.41600 23472.37000 23127.68550 22780.92800 23898.40900 23553.72450 23206.96700 24326.31000 23981.62550 23634.86800
24237.97450 23895.02550 23549.98550 24666.38100 24323.43200 23978.39200 25096.63100 24753.68200 24408.64200 23896.87950 23552.19500 23205.43750 24325.28600 23980.60150 23633.84400 24755.53600 24410.85150 24064.09400 23554.03650 23207.63500 22859.17850 23982.44300 23636.04150 23287.58500 24412.69300 24066.29150 23717.83500
24323.76600 23979.08150 23632.32400 24754.52050 24409.83600 24063.07850 25187.10100 24842.41650 24495.65900 23980.92300 23634.52150 23286.06500 24411.67750 24065.27600 23716.81950 24844.25800 24497.85650 24149.40000 23636.35100 23288.25200 22938.11550 24067.10550 23719.00650 23368.87000 24499.68600 24151.58700 23801.45050
24410.16750 24063.76600 23715.30950 24843.25150 24496.85000 24148.39350 25278.14300 24931.74150 24583.28500 24065.59550 23717.49650 23367.36000 24498.67950 24150.58050 23800.44400 24933.57100 24585.47200 24235.33550 23719.31400 23369.53650 23017.73900 24152.39800 23802.62050 23450.82300 24587.28950 24237.51200 23885.71450
24497.17850 24149.07950 23798.94300 24932.57300 24584.47400 24234.33750 25369.75600 25021.65700 24671.52050 24150.89700 23801.11950 23449.32200 24586.29150 24236.51400 23884.71650 25023.47450 24673.69700 24321.89950 23802.92500 23451.48800 23098.04900 24238.31950 23886.88250 23533.44350 24675.50250 24324.06550 23970.62650
24584.79950 24235.02200 23883.22450 25022.48550 24672.70800 24320.91050 25461.94100 25112.16350 24760.36600 24236.82750 23885.39050 23531.95150 24674.51350 24323.07650 23969.63750 25113.96900 24762.53200 24409.09300 23887.18450 23534.10700 23179.04600 24324.87050 23971.79300 23616.73200 24764.32600 24411.24850 24056.18750
24673.03050 24321.59350 23968.15450 25112.98750 24761.55050 24408.11150 25554.69550 25203.25850 24849.81950 24323.38750 23970.31000 23615.24900 24763.34450 24410.26700 24055.20600 25205.05250 24851.97500 24496.91400 23972.09250 23617.39400 23260.73050 24412.04950 24057.35100 23700.68750 24853.75750 24499.05900 24142.39550
24761.87050 24408.79300 24053.73200 25204.08050 24851.00300 24495.94200 25648.02100 25294.94350 24939.88250 24410.57550 24055.87700 23699.21350 24852.78550 24498.08700 24141.42350 25296.72600 24942.02750 24585.36400 24057.64850 23701.34850 23343.10200 24499.85850 24143.55850 23785.31200 24943.79900 24587.49900 24229.25250
24851.32000 24496.62150 24139.95800 25295.76200 24941.06350 24584.40000 25741.91600 25387.21750 25030.55400 24498.39300 24142.09300 23783.84650 24942.83500 24586.53500 24228.28850 25388.98900 25032.68900 24674.44250 24143.85400 23785.97250 23426.16300 24588.29600 24230.41450 23870.60500 25034.45000 24676.56850 24316.75900
24941.37800 24585.07800 24226.83150 25388.03250 25031.73250 24673.48600 25836.37950 25480.07950 25121.83300 24586.83900 24228.95750 23869.14800 25033.49350 24675.61200 24315.80250 25481.84050 25123.95900 24764.14950 24230.70700 23871.26450 23509.91150 24677.36150 24317.91900 23956.56600 25125.70850 24766.26600 24404.91300
25032.04500 24674.16350 24314.35400 25480.89200 25123.01050 24763.20100 25931.41250 25573.53100 25213.72150 24675.91300 24316.47050 23955.11750 25124.76000 24765.31750 24403.96450 25575.28050 25215.83800 24854.48500 24318.20950 23957.22450 23594.34950 24767.05650 24406.07150 24043.19650 25217.57700 24856.59200 24493.71700
25123.32000 24763.87750 24402.52450 25574.33950 25214.89700 24853.54400 26027.01300 25667.57050 25306.21750 24765.61650 24404.63150 24041.75650 25216.63600 24855.65100 24492.77600 25669.30950 25308.32450 24945.44950 24406.36050 24043.85450 23679.47700 24857.38000 24494.87400 24130.49650 25310.05350 24947.54750 24583.17000
25215.20400 24854.21900 24491.34400 25668.37550 25307.39050 24944.51550 26123.18150 25762.19650 25399.32150 24855.94800 24493.44200 24129.06450 25309.11950 24946.61350 24582.23600 25763.92550 25401.41950 25037.04200 24495.16050 24131.15300 23765.29350 24948.33200 24584.32450 24218.46500 25403.13800 25039.13050 24673.27100
25307.69600 24945.19000 24580.81250 25762.99950 25400.49350 25036.11600 26219.91650 25857.41050 25493.03300 24946.90850 24582.90100 24217.04150 25402.21200 25038.20450 24672.34500 25859.12900 25495.12150 25129.26200 24584.60950 24219.12100 23851.80000 25039.91300 24674.42450 24307.10350 25496.83000 25131.34150 24764.02050
25400.79550 25036.78800 24670.92850 25858.21000 25494.20250 25128.34300 26317.21850 25953.21100 25587.35150 25038.49650 24673.00800 24305.68700 25495.91100 25130.42250 24763.10150 25954.91950 25589.43100 25222.11000 24674.70750 24307.75850 23938.99700 25132.12200 24765.17300 24396.41150 25591.13050 25224.18150 24855.42000
25494.50300 25129.01450 24761.69350 25954.00800 25588.51950 25221.19850 26415.08650 26049.59800 25682.27700 25130.71400 24763.76500 24395.00350 25590.21900 25223.27000 24854.50850 26051.29750 25684.34850 25315.58700 24765.45500 24397.06650 24026.88500 25224.96000 24856.57150 24486.39000 25686.03850 25317.65000 24947.46850
25588.81850 25221.86950 24853.10800 26050.39300 25683.44400 25314.68250 26513.52000 26146.57100 25777.80950 25223.55950 24855.17100 24484.98950 25685.13400 25316.74550 24946.56400 26148.26100 25779.87250 25409.69100 24856.85150 24487.04350 24115.46400 25318.42600 24948.61800 24577.03850 25781.55300 25411.74500 25040.16550
25683.74100 25315.35250 24945.17100 26147.36400 25778.97550 25408.79400 26612.51950 26244.13100 25873.94950 25317.03300 24947.22500 24575.64550 25780.65600 25410.84800 25039.26850 26245.81150 25876.00350 25504.42400 24948.89700 24577.69150 24204.73450 25412.52000 25041.31450 24668.35750 25877.67550 25506.47000 25133.51300
25779.27000 25409.46200 25037.88250 26244.92050 25875.11250 25503.53300 26712.08250 26342.27450 25970.69500 25411.13400 25039.92850 24666.97150 25876.78450 25505.57900 25132.62200 26343.94650 25972.74100 25599.78400 25041.59150 24669.00950 24294.69600 25507.24200 25134.66000 24760.34650 25974.40400 25601.82200 25227.50850
25875.40650 25504.20100 25131.24400 26343.06300 25971.85750 25598.90050 26812.21000 26441.00450 26068.04750 25505.86400 25133.28200 24758.96850 25973.52050 25600.93850 25226.62500 26442.66750 26070.08550 25695.77200 25134.93600 24760.99900 24385.35050 25602.59250 25228.65550 24853.00700 26071.73950 25697.80250 25322.15400
25972.14900 25599.56700 25225.25350 26441.79050 26069.20850 25694.89500 26912.90100 26540.31900 26166.00550 25601.22100 25227.28400 24851.63550 26070.86250 25696.92550 25321.27700 26541.97300 26168.03600 25792.38750 25228.92900 24853.65850 24476.69700 25698.57050 25323.30000 24946.33850 26169.68100 25794.41050 25417.44900
26069.49800 25695.56100 25319.91250 26541.10250 26167.16550 25791.51700 27014.15500 26640.21800 26264.56950 25697.20600 25321.93550 24944.97400 26168.81050 25793.54000 25416.57850 26641.86300 26266.59250 25889.63100 25323.57250 24946.98950 24568.73700 25795.17700 25418.59400 25040.34150 26268.22950 25891.64650 25513.39400
26167.45300 25792.18250 25415.22100 26640.99850 26265.72800 25888.76650 27115.97100 26740.70050 26363.73900 25793.81950 25417.23650 25038.98400 26267.36500 25890.78200 25512.52950 26742.33750 26365.75450 25987.50200 25418.86500 25040.99200 24661.47000 25892.41050 25514.53750 25135.01550 26367.38300 25989.51000 25609.98800
26266.01450 25889.43150 25511.17900 26741.47950 26364.89650 25986.64400 27218.35000 26841.76700 26463.51450 25891.06000 25513.18700 25133.66500 26366.52500 25988.65200 25609.13000 26843.39550 26465.52250 26086.00050 25514.80750 25135.66600 24754.89600 25990.27250 25611.13100 25230.36100 26467.14300 26088.00150 25707.23150
26365.18200 25987.30900 25607.78700 26842.54400 26464.67100 26085.14900 27321.29000 26943.41700 26563.89500 25988.92950 25609.78800 25229.01800 26466.29150 26087.15000 25706.38000 26945.03750 26565.89600 26185.12600 25611.40050 25231.01200 24849.01750 26088.76250 25708.37400 25326.37950 26567.50850 26187.12000 25805.12550
26464.95450 26085.81300 25705.04300 26944.19200 26565.05050 26184.28050 27424.79100 27045.64950 26664.87950 26087.42550 25707.03700 25325.04250 26566.66300 26186.27450 25804.28000 27047.26200 26666.87350 26284.87900 25708.64250 25327.02950 24943.83150 26187.88000 25806.26700 25423.06900 26668.47900 26286.86600 25903.66800
26565.33250 26184.94400 25802.94950 27046.42300 26666.03450 26284.04000 27528.85350 27148.46500 26766.47050 26186.54950 25804.93650 25421.73850 26667.64000 26286.02700 25902.82900 27150.07050 26768.45750 26385.25950 25806.53400 25423.71900 25039.34100 26287.62450 25904.80950 25520.43150 26770.05500 26387.24000 26002.86200
26666.31600 26284.70300 25901.50500 27149.23650 26767.62350 26384.42550 27633.47550 27251.86250 26868.66450 26286.30050 25903.48550 25519.10750 26769.22100 26386.40600 26002.02800 27253.46000 26870.64500 26486.26700 25905.07650 25521.08150 25135.54550 26387.99700 26004.00200 25618.46600 26872.23600 26488.24100 26102.70500
26767.90350 26385.08850 26000.71050 27252.63250 26869.81750 26485.43950 27738.65650 27355.84150 26971.46350 26386.67950 26002.68450 25617.14850 26871.40850 26487.41350 26101.87750 27357.43250 26973.43750 26587.90150 26004.26750 25619.11600 25232.44550 26488.99650 26103.84500 25717.17450 26975.02050 26589.86900 26203.19850
26870.09650 26486.10150 26100.56550 27356.61100 26972.61600 26587.08000 27844.39750 27460.40250 27074.86650 26487.68450 26102.53300 25715.86250 26974.19900 26589.04750 26202.37700 27461.98550 27076.83400 26690.16350 26104.10950 25717.82350 25330.04050 26590.62400 26204.33800 25816.55500 27078.41050 26692.12450 26304.34150
26972.89300 26587.74150 26201.07100 27461.16950 27076.01800 26689.34750 27950.69550 27565.54400 27178.87350 26589.31800 26203.03200 25815.24900 27077.59450 26691.30850 26303.52550 27567.12050 27180.83450 26793.05150 26204.60150 25817.20450 25428.33250 26692.87800 26305.48100 25916.60900 27182.40400 26795.00700 26406.13500
27076.29500 26690.00900 26302.22600 27566.31050 27180.02450 26792.24150 28057.55300 27671.26700 27283.48400 26691.57850 26304.18150 25915.30950 27181.59400 26794.19700 26405.32500 27672.83650 27285.43950 26896.56750 26305.74400 25917.25850 25527.32100 26795.75950 26407.27400 26017.33650 27287.00200 26898.51650 26508.57900
27180.30000 26792.90300 26404.03100 27672.03150 27284.63450 26895.76250 28164.96750 27777.57050 27388.69850 26794.46550 26405.98000 26016.04250 27286.19700 26897.71150 26507.77400 27779.13300 27390.64750 27000.71000 26407.53650 26017.98550 25627.00550 26899.26800 26509.71700 26118.73700 27392.20400 27002.65300 26611.67300
27284.90900 26896.42350 26506.48600 27778.33350 27389.84800 26999.91050 28272.93900 27884.45350 27494.51600 26897.98000 26508.42900 26117.44900 27391.40450 27001.85350 26610.87350 27886.01000 27496.45900 27105.47900 26509.97900 26119.38650 25727.38700 27003.40350 26612.81100 26220.81150 27498.00900 27107.41650 26715.41700
27390.12200 27000.57100 26609.59100 27885.21550 27495.66450 27104.68450 28381.46700 27991.91600 27600.93600 27002.12100 26611.52850 26219.52900 27497.21450 27106.62200 26714.62250 27993.46600 27602.87350 27210.87400 26613.07200 26221.46150 25828.46650 27108.16550 26716.55500 26323.56000 27604.41700 27212.80650 26819.81150
27495.93800 27105.34550 26713.34600 27992.67700 27602.08450 27210.08500 28490.55050 28099.95800 27707.95850 27106.88900 26715.27850 26322.28350 27603.62800 27212.01750 26819.02250 28101.50150 27709.89100 27316.89600 26716.81600 26324.21100 25930.24450 27213.55500 26820.95000 26426.98350 27711.42850 27318.82350 26924.85700
27602.35700 27210.74650 26817.75150 28100.71800 27709.10750 27316.11250 28600.19000 28208.57950 27815.58450 27212.28400 26819.67900 26425.71250 27710.64500 27318.04000 26924.07350 28210.11700 27817.51200 27423.54550 26821.21000 26427.63400 26032.72000 27319.57100 26925.99500 26531.08100 27819.04300 27425.46700 27030.55300
27709.37900 27316.77400 26922.80750 28209.33750 27816.73250 27422.76600 28710.38450 28317.77950 27923.81300 27318.30500 26924.72900 26529.81500 27818.26350 27424.68750 27029.77350 28319.31050 27925.73450 27530.82050 26926.25500 26531.73150 26135.89350 27426.21350 27031.69000 26635.85200 27927.26050 27532.73700 27136.89900
27817.00350 27423.42750 27028.51350 28318.53650 27924.96050 27530.04650 28821.13300 28427.55700 28032.64300 27424.95350 27030.43000 26634.59200 27926.48650 27531.96300 27136.12500 28429.08300 28034.55950 27638.72150        nan        nan        nan        nan        nan        nan        nan        nan        nan
