       nan        nan        nan        nan        nan        nan        nan        nan        nan  268.31604        nan        nan        nan        nan        nan        nan        nan        nan  268.33771  268.64872        nan        nan        nan        nan        nan        nan        nan
 268.29396        nan        nan  268.04288        nan        nan        nan        nan        nan  268.31562  268.62658        nan  268.06451  268.37488        nan        nan        nan        nan  268.35900  268.67283  268.93124  268.10780  268.42104  268.67897        nan        nan        nan
 268.27139  268.58224        nan  268.01663  268.32689        nan  267.80689  268.11667        nan  268.31475  268.62847  268.88681  268.05991  268.37304  268.63088  267.85010  268.16274  268.42018  268.37988  268.69793  268.96381  268.12492  268.44236  268.70774  267.91500  268.23195  268.49691
 268.24826  268.56183  268.82004  267.98795  268.30091  268.55861  267.76863  268.08108  268.33836  268.31336  268.63125  268.89700  268.05292  268.37019  268.63543  267.83349  268.15025  268.41505  268.40033  268.72399  268.99944  268.13972  268.46275  268.73766  267.92015  268.24266  268.51711
 268.22447  268.54215  268.80772  267.95675  268.27380  268.53884  267.72541  268.04191  268.30649  268.31138  268.63483  268.91009  268.04349  268.36629  268.64101  267.81199  268.13424  268.40848  268.42026  268.75093  269.03780  268.15215  268.48216  268.76846  267.92047  268.24991  268.53571
 268.19990  268.52308  268.79812  267.92301  268.24552  268.51999  267.67762  267.99954  268.27350  268.30869  268.63909  268.92572  268.03158  268.36129  268.64732  267.78599  268.11510  268.40061  268.43962  268.77863  269.07851  268.16223  268.50054  268.79980  267.91640  268.25409  268.55280
 268.17445  268.50452  268.79086  267.88670  268.21605  268.50178  267.62566  267.95437  268.23954  268.30524  268.64392  268.94350  268.01721  268.35516  268.65409  267.75592  268.09320  268.39155  268.45830  268.80696  269.12121  268.16994  268.51785  268.83143  267.90835  268.25558  268.56854
 268.14804  268.48632  268.78554  267.84789  268.18541  268.48397  267.56993  267.90675  268.20468  268.30092  268.64916  268.96305  268.00043  268.34790  268.66108  267.72215  268.06889  268.38142  268.47623  268.83576  269.16553  268.17535  268.53407  268.86311  267.89670  268.25468  268.58303
 268.12059  268.46837  268.78183  267.80667  268.15364  268.46637  267.51076  267.85696  268.16899  268.29566  268.65471  268.98404  267.98134  268.33954  268.66810  267.68504  268.04245  268.37028  268.49333  268.86487  269.21115  268.17854  268.54921  268.89467  267.88180  268.25165  268.59635
 268.09205  268.45055  268.77938  267.76315  268.12076  268.44879  267.44848  267.80526  268.13251  268.28942  268.66040  269.00614  267.96003  268.33010  268.67499  267.64490  268.01410  268.35818  268.50955  268.89416  269.25774  268.17962  268.56328  268.92597  267.86397  268.24673  268.60857
 268.06239  268.43274  268.77790  267.71743  268.08683  268.43110  267.38337  267.75185  268.09526  268.28215  268.66611  269.02908  267.93662  268.31959  268.68162  267.60202  267.98403  268.34515  268.52483  268.92348  269.30506  268.17868  268.57630  268.95689  267.84347  268.24010  268.61973
 268.03159  268.41483  268.77712  267.66966  268.05187  268.41318  267.31569  267.69689  268.05724  268.27382  268.67172  269.05259  267.91124  268.30806  268.68789  267.55663  267.95240  268.33123  268.53914  268.95270  269.35285  268.17584  268.58828  268.98735  267.82053  268.23187  268.62988
 267.99965  268.39674  268.77682  267.61996  268.01592  268.39493  267.24566  267.64052  268.01846  268.26443  268.67714  269.07647  267.88399  268.29553  268.69372  267.50895  267.91934  268.31642  268.55246  268.98171  269.40094  268.17121  268.59923  269.01727  267.79537  268.22219  268.63906
 267.96657  268.37836  268.77680  267.56845  267.97902  268.37627  267.17348  267.58283  267.97892  268.25396  268.68226  269.10055  267.85499  268.28201  268.69906  267.45917  267.88493  268.30074  268.56477  269.01041  269.44914  268.16487  268.60919  269.04660  267.76814  268.21114  268.64726
 267.93237  268.35964  268.77693  267.51524  267.94117  268.35716  267.09932  267.52393  267.93862  268.24243  268.68701  269.12468  267.82434  268.26752  268.70383  267.40745  267.84926  268.28420  268.57607  269.03874  269.49733  268.15693  268.61816  269.07531  267.73901  268.19880  268.65453
 267.89706  268.34049  268.77703  267.46043  267.90241  268.33753  267.02334  267.46388  267.89757  268.22983  268.69131  269.14871  267.79212  268.25210  268.70800  267.35394  267.81241  268.26682  268.58634  269.06660  269.54536  268.14747  268.62616  269.10335  267.70813  268.18525  268.66088
 267.86066  268.32087  268.77701  267.40412  267.86276  268.31734  266.94566  267.40273  267.85575  268.21619  268.69512  269.17256  267.75844  268.23574  268.71154  267.29876  267.77442  268.24859  268.59560  269.09394  269.59316  268.13656  268.63319  269.13070  267.67558  268.17051  268.66631
 267.82321  268.30074  268.77678  267.34640  267.82223  268.29657  266.86642  267.34054  267.81317  268.20151  268.69839  269.19614  267.72335  268.21846  268.71443  267.24202  267.73535  268.22953  268.60386  269.12073  269.64063  268.12427  268.63929  269.15734  267.64149  268.15466  268.67084
 267.78471  268.28005  268.77625  267.28734  267.78083  268.27518  266.78572  267.27736  267.76986  268.18581  268.70107  269.21936  267.68694  268.20029  268.71664  267.18383  267.69524  268.20965  268.61111  269.14691  269.68772  268.11066  268.64446  269.18325  267.60596  268.13774  268.67450
 267.74521  268.25878  268.77536  267.22701  267.73860  268.25317  266.70366  267.21324  267.72579  268.16912  268.70315  269.24217  267.64928  268.18124  268.71817  267.12427  267.65414  268.18896  268.61739  269.17245  269.73434  268.09581  268.64872  269.20842  267.56905  268.11978  268.67729
 267.70473  268.23690  268.77406  267.16549  267.69553  268.23051  266.62032  267.14819  267.68099  268.15144  268.70458  269.26452  267.61041  268.16132  268.71899  267.06342  267.61207  268.16746  268.62269  269.19733  269.78048  268.07976  268.65207  269.23286  267.53085  268.10082  268.67922
 267.66328  268.21440  268.77230  267.10284  267.65165  268.20721  266.53578  267.08226  267.63546  268.13281  268.70535  269.28637  267.57041  268.14055  268.71912  267.00136  267.56908  268.14518  268.62704  269.22153  269.82607  268.06256  268.65455  269.25654  267.49142  268.08089  268.68031
 267.62090  268.19126  268.77005  267.03910  267.60698  268.18325  266.45012  267.01550  267.58922  268.11324  268.70546  269.30768  267.52931  268.11894  268.71853  266.93816  267.52519  268.12213  268.63045  269.24503  269.87109  268.04426  268.65616  269.27948  267.45084  268.06003  268.68059
 267.57763  268.16748  268.76729  266.97435  267.56154  268.15864  266.36341  266.94791  267.54227  268.09277  268.70489  269.32844  267.48717  268.09652  268.71724  266.87388  267.48044  268.09831  268.63294  269.26783  269.91552  268.02490  268.65692  269.30167  267.40914  268.03826  268.68004
 267.53348  268.14305  268.76399  266.90862  267.51534  268.13337  266.27570  266.87954  267.49464  268.07140  268.70364  269.34861  267.44402  268.07330  268.71526  266.80857  267.43486  268.07375  268.63453  269.28993  269.95935  268.00452  268.65684  269.32312  267.36640  268.01562  268.67871
 267.48848  268.11797  268.76013  266.84195  267.46840  268.10745  266.18705  266.81043  267.44634  268.04916  268.70170  269.36820  267.39993  268.04931  268.71257  266.74229  267.38848  268.04847  268.63524  269.31131  270.00255  267.98317  268.65596  269.34383  267.32266  267.99213  268.67661
 267.44266  268.09225  268.75572  266.77441  267.42075  268.08090  266.09753  266.74059  267.39739  268.02609  268.69909  269.38719  267.35492  268.02455  268.70919  266.67510  267.34133  268.02247  268.63509  269.33198  270.04512  267.96087  268.65426  269.36381  267.27797  267.96783  268.67375
 267.39605  268.06589  268.75074  266.70602  267.37241  268.05371  266.00717  266.67007  267.34779  268.00219  268.69580  269.40556  267.30904  267.99905  268.70514  266.60703  267.29342  267.99579  268.63410  269.35195  270.08705  267.93768  268.65180  269.38308  267.23237  267.94274  268.67015
 267.34867  268.03890  268.74519  266.63684  267.32339  268.02591  265.91604  266.59887  267.29759  267.97751  268.69184  269.42333  267.26232  267.97284  268.70042  266.53814  267.24481  267.96844  268.63230  269.37122  270.12834  267.91363  268.64859  269.40165  267.18591  267.91688  268.66584
 267.30056  268.01129  268.73908  266.56690  267.27373  267.99751  265.82417  266.52706  267.24680  267.95205  268.68723  269.44050  267.21482  267.94594  268.69506  266.46848  267.19552  267.94044  268.62971  269.38980  270.16899  267.88874  268.64464  269.41952  267.13864  267.89030  268.66083
 267.25175  267.98308  268.73241  266.49624  267.22344  267.96852  265.73162  266.45464  267.19544  267.92586  268.68196  269.45706  267.16655  267.91836  268.68906  266.39808  267.14557  267.91182  268.62634  269.40770  270.20901  267.86306  268.63997  269.43671  267.09058  267.86301  268.65515
 267.20225  267.95427  268.72517  266.42491  267.17255  267.93895  265.63843  266.38166  267.14353  267.89895  268.67607  269.47303  267.11755  267.89014  268.68243  266.32699  267.09501  267.88260  268.62224  269.42493  270.24839  267.83662  268.63462  269.45325  267.04180  267.83506  268.64882
 267.15211  267.92490  268.71740  266.35293  267.12109  267.90884  265.54464  266.30814  267.09109  267.87136  268.66957  269.48842  267.06788  267.86130  268.67521  266.25525  267.04384  267.85279  268.61741  269.44152  270.28717  267.80945  268.62860  269.46915  266.99231  267.80646  268.64186
 267.10135  267.89497  268.70909  266.28035  267.06909  267.87819  265.45030  266.23412  267.03817  267.84311  268.66246  269.50322  267.01755  267.83185  268.66741  266.18290  266.99212  267.82244  268.61189  269.45746  270.32533  267.78159  268.62194  269.48442  266.94217  267.77725  268.63431
 267.04999  267.86450  268.70026  266.20720  267.01657  267.84704  265.35545  266.15963  266.98477  267.81422  268.65478  269.51747  266.96661  267.80184  268.65906  266.10999  266.93987  267.79156  268.60570  269.47279  270.36290  267.75308  268.61467  269.49910  266.89142  267.74746  268.62618
 266.99809  267.83352  268.69093  266.13353  266.96355  267.81540  265.26012  266.08470  266.93094  267.78474  268.64653  269.53118  266.91509  267.77129  268.65016  266.03656  266.88712  267.76019  268.59887  269.48753  270.39988  267.72394  268.60681  269.51319  266.84008  267.71712  268.61750
 266.94566  267.80205  268.68113  266.05938  266.91008  267.78331  265.16438  266.00936  266.87669  267.75469  268.63776  269.54435  266.86304  267.74023  268.64076  265.96263  266.83390  267.72835  268.59144  269.50169  270.43631  267.69422  268.59839  269.52674  266.78820  267.68626  268.60830
 266.89272  267.77011  268.67085  265.98476  266.85617  267.75076  265.06825  265.93366  266.82206  267.72409  268.62846  269.55702  266.81047  267.70867  268.63087  265.88827  266.78026  267.69606  268.58342  269.51530  270.47219  267.66393  268.58943  269.53974  266.73583  267.65491  268.59861
 266.83934  267.73773  268.66013  265.90974  266.80187  267.71782  264.97177  265.85761  266.76708  267.69299  268.61869  269.56920  266.75744  267.67667  268.62052  265.81349  266.72622  267.66337  268.57485  269.52838  270.50754  267.63314  268.57998  269.55225  266.68300  267.62312  268.58846
 266.78552  267.70495  268.64900  265.83433  266.74720  267.68450  264.87499  265.78127  266.71178  267.66141  268.60845  269.58093  266.70397  267.64424  268.60973  265.73836  266.67182  267.63029  268.56576  269.54095  270.54239  267.60186  268.57005  269.56427  266.62974  267.59090  268.57787
 266.73132  267.67177  268.63747  265.75860  266.69220  267.65082  264.77796  265.70467  266.65620  267.62938  268.59777  269.59220  266.65012  267.61142  268.59854  265.66290  266.61709  267.59687  268.55618  269.55305  270.57676  267.57013  268.55968  269.57584  266.57611  267.55830  268.56688
 266.67674  267.63824  268.62556  265.68256  266.63689  267.61682  264.68070  265.62784  266.60035  267.59694  268.58669  269.60306  266.59590  267.57824  268.58698  265.58716  266.56206  267.56314  268.54614  269.56469  270.61066  267.53799  268.54890  269.58699  266.52212  267.52535  268.55553
 266.62185  267.60438  268.61332  265.60626  266.58131  267.58253  264.58328  265.55082  266.54429  267.56413  268.57523  269.61352  266.54136  267.54473  268.57506  265.51117  266.50679  267.52912  268.53567  269.57591  270.64414  267.50548  268.53773  269.59774  266.46784  267.49209  268.54384
 266.56667  267.57023  268.60075  265.52975  266.52550  267.54798  264.48571  265.47364  266.48804  267.53097  268.56342  269.62363  266.48655  267.51094  268.56284  265.43498  266.45129  267.49486  268.52481  269.58673  270.67721  267.47263  268.52623  269.60813  266.41329  267.45854  268.53184
 266.51123  267.53581  268.58791  265.45305  266.46950  267.51321  264.38805  265.39635  266.43165  267.49750  268.55130  269.63339  266.43149  267.47689  268.55033  265.35864  266.39562  267.46038  268.51359  269.59719  270.70990  267.43949  268.51442  269.61819  266.35852  267.42476  268.51958
 266.45558  267.50117  268.57480  265.37622  266.41334  267.47824  264.29035  265.31898  266.37514  267.46376  268.53889  269.64286  266.37623  267.44261  268.53758  265.28218  266.33980  267.42574  268.50205  269.60732  270.74225  267.40608  268.50233  269.62795  266.30357  267.39078  268.50708
 266.39976  267.46633  268.56148  265.29929  266.35705  267.44312  264.19264  265.24158  266.31855  267.42978  268.52623  269.65205  266.32080  267.40816  268.52461  265.20564  266.28389  267.39095  268.49022  269.61715  270.77427  267.37245  268.49000  269.63744  266.24848  267.35663  268.49439
 266.34378  267.43132  268.54796  265.22229  266.30067  267.40787  264.09496  265.16418  266.26193  267.39560  268.51335  269.66099  266.26526  267.37355  268.51145  265.12907  266.22790  267.35605  268.47814  269.62671  270.80601  267.33864  268.47746  269.64670  266.19329  267.32235  268.48153
 266.28771  267.39619  268.53429  265.14528  266.24425  267.37254  263.99737  265.08682  266.20530  267.36127  268.50029  269.66973  266.20963  267.33884  268.49816  265.05250  266.17190  267.32110  268.46584  269.63604  270.83749  267.30469  268.46476  269.65578  266.13804  267.28799  268.46856
 266.23158  267.36097  268.52049  265.06830  266.18783  267.33717  263.89990  265.00956  266.14873  267.32681  268.48708  269.67829  266.15397  267.30406  268.48477  264.97600  266.11591  267.28613  268.45337  269.64517  270.86875  267.27064  268.45194  269.66469  266.08279  267.25359  268.45551
 266.17543  267.32571  268.50661  264.99139  266.13143  267.30178  263.80261  264.93243  266.09223  267.29228  268.47378  269.68672  266.09830  267.26924  268.47130  264.89960  266.05999  267.25117  268.44076  269.65414  270.89982  267.23652  268.43902  269.67347  266.02756  267.21918  268.44241
 266.11930  267.29043  268.49268  264.91459  266.07512  267.26643  263.70553  264.85547  266.03586  267.25770  268.46039  269.69504  266.04269  267.23444  268.45781  264.82333  266.00416  267.21627  268.42805  269.66299  270.93074  267.20240  268.42606  269.68218  265.97241  267.18481  268.42931
 266.06323  267.25517  268.47873  264.83795  266.01891  267.23115  263.60872  264.77872  265.97966  267.22312  268.44697  269.70329  265.98715  267.19969  268.44433  264.74726  265.94849  267.18147  268.41528  269.67176  270.96154  267.16829  268.41309  269.69084  265.91739  267.15053  268.41625
 266.00727  267.21998  268.46481  264.76151  265.96287  267.19599  263.51221  264.70223  265.92366  267.18858  268.43357  269.71151  265.93176  267.16504  268.43090  264.67142  265.89301  267.14682  268.40250  269.68047  270.99227  267.13426  268.40015  269.69950  265.86252  267.11636  268.40328
 265.95146  267.18491  268.45097  264.68531  265.90703  267.16097  263.41606  264.62605  265.86792  267.15413  268.42021  269.71975  265.87654  267.13051  268.41756  264.59586  265.83775  267.11235  268.38975  269.68918  271.02296  267.10034  268.38729  269.70818  265.80787  267.08237  268.39042
 265.89583  267.14999  268.43722  264.60941  265.85143  267.12616  263.32031  264.55023  265.81247  267.11981  268.40695  269.72804  265.82155  267.09618  268.40436  264.52064  265.78279  267.07811  268.37707  269.69793  271.05364  267.06659  268.37455  269.71696  265.75349  267.04859  268.37773
 265.84045  267.11526  268.42363  264.53385  265.79613  267.09158  263.22501  264.47480  265.75737  267.08566  268.39381  269.73641  265.76683  267.06206  268.39134  264.44579  265.72814  267.04414  268.36449  269.70675  271.08438  267.03303  268.36197  269.72585  265.69940  267.01507  268.36526
 265.78535  267.08076  268.41023  264.45868  265.74116  267.05729  263.13021  264.39981  265.70265  267.05173  268.38086  269.74493  265.71242  267.02822  268.37854  264.37136  265.67388  267.01050  268.35208  269.71570  271.11519  266.99973  268.34961  269.73491  265.64567  266.98186  268.35305
 265.73057  267.04655  268.39707  264.38393  265.68658  267.02334  263.03596  264.32532  265.64838  267.01806  268.36812  269.75362  265.65837  266.99469  268.36601  264.29741  265.62003  266.97723  268.33987  269.72481  271.14613  266.96672  268.33749  269.74419  265.59235  266.94901  268.34114
 265.67618  267.01267  268.38418  264.30968  265.63243  266.98975  262.94231  264.25137  265.59459  266.98470  268.35566  269.76254  265.60474  266.96153  268.35379  264.22398  265.56666  266.94437  268.32790  269.73413  271.17723  266.93406  268.32568  269.75371  265.53947  266.91655  268.32959
 265.62220  266.97917  268.37162  264.23595  265.57875  266.95660  262.84931  264.17802  265.54133  266.95170  268.34350  269.77172  265.55157  266.92877  268.34194  264.15112  265.51380  266.91198  268.31623  269.74370  271.20856  266.90179  268.31421  269.76354  265.48710  266.88455  268.31843
 265.56870  266.94608  268.35943  264.16280  265.52561  266.92391  262.75700  264.10530  265.48864  266.91910  268.33170  269.78122  265.49891  266.89648  268.33049  264.07888  265.46150  266.88010  268.30490  269.75358  271.24014  266.86997  268.30314  269.77372  265.43528  266.85304  268.30772
 265.51572  266.91347  268.34766  264.09029  265.47304  266.89175  262.66544  264.03327  265.43659  266.88695  268.32031  269.79107  265.44681  266.86470  268.31950  264.00732  265.40983  266.84878  268.29397  269.76380  271.27203  266.83864  268.29253  269.78430  265.38406  266.82210  268.29752
 265.46330  266.88137  268.33636  264.01846  265.42109  266.86016  262.57469  263.96198  265.38523  266.85531  268.30938  269.80134  265.39532  266.83347  268.30902  263.93649  265.35884  266.81808  268.28348  269.77442  271.30427  266.80786  268.28240  269.79532  265.33350  266.79175  268.28786
 265.41151  266.84985  268.32558  263.94736  265.36983  266.82919  262.48479  263.89150  265.33460  266.82423  268.29895  269.81206  265.34449  266.80286  268.29910  263.86644  265.30856  266.78804  268.27347  269.78549  271.33691  266.77767  268.27282  269.80685  265.28365  266.76206  268.27881
 265.36039  266.81893  268.31535  263.87706  265.31929  266.79889  262.39580  263.82185  265.28475  266.79374  268.28907  269.82329  265.29438  266.77291  268.28978  263.79722  265.25906  266.75872  268.26401  269.79705  271.37001  266.74813  268.26384  269.81893  265.23456  266.73307  268.27041
 265.31000  266.78870  268.30575  263.80759  265.26954  266.76932  262.30777  263.75311  265.23574  266.76391  268.27980  269.83508  265.24504  266.74367  268.28113  263.72889  265.21038  266.73017  268.25514  269.80916  271.40361  266.71929  268.25551  269.83160  265.18628  266.70484  268.26271
 265.26037  266.75918  268.29682  263.73901  265.22062  266.74053  262.22076  263.68532  265.18763  266.73479  268.27119  269.84747  265.19652  266.71520  268.27319  263.66150  265.16259  266.70244  268.24692  269.82187  271.43776  266.69121  268.24789  269.84493  265.13888  266.67744  268.25578
 265.21159  266.73044  268.28860  263.67138  265.17259  266.71256  262.13482  263.61854  265.14046  266.70644  268.26330  269.86052  265.14888  266.68755  268.26601  263.59510  265.11575  266.67560  268.23940  269.83523  271.47253  266.66394  268.24102  269.85897  265.09241  266.65090  268.24967
 265.16368  266.70253  268.28116  263.60476  265.12551  266.68548  262.05001  263.55283  265.09429  266.67891  268.25616  269.87430  265.10217  266.66078  268.25966  263.52977  265.06989  266.64969  268.23263  269.84930  271.50794  266.63753  268.23496  269.87376  265.04691  266.62529  268.24442
 265.11671  266.67549  268.27455  263.53919  265.07942  266.65935  261.96639  263.48823  265.04919  266.65224  268.24985  269.88883  265.05645  266.63494  268.25419  263.46553  265.02508  266.62477  268.22667  269.86412  271.54408  266.61204  268.22978  269.88938  265.00245  266.60066  268.24010
 265.07074  266.64941  268.26883  263.47474  265.03440  266.63420  261.88400  263.42482  265.00520  266.62650  268.24442  269.90420  265.01177  266.61009  268.24965  263.40247  264.98137  266.60090  268.22159  269.87977  271.58098  266.58754  268.22552  269.90587  264.95910  266.57707  268.23677
 265.02582  266.62431  268.26404  263.41146  264.99048  266.61012  261.80291  263.36264  264.96238  266.60175  268.23991  269.92044  264.96820  266.58628  268.24610  263.34063  264.93884  266.57814  268.21741  269.89629  271.61871  266.56406  268.22224  269.92330  264.91689  266.55458  268.23448
 264.98201  266.60027  268.26025  263.34942  264.94773  266.58714  261.72318  263.30175  264.92080  266.57805  268.23640  269.93763  264.92579  266.56358  268.24360  263.28008  264.89753  266.55655  268.21423  269.91374  271.65733  266.54169  268.22001  269.94171  264.87591  266.53325  268.23330
 264.93937  266.57733  268.25752  263.28866  264.90622  266.56534  261.64487  263.24223  264.88051  266.55543  268.23393  269.95581  264.88459  266.54205  268.24220  263.22087  264.85751  266.53617  268.21208  269.93218  271.69688  266.52047  268.21887  269.96118  264.83620  266.51314  268.23328
 264.89795  266.55557  268.25590  263.22925  264.86599  266.54477  261.56803  263.18411  264.84157  266.53399  268.23257  269.97505  264.84468  266.52173  268.24198  263.16307  264.81882  266.51709  268.21102  269.95167  271.73744  266.50046  268.21890  269.98175  264.79782  266.49431  268.23448
 264.85781  266.53503  268.25545  263.17125  264.82711  266.52549  261.49273  263.12747  264.80404  266.51376  268.23237  269.99539  264.80611  266.50270  268.24298  263.10673  264.78155  266.49935  268.21112  269.97226  271.77906  266.48172  268.22015  270.00349  264.76084  266.47681  268.23698
 264.81903  266.51579  268.25625  263.11472  264.78964  266.50755  261.41902  263.07235  264.76799  266.49481  268.23341  270.01693  264.76894  266.48501  268.24528  263.05192  264.74574  266.48303  268.21246  269.99403  271.82180  266.46433  268.22268  270.02647  264.72533  266.46073  268.24081
 264.78165  266.49789  268.25833  263.05973  264.75365  266.49104  261.34698  263.01884  264.73347  266.47721  268.23573  270.03969  264.73324  266.46874  268.24893  262.99870  264.71146  266.46818  268.21506  270.01703  271.86573  266.44834  268.22657  270.05074  264.69133  266.44611  268.24607
 264.74574  266.48141  268.26177  263.00633  264.71919  266.47600  261.27666  262.96700  264.70056  266.46101  268.23940  270.06376  264.69906  266.45393  268.25400  262.94713  264.67878  266.45486  268.21901  270.04132  271.91090  266.43381  268.23186  270.07639  264.65893  266.43302  268.25281
 264.71136  266.46640  268.26664  262.95458  264.68632  266.46251  261.20813  262.91687  264.66931  266.44628  268.24450  270.08920  264.66647  266.44066  268.26055  262.89728  264.64776  266.44316  268.22437  270.06698  271.95739  266.42081  268.23863  270.10344  264.62817  266.42153  268.26108
 264.67858  266.45294  268.27300  262.90455  264.65513  266.45062  261.14144  262.86854  264.63979  266.43308  268.25107  270.11606  264.63553  266.42899  268.26865  262.84921  264.61846  266.43311  268.23121  270.09406  272.00526  266.40940  268.24694  270.13200  264.59913  266.41170  268.27097
 264.64746  266.44108  268.28090  262.85631  264.62566  266.44041  261.07667  262.82206  264.61207  266.42148  268.25919  270.14443  264.60633  266.41900  268.27837  262.80299  264.59095  266.42481  268.23958  270.12263  272.05457  266.39966  268.25686  270.16212  264.57188  266.40360  268.28253
 264.61806  266.43089  268.29042  262.80992  264.59798  266.43193  261.01389  262.77750  264.58622  266.41155  268.26892  270.17435  264.57890  266.41072  268.28976  262.75869  264.56531  266.41830  268.24956  270.15275  272.10540  266.39163  268.26846  270.19386  264.54648  266.39730  268.29584
 264.59045  266.42244  268.30163  262.76545  264.57216  266.42526  260.95314  262.73493  264.56229  266.40334  268.28033  270.20591  264.55333  266.40425  268.30290  262.71637  264.54158  266.41367  268.26122  270.18451  272.15780  266.38541  268.28180  270.22730  264.52300  266.39287  268.31097
 264.56471  266.41579  268.31459  262.72297  264.54828  266.42046  260.89451  262.69442  264.54036  266.39694  268.29349  270.23916  264.52969  266.39966  268.31786  262.67609  264.51985  266.41098  268.27462  270.21796  272.21186  266.38105  268.29695  270.26251  264.50150  266.39037  268.32799
 264.54089  266.41102  268.32938  262.68254  264.52639  266.41761  260.83807  262.65602  264.52050  266.39240  268.30847  270.27419  264.50804  266.39700  268.33471  262.63793  264.50018  266.41030  268.28982  270.25317  272.26764  266.37862  268.31399  270.29955  264.48206  266.38988  268.34696
 264.51906  266.40818  268.34606  262.64422  264.50656  266.41677  260.78387  262.61983  264.50279  266.38980  268.32534  270.31106  264.48844  266.39635  268.35352  262.60196  264.48265  266.41171  268.30692  270.29022  272.32521  266.37819  268.33299  270.33850  264.46476  266.39147  268.36795
 264.49930  266.40737  268.36470  262.60810  264.48888  266.41803  260.73199  262.58589  264.48728  266.38921  268.34416  270.34984  264.47099  266.39779  268.37437  262.56825  264.46733  266.41526  268.32596  270.32919  272.38466  266.37985  268.35401  270.37944  264.44965  266.39520  268.39106
 264.48168  266.40864  268.38538  262.57425  264.47341  266.42143  260.68250  262.55430  264.47405  266.39070  268.36502  270.39062  264.45573  266.40137  268.39732  262.53687  264.45428  266.42106  268.34703  270.37013  272.44604  266.38365  268.37714  270.42243  264.43682  266.40117  268.41634
 264.46626  266.41206  268.40817  262.54272  264.46022  266.42708  260.63547  262.52511  264.46319  266.39433  268.38799  270.43345  264.44275  266.40719  268.42245  262.50790  264.44359  266.42915  268.37021  270.41313  272.50943  266.38967  268.40244  270.46756  264.42633  266.40943  268.44388
 264.45312  266.41772  268.43315  262.51360  264.44938  266.43503  260.59098  262.49841  264.45475  266.40020  268.41313  270.47842  264.43212  266.41531  268.44985  262.48140  264.43533  266.43962  268.39556  270.45827  272.57492  266.39800  268.43000  270.51490  264.41827  266.42007  268.47375
 264.44234  266.42568  268.46038  262.48696  264.44097  266.44536  260.54909  262.47425  264.44882  266.40837  268.44053  270.52560  264.42391  266.42580  268.47957  262.45745  264.42956  266.45255  268.42316  270.50561  272.64258  266.40869  268.45988  270.56453  264.41270  266.43315  268.50602
 264.43398  266.43603  268.48995  262.46288  264.43507  266.45814  260.50989  262.45273  264.44547  266.41891  268.47026  270.57507  264.41821  266.43875  268.51170  262.43612  264.42637  266.46801  268.45308  270.55523  272.71249  266.42183  268.49217  270.61652  264.40970  266.44877  268.54078
 264.42813  266.44882  268.52193  262.44142  264.43174  266.47347  260.47343  262.43391  264.44478  266.43190  268.50240  270.62691  264.41508  266.45423  268.54633  262.41750  264.42584  266.48608  268.48541  270.60723  272.78473  266.43750  268.52695  270.67096  264.40936  266.46700  268.57811
 264.42485  266.46415  268.55641  262.42266  264.43108  266.49140  260.43981  262.41788  264.44683  266.44742  268.53703  270.68120  264.41460  266.47232  268.58352  262.40165  264.42804  266.50684  268.52023  270.66167  272.85937  266.45578  268.56429  270.72792  264.41175  266.48791  268.61809
 264.42424  266.48210  268.59346  262.40668  264.43315  266.51203  260.40910  262.40471  264.45170  266.46556  268.57423  270.73803  264.41686  266.49310  268.62336  262.38866  264.43305  266.53038  268.55761  270.71864  272.93652  266.47673  268.60427  270.78750  264.41694  266.51159  268.66080
 264.42635  266.50274  268.63316  262.39357  264.43803  266.53544  260.38137  262.39448  264.45946  266.48638  268.61407  270.79746  264.42192  266.51665  268.66594  262.37861  264.44096  266.55677  268.59763  270.77821  273.01623  266.50046  268.64699  270.84977  264.42503  266.53812  268.70632
 264.43128  266.52615  268.67560  262.38339  264.44582  266.56170  260.35669  262.38726  264.47020  266.50997  268.65665  270.85959  264.42988  266.54305  268.71133  262.37157  264.45184  266.58609  268.64038  270.84048  273.09861  266.52703  268.69252  270.91482  264.43608  266.56758  268.75473
 264.43910  266.55242  268.72085  262.37623  264.45657  266.59090  260.33517  262.38315  264.48401  266.53640  268.70204  270.92451  264.44081  266.57239  268.75962  262.36763  264.46579  266.61844  268.68594  270.90553  273.18373  266.55654  268.74095  270.98274  264.45019  266.60007  268.80613
 264.44990  266.58163  268.76901  262.37216  264.47039  266.62313  260.31686  262.38222  264.50096  266.56578  268.75033  270.99228  264.45479  266.60475  268.81089  262.36687  264.48287  266.65390  268.73440  270.97344  273.27169  266.58906  268.79235  271.05360  264.46744  266.63565  268.86061
 264.46375  266.61385  268.82015  262.37128  264.48735  266.65845  260.30187  262.38456  264.52113  266.59817  268.80161  271.06301  264.47192  266.64021  268.86524  262.36937  264.50318  266.69254  268.78583  271.04429  273.36257  266.62469  268.84682  271.12751  264.48790  266.67442  268.91824
 264.48075  266.64919  268.87437  262.37366  264.50754  266.69698  260.29025  262.39024  264.54462  266.63366  268.85595  271.13679  264.49227  266.67886  268.92275  262.37521  264.52679  266.73446  268.84034  271.11820  273.45646  266.66350  268.90446  271.20454  264.51168  266.71647  268.97911
 264.50098  266.68771  268.93175  262.37939  264.53104  266.73879  260.28210  262.39936  264.57152  266.67235  268.91346  271.21369  264.51593  266.72079  268.98350  262.38449  264.55381  266.77976  268.89800  271.19523  273.55347  266.70558  268.96534  271.28479  264.53885  266.76189  269.04333
 264.52452  266.72952  268.99239  262.38855  264.55795  266.78396  260.27751  262.41200  264.60190  266.71432  268.97422  271.29383  264.54299  266.76609  269.04761  262.39728  264.58432  266.82851  268.95891  271.27547  273.65367  266.75103  269.02955  271.36836  264.56951  266.81076  269.11098
 264.55146  266.77471  269.05637  262.40124  264.58834  266.83260  260.27656  262.42825  264.63587  266.75964  269.03831  271.37728  264.57353  266.81484  269.11514  262.41368  264.61840  266.88082  269.02316  271.35904  273.75716  266.79994  269.09720  271.45534  264.60373  266.86317  269.18215
 264.58188  266.82334  269.12378  262.41752  264.62231  266.88479  260.27934  262.44819  264.67350  266.80843  269.10584  271.46413  264.60765  266.86715  269.18620  262.43377  264.65614  266.93676  269.09083  271.44601  273.86404  266.85239  269.16837  271.54582  264.64162  266.91923  269.25694
 264.61588  266.87553  269.19472  262.43751  264.65995  266.94063  260.28593  262.47193  264.71489  266.86076  269.17690  271.55449  264.64543  266.92311  269.26088  262.45764  264.69766  266.99645  269.16202  271.53647  273.97440  266.90848  269.24317  271.63990  264.68327  266.97903  269.33545
 264.65355  266.93137  269.26929  262.46128  264.70136  267.00021  260.29642  262.49954  264.76015  266.91674  269.25157  271.64846  264.68697  266.98279  269.33928  262.48540  264.74302  267.05996  269.23684  271.63054  274.08835  266.96831  269.32167  271.73768  264.72877  267.04265  269.41777
 264.69498  266.99094  269.34757  262.48893  264.74661  267.06362  260.31092  262.53113  264.80935  266.97645  269.32996  271.74612  264.73237  267.04630  269.42149  262.51712  264.79233  267.12741  269.31536  271.72832  274.20599  267.03195  269.40398  271.83926  264.77822  267.11020  269.50400
 264.74027  267.05434  269.42967  262.52055  264.79581  267.13096  260.32949  262.56678  264.86260  267.03999  269.41217  271.84759  264.78170  267.11375  269.50761  262.55290  264.84569  267.19889  269.39770  271.82988  274.32741  267.09953  269.49021  271.94473  264.83171  267.18178  269.59424
 264.78950  267.12169  269.51569  262.55623  264.84907  267.20234  260.35225  262.60659  264.92000  267.10747  269.49829  271.95295  264.83510  267.18523  269.59776  262.59285  264.90318  267.27449  269.48395  271.93535  274.45272  267.17114  269.58045  272.05421  264.88933  267.25748  269.68860
 264.84278  267.19305  269.60572  262.59608  264.90647  267.27783  260.37928  262.65066  264.98163  267.17896  269.58842  272.06233  264.89261  267.26083  269.69201  262.63704  264.96491  267.35432  269.57421  272.04481  274.58203  267.24686  269.67480  272.16780  264.95119  267.33741  269.78718
 264.90020  267.26855  269.69987  262.64017  264.96810  267.35757  260.41068  262.69908  265.04762  267.25458  269.68266  272.17581  264.95438  267.34065  269.79049  262.68559  265.03099  267.43849  269.66858  272.15838  274.71544  267.32681  269.77337  272.28560  265.01739  267.42167  269.89009
 264.96186  267.34827  269.79825  262.68863  265.03408  267.44164  260.44655  262.75196  265.11805  267.33443  269.78112  272.29350  265.02048  267.42481  269.89329  262.73859  265.10151  267.52709  269.76716  272.27616  274.85306  267.41109  269.87626  272.40772  265.08803  267.51036  269.99742
 265.02787  267.43233  269.90095  262.74154  265.10451  267.53015  260.48698  262.80940  265.19302  267.41861  269.88392  272.41552  265.09103  267.51341  270.00053  262.79615  265.17658  267.62024  269.87007  272.39827  274.99501  267.49981  269.98359  272.53428  265.16322  267.60359  270.10930
 265.09831  267.52083  270.00809  262.79899  265.17948  267.62319  260.53207  262.87149  265.27266  267.50723  269.99114  272.54197  265.16612  267.60655  270.11231  262.85835  265.25630  267.71804  269.97742  272.52481  275.14139  267.59306  270.09545  272.66537  265.24305  267.70148  270.22583
 265.17331  267.61387  270.11977  262.86111  265.25911  267.72090  260.58194  262.93834  265.35705  267.60039  270.10291  272.67297  265.24586  267.70434  270.22874  262.92533  265.34078  267.82060  270.08930  272.65588  275.29231  267.69097  270.21196  272.80112  265.32764  267.80412  270.34711
 265.25295  267.71156  270.23610  262.92799  265.34349  267.82336  260.63667  263.01007  265.44631  267.69819  270.21932  272.80861  265.33036  267.80688  270.34993  262.99716  265.43012  267.92803  270.20582  272.79161  275.44790  267.79362  270.33324  272.94163  265.41710  267.91163  270.47328
 265.33735  267.81401  270.35720  262.99974  265.43275  267.93070  260.69638  263.08676  265.54055  267.80075  270.34050  272.94904  265.41972  267.91430  270.47601  263.07397  265.52444  268.04044  270.32711  272.93211  275.60827  267.90115  270.45939  273.08704  265.51153  268.02412  270.60443
 265.42663  267.92134  270.48318  263.07646  265.52699  268.04303  260.76117  263.16855  265.63989  267.90819  270.46656  273.09435  265.51407  268.02671  270.60707  263.15586  265.62386  268.15795  270.45328  273.07750  275.77355  268.01366  270.59053  273.23746  265.61104  268.14170  270.74071
 265.52088  268.03365  270.61416  263.15827  265.62631  268.16045  260.83115  263.25553  265.74442  268.02060  270.59761  273.24468  265.61349  268.14420  270.74326  263.24294  265.72847  268.28068  270.58443  273.22790  275.94385  268.13126  270.72678  273.39299  265.71576  268.26450  270.88220
 265.62022  268.15106  270.75024  263.24527  265.73084  268.28309  260.90642  263.34782  265.85429  268.13812  270.73377  273.40012  265.71813  268.26692  270.88467  263.33533  265.83840  268.40874  270.72069  273.38341  276.11929  268.25408  270.86826  273.55379  265.82579  268.39264  271.02906
 265.72477  268.27369  270.89157  263.33758  265.84069  268.41107  260.98711  263.44553  265.96958  268.26084  270.87516  273.56083  265.82808  268.39497  271.03144  263.43314  265.95377  268.54226  270.86218  273.54418  276.30001  268.38223  271.01510  273.71996  265.94126  268.52623  271.18138
 265.83463  268.40165  271.03825  263.43530  265.95597  268.54451  261.07332  263.54878  266.09044  268.38891  271.02191  273.72690  265.94346  268.52847  271.18368  263.53649  266.07470  268.68136  271.00903  273.71033  276.48614  268.51582  271.16741  273.89162  266.06228  268.66539  271.33932
 265.94993  268.53507  271.19040  263.53857  266.07681  268.68352  261.16516  263.65768  266.21698  268.52242  271.17413  273.89849  266.06440  268.66755  271.34152  263.64549  266.20130  268.82616  271.16135  273.88197  276.67779  268.65500  271.32531  274.06892  266.18898  268.81025  271.50298
 266.07079  268.67406  271.34816  263.64749  266.20333  268.82824  261.26276  263.77236  266.34931  268.66151  271.33196  274.07570  266.19102  268.81233  271.50510  263.76027  266.33370  268.97679  271.31926  274.05925  276.87511  268.79987  271.48895  274.25198  266.32147  268.96095  271.67250
 266.19733  268.81877  271.51166  263.76218  266.33565  268.97878  261.36624  263.89294  266.48758  268.80631  271.49552  274.25868  266.32342  268.96294  271.67453  263.88094  266.47202  269.13338  271.48291  274.24229  277.07824  268.95057  271.65845  274.44094  266.45988  269.11759  271.84802
 266.32965  268.96929  271.68102  263.88278  266.47390  269.13529  261.47570  264.01955  266.63190  268.95692  271.66493  274.44756  266.46176  269.11951  271.84997  264.00763  266.61640  269.29606  271.65242  274.43122  277.28730  269.10723  271.83394  274.63594  266.60435  269.28033  272.02966
 266.46791  269.12578  271.85638  264.00939  266.61821  269.29790  261.59129  264.15230  266.78240  269.11350  271.84035  274.64247  266.60615  269.28217  272.03153  264.14047  266.76697  269.46496  271.82792  274.62619  277.50243  269.26998  272.01556  274.83710  266.75500  269.44928  272.21756
 266.61223  269.28836  272.03786  264.14216  266.76869  269.46672  261.71312  264.29133  266.93923  269.27617  272.02189  274.84356  266.75673  269.45104  272.21936  264.27959  266.92385  269.64022  272.00954  274.82733  277.72379  269.43893  272.20344  275.04458  266.91197  269.62460  272.41188
 266.76273  269.45717  272.22561  264.28120  266.92550  269.64190  261.84132  264.43678  267.10251  269.44506  272.20969  275.05096  266.91362  269.62628  272.41360  264.42511  267.08718  269.82198  272.19743  275.03478  277.95152  269.61426  272.39773  275.25852  267.07538  269.80641  272.61275
 266.91955  269.63233  272.41978  264.42666  267.08876  269.82359  261.97601  264.58876  267.27237  269.62031  272.40391  275.26483  267.07695  269.80802  272.61439  264.57717  267.25710  270.01039  272.39173  275.24869  278.18577  269.79608  272.59857  275.47906  267.24538  269.99486  272.82031
 267.08281  269.81399  272.62049  264.57865  267.25860  270.01192  262.11734  264.74742  267.44898  269.80205  272.60467  275.48529  267.24688  269.99640  272.82187  264.73592  267.43375  270.20557  272.59257  275.46920  278.42667  269.98453  272.80610  275.70636  267.42211  270.19009  273.03471
 267.25267  270.00230  272.82790  264.73732  267.43518  270.20703  262.26544  264.91290  267.63245  269.99044  272.81212  275.71251  267.42354  270.19155  273.03620  264.90148  267.61726  270.40768  272.80011  275.69647  278.67440  270.17977  273.02047  275.94056  267.60570  270.39225  273.25610
 267.42925  270.19739  273.04216  264.90281  267.61863  270.40907  262.42044  265.08534  267.82294  270.18560  273.02642  275.94665  267.60706  270.39364  273.25752  265.07399  267.80780  270.61688  273.01448  275.93064  278.92910  270.38193  273.24183  276.18183  267.79631  270.60149  273.48464
 267.61271  270.39941  273.26341  265.07526  267.80909  270.61820  262.58249  265.26488  268.02060  270.38770  273.24772  276.18784  267.79760  270.60281  273.48599  265.25361  268.00550  270.83331  273.23585  276.17188  279.19095  270.59117  273.47034  276.43031  267.99408  270.81796  273.72049
 267.80318  270.60851  273.49181  265.25480  268.00672  270.83455  262.75171  265.45167  268.22557  270.59686  273.47615  276.43626  267.99530  270.81920  273.72176  265.44047  268.21051  271.05712  273.46436  276.42033  279.46008  270.80764  273.70615  276.68617  268.19916  271.04181  273.96379
 268.00081  270.82484  273.72752  265.44160  268.21167  271.05831  262.92826  265.64585  268.43801  270.81327  273.71190  276.69205  268.20032  271.04300  273.96500  265.63473  268.42299  271.28848  273.70017  276.67616  279.73669  271.03150  273.94943  276.94959  268.41171  271.27321  274.21473
 268.20577  271.04856  273.97068  265.63579  268.42408  271.28959  263.11230  265.84759  268.65807  271.03706  273.95511  276.95540  268.41280  271.27432  274.21587  265.83653  268.64310  271.52755  273.94345  276.93954  280.02092  271.26289  274.20032  277.22071  268.63188  271.51231  274.47346
 268.41818  271.27982  274.22149  265.83753  268.64412  271.52860  263.30396  266.05703  268.88593  271.26839  274.20594  277.22646  268.63291  271.51336  274.47453  266.04603  268.87098  271.77449  274.19435  277.21064  280.31297  271.50199  274.45902  277.49973  268.85984  271.75928  274.74014
 268.63823  271.51879  274.48008  266.04698  268.87194  271.77547  263.50341  266.27434  269.12174  271.50742  274.46457  277.50541  268.86080  271.76026  274.74115  266.26341  269.10682  272.02947  274.45304  277.48961  280.61300  271.74896  274.72566  277.78680  269.09574  272.01429  275.01497
 268.86606  271.76563  274.74664  266.26428  269.10771  272.03038  263.71079  266.49966  269.36565  271.75433  274.73115  277.79241  269.09663  272.01520  275.01590  266.48879  269.35077  272.29265  274.71969  277.77664  280.92119  272.00396  275.00045  278.08210  269.33975  272.27750  275.29810
 269.10183  272.02052  275.02133  266.48961  269.35160  272.29351  263.92627  266.73318  269.61786  272.00928  275.00588  278.08766  269.34059  272.27836  275.29897  266.72238  269.60300  272.56423  274.99448  278.07192  281.23773  272.26718  275.28354  278.38583  269.59205  272.54910  275.58973
 269.34573  272.28361  275.30435  266.72313  269.60377  272.56501  264.15001  266.97505  269.87852  272.27244  275.28892  278.39133  269.59281  272.54989  275.59053  266.96431  269.86369  272.84437  275.27758  278.37561  281.56281  272.53877  275.57512  278.69816  269.85279  272.82926  275.89003
 269.59790  272.55509  275.59585  266.96500  269.86440  272.84509  264.38218  267.22545  270.14782  272.54397  275.58044  278.70360  269.85350  272.82999  275.89077  267.21477  270.13301  273.13325  275.56916  278.68790  281.89661  272.81893  275.87539  279.01930  270.12217  273.11817  276.19920
 269.85853  272.83513  275.89603  267.21540  270.13366  273.13391  264.62295  267.48456  270.42593  272.82407  275.88064  279.02467  270.12282  273.11883  276.19988  267.47393  270.41115  273.43107  275.86942  279.00899  282.23934  273.10783  276.18451  279.34942  270.40037  273.41601  276.51743
 270.12780  273.12392  276.20509  267.47451  270.41174  273.43167  264.87249  267.75255  270.71305  273.11292  276.18972  279.35474  270.40095  273.41661  276.51804  267.74198  270.69829  273.73802  276.17855  279.33908  282.59119  273.40566  276.50269  279.68872  270.68756  273.72297  276.84490
 270.40588  273.42165  276.52319  267.74250  270.69882  273.73856  265.13098  268.02960  271.00936  273.41070  276.50784  279.69399  270.68809  273.72352  276.84546  268.01908  270.99462  274.05427  276.49672  279.67834  282.95236  273.71262  276.83013  280.03742  270.98394  274.03925  277.18183
 270.69296  273.72850  276.85055  268.01955  270.99509  274.05476  265.39860  268.31592  271.31505  273.71760  276.83522  280.04263  270.98441  274.03974  277.18233  268.30544  271.30032  274.38005  276.82415  280.02700  283.32308  274.02889  277.16702  280.39572  271.28969  274.36504  277.52842
 270.98923  274.04467  277.18737  268.30585  271.30074  274.38048  265.67553  268.61167  271.63032  274.03382  277.17206  280.40088  271.29011  274.36547  277.52886  268.60125  271.61561  274.71555  277.16104  280.38525  283.70354  274.35467  277.51355  280.76382  271.60503  274.70055  277.88488
 271.29489  274.37035  277.53386  268.60160  271.61597  274.71592  265.96198  268.91707  271.95537  274.35955  277.51855  280.76893  271.60539  274.70092  277.88526  268.90669  271.94067  275.06097  277.50758  280.75332  284.09397  274.69017  277.86996  281.14195  271.93014  275.04599  278.25142
 271.61011  274.70575  277.89020  268.90699  271.94098  275.06129  266.25812  269.23229  272.29040  274.69501  277.87491  281.14701  271.93045  275.04630  278.25174  269.22197  272.27572  275.41654  277.86399  281.13140  284.49459  275.03560  278.23645  281.53033  272.26523  275.40156  278.62827
 271.93512  275.05109  278.25664  269.22222  272.27597  275.41680  266.56416  269.55757  272.63564  275.04038  278.24135  281.53534  272.26549  275.40182  278.62854  269.54729  272.62096  275.78247  278.23048  281.51973  284.90564  275.39117  278.61325  281.92919  272.61052  275.76749  279.01564
 272.27012  275.40656  278.63339  269.54749  272.62116  275.78267  266.88030  269.89310  272.99130  275.39591  278.61810  281.93415  272.61073  275.76770  279.01585  269.88287  272.97662  276.15898  278.60727  281.91855  285.32734  275.75709  279.00057  282.33874  272.96622  276.14401  279.41378
 272.61531  275.77239  279.02066  269.88301  272.97676  276.15913  267.20674  270.23909  273.35758  275.76178  279.00537  282.34367  272.96637  276.14415  279.41393  270.22891  273.34291  276.54630  278.99459  282.32806  285.75993  276.13359  279.39864  282.75924  273.33256  276.53132  279.82289
 272.97092  276.14881  279.41869  270.22901  273.34301  276.54640  267.54371  270.59578  273.73473  276.13824  279.40340  282.76412  273.33266  276.53143  279.82300  270.58564  273.72006  276.94466  279.39266  282.74851  286.20366  276.52090  279.80772  283.19094  273.70975  276.92969  280.24326
 273.33716  276.53603  279.82772  270.58568  273.72011  276.94471  267.89141  270.96337  274.12297  276.52551  279.81243  283.19577  273.70979  276.92973  280.24330  270.95326  274.10830  277.35430  279.80173  283.18016  286.65879  276.91925  280.22802  283.63406  274.09803  277.33933  280.67509
 273.71426  276.93431  280.24798  270.95326  274.10830  277.35430  268.25007  271.34211  274.52255  276.92382  280.23270  283.63885  274.09803  277.33933  280.67509  271.33204  274.50788  277.77547  280.22203  283.62324  287.12556  277.32887  280.65980  284.08887  274.49764  277.76050  281.11867
 274.10245  277.34386  280.67973  271.33200  274.50783  277.77542  268.61993  271.73223  274.93369  277.33340  280.66444  284.09362  274.49759  277.76045  281.11861  271.72219  274.91902  278.20843  280.65380  284.07800  287.60424  277.75003  281.10332  284.55564  274.90881  278.19344  281.57423
 274.50197  277.76494  281.12321  271.72210  274.91892  278.20832  269.00120  272.13395  275.35666  277.75452  281.10791  284.56035  274.90872  278.19334  281.57413  272.12395  275.34198  278.65341  281.09731  284.54471  288.09510  278.18296  281.55882  285.03463  275.33181  278.63841  282.04206
 274.91307  278.19779  281.57869  272.12382  275.34184  278.65326  269.39414  272.54755  275.79171  278.18742  281.56338  285.03931  275.33167  278.63827  282.04191  272.53759  275.77702  279.11070  281.55282  285.02366  288.59843  278.62793  282.02659  285.52612  275.76689  279.09569  282.52242
 275.33598  278.64268  282.04644  272.53740  275.77683  279.11051  269.79898  272.97326  276.23910  278.63234  282.03111  285.53075  275.76670  279.09550  282.52222  272.96333  276.22440  279.58055  282.02058  285.51509  289.11450  279.08518  282.50688  286.03038  276.21429  279.56553  283.01559
 275.77097  279.09988  282.52671  272.96310  276.22416  279.58031  270.21598  273.41135  276.69909  279.08956  282.51137  286.03498  276.21406  279.56529  283.01535  273.40144  276.68437  280.06326  282.50087  286.01930  289.64359  279.55501  282.99999  286.54770  276.67430  280.04822  283.52186
 276.21830  279.56964  283.01980  273.40118  276.68410  280.06297  270.64540  273.86208  277.17197  279.55936  283.00445  286.55227  276.67403  280.04794  283.52157  273.85221  277.15725  280.55910  282.99397  286.53657  290.18603  280.03768  283.50619  287.07839  277.14720  280.54404  284.04152
 276.67824  280.05226  283.52599  273.85190  277.15692  280.55877  271.08750  274.32574  277.65802  280.04200  283.51062  287.08293  277.14688  280.54371  284.04119  274.31590  277.64328  281.06836  283.50017  287.06720  290.74211  280.53348  284.02579  287.62275  277.63325  281.05329  284.57488
 277.15106  280.54800  284.04558  274.31554  277.64291  281.06799  271.54255  274.80259  278.15752  280.53777  284.03019  287.62726  277.63289  281.05291  284.57450  274.79277  278.14276  281.59135  284.01977  287.61151  291.31214  281.04271  284.55908  288.18108  278.13276  281.57625  285.12224
 277.63705  281.05717  284.57887  274.79238  278.14236  281.59094  272.01083  275.29293  278.67078  281.04697  284.56345  288.18556  278.13237  281.57584  285.12182  275.28314  278.65600  282.12837  284.55305  288.16978  291.89644  281.56566  285.10638  288.75372  278.64602  282.11324  285.68393
 278.13649  281.58007  285.12616  275.28271  278.65556  282.12792  272.49264  275.79705  279.19810  281.56988  285.11071  288.75817  278.64558  282.11279  285.68347  275.78728  279.18329  282.67973  285.10034  288.74236  292.49536  282.10264  285.66800  289.34099  279.17335  282.66459  286.26027
 278.64969  282.11700  285.68778  275.78682  279.18282  282.67925  272.98826  276.31527  279.73980  282.10684  285.67231  289.34541  279.17287  282.66410  286.25977  276.30553  279.72497  283.24578  285.66195  289.32957  293.10923  282.65396  286.24426  289.94322  279.71504  283.23060  286.85159
 279.17695  282.66828  286.26405  276.30502  279.72445  283.24525  273.49800  276.84788  280.29620  282.65814  286.24855  289.94762  279.71452  283.23007  286.85104  276.83816  280.28134  283.82683        nan        nan        nan        nan        nan        nan        nan        nan        nan
