3.051352800000000229e+02 4.952928187290017020e-02 5.163044482612707403e-02
3.051428500000000099e+02 4.973110301188370108e-02 5.118928110543904952e-02
3.051504199999999969e+02 4.879322830719552001e-02 5.098969284661944434e-02
3.051579899999999839e+02 4.950553820949034345e-02 5.101973077382142979e-02
3.051655600000000277e+02 4.998041147768689241e-02 5.127703212777941222e-02
3.051731300000000147e+02 5.040779741906378786e-02 5.174353113386924441e-02
3.051807299999999827e+02 5.203423836263697255e-02 5.228372098944268631e-02
3.051882899999999950e+02 5.009912979473603312e-02 5.250151986000281545e-02
3.051958599999999819e+02 5.077582420191611295e-02 5.213596899750875396e-02
3.052034300000000258e+02 5.052651573611292163e-02 5.151590348773481959e-02
3.052110000000000127e+02 5.117946647988318165e-02 5.098510789362990098e-02
3.052185699999999997e+02 5.069272137998171585e-02 5.063090043116619254e-02
3.052261399999999867e+02 4.917312692175275501e-02 5.042909127174403927e-02
3.052336999999999989e+02 4.867450999014637930e-02 5.033674146756606654e-02
3.052412699999999859e+02 5.032469459712939075e-02 5.032891243770420270e-02
3.052488399999999729e+02 4.865076632673655255e-02 5.040550268129311007e-02
3.052564100000000167e+02 5.325703702824308855e-02 5.058155113415440524e-02
3.052640099999999848e+02 5.319767786971851820e-02 5.086623674711167331e-02
3.052715799999999717e+02 5.104887633112913103e-02 5.120447264013290589e-02
3.052791399999999840e+02 5.015848895326059653e-02 5.139869837904341432e-02
3.052867100000000278e+02 5.109636365794878454e-02 5.125554125704240988e-02
3.052942800000000148e+02 4.967174385335913767e-02 5.091933096565171707e-02
3.053018500000000017e+02 4.868638182185129615e-02 5.060991294254054557e-02
3.053094199999999887e+02 5.093015801407999033e-02 5.039702888005884174e-02
3.053169899999999757e+02 5.381501311837403462e-02 5.027238869247486336e-02
3.053245499999999879e+02 5.052651573611292163e-02 5.020891345356952307e-02
3.053321199999999749e+02 4.821150855365474025e-02 5.018212032900576380e-02
3.053396900000000187e+02 4.876948464378568632e-02 5.017670080661643106e-02
3.053472899999999868e+02 5.077582420191611295e-02 5.018492401364334915e-02
3.053548599999999738e+02 4.952928187290017020e-02 5.020349751089208529e-02
3.053624300000000176e+02 5.038405375565396110e-02 5.023177712176175869e-02
3.053700000000000045e+02 4.917312692175275501e-02 5.027113767054440518e-02
3.053775600000000168e+02 4.784348177080241515e-02 5.032524704861038312e-02
3.053851300000000037e+02 4.931558890221172248e-02 5.040059121376175982e-02
3.053926999999999907e+02 4.984982132893284179e-02 5.050476448498433107e-02
3.054002699999999777e+02 5.096577350919473393e-02 5.064185965862923883e-02
3.054078400000000215e+02 5.100138900430947753e-02 5.079880660802017084e-02
3.054154100000000085e+02 5.076395237021120305e-02 5.093239513685179909e-02
3.054229700000000207e+02 5.013474528985076978e-02 5.102214625254471864e-02
3.054305400000000077e+02 5.110823548965370139e-02 5.111647397094851164e-02
3.054381099999999947e+02 5.066897771657188909e-02 5.127931579723359057e-02
3.054456799999999816e+02 5.215295667968610632e-02 5.157837431776898102e-02
3.054532800000000066e+02 5.183241722365343473e-02 5.207210224283836258e-02
3.054608499999999935e+02 5.069272137998171585e-02 5.276003903062442824e-02
3.054684100000000058e+02 5.104887633112913103e-02 5.348972032018371042e-02
3.054759799999999927e+02 5.100138900430947753e-02 5.389806560423206216e-02
3.054835499999999797e+02 5.446796386214428770e-02 5.392697728819066672e-02
3.054911200000000235e+02 5.683045837142212953e-02 5.408678088967303760e-02
3.054986900000000105e+02 5.622499495447152301e-02 5.486930122414877126e-02
3.055062599999999975e+02 5.946600500991298249e-02 5.660314294696033866e-02
3.055138200000000097e+02 6.569871665499270319e-02 5.942803816817004287e-02
3.055213899999999967e+02 6.793062101551648746e-02 6.292044101472896167e-02
3.055289599999999837e+02 7.175335082449871282e-02 6.521996635109296447e-02
3.055365300000000275e+02 7.214512127076086467e-02 6.411930754917861963e-02
3.055441000000000145e+02 6.747949141072975832e-02 6.073068715617254559e-02
3.055516700000000014e+02 6.059382902187978454e-02 5.741393681865716164e-02
3.055592300000000137e+02 5.766148659076608674e-02 5.503307443550817940e-02
3.055668000000000006e+02 5.603504564719290204e-02 5.354613092299768951e-02
3.055743699999999876e+02 5.586884000332411476e-02 5.268638448015990766e-02
3.055819399999999746e+02 5.368442296961998400e-02 5.219603755346791107e-02
3.055895399999999995e+02 5.476475965476713254e-02 5.190400447917308674e-02
3.055971099999999865e+02 5.301960039414481407e-02 5.172152197074742636e-02
3.056046799999999735e+02 5.316206237460377459e-02 5.160314917898811693e-02
3.056122399999999857e+02 5.203423836263697255e-02 5.152701711693379039e-02
3.056198099999999727e+02 5.202236653093205571e-02 5.148076470033317170e-02
3.056273800000000165e+02 5.280590742345636635e-02 5.145699848165979917e-02
3.056349500000000035e+02 5.160685242126007710e-02 5.145083329110528014e-02
3.056425199999999904e+02 5.272280460152196924e-02 5.145918365090134533e-02
3.056500899999999774e+02 5.269906093811214248e-02 5.148050388015987938e-02
3.056576499999999896e+02 5.275842009663671284e-02 5.151491248317715405e-02
3.056652199999999766e+02 5.542958223024230247e-02 5.156474211416998271e-02
3.056727900000000204e+02 5.491909346693100991e-02 5.163402535867345211e-02
3.056803600000000074e+02 5.461042584260325516e-02 5.172662938698793789e-02
3.056879299999999944e+02 5.621312312276661310e-02 5.184031079817406212e-02
3.056954999999999814e+02 5.685420203483195628e-02 5.195221691016841531e-02
3.057030599999999936e+02 5.478850331817695929e-02 5.201648670385556478e-02
3.057106299999999806e+02 5.564327520093075019e-02 5.202882835834728159e-02
3.057182000000000244e+02 5.502593995227523377e-02 5.203386967668718194e-02
3.057257700000000114e+02 5.510904277420963088e-02 5.205758603682802965e-02
3.057333399999999983e+02 5.490722163522610000e-02 5.210369509270464800e-02
3.057409099999999853e+02 5.666425272755333531e-02 5.216852358335812012e-02
3.057484699999999975e+02 5.590445549843885142e-02 5.224725990749563842e-02
3.057560399999999845e+02 5.732907530302850524e-02 5.233679646573421995e-02
3.057636100000000283e+02 5.550081322047178967e-02 5.243551547846683758e-02
3.057711800000000153e+02 5.515653010102928439e-02 5.254331254362087922e-02
3.057787500000000023e+02 5.462229767430817201e-02 5.266107412623405315e-02
3.057863199999999892e+02 5.487160614011135640e-02 5.279027530431151111e-02
3.057938800000000015e+02 5.364880747450524040e-02 5.293210474667323084e-02
3.058014499999999884e+02 5.499032445716049711e-02 5.308657287947432524e-02
3.058090199999999754e+02 5.414742440611161611e-02 5.324850446860207587e-02
3.058165900000000192e+02 5.607066114230764564e-02 5.341318197429831272e-02
3.058241600000000062e+02 5.438486104020989059e-02 5.358918027677275764e-02
3.058317299999999932e+02 5.508529911079980412e-02 5.379156450659590416e-02
3.058392900000000054e+02 5.698479218358600690e-02 5.403658452980039661e-02
3.058468599999999924e+02 5.723410064938919128e-02 5.435159283336818414e-02
3.058544299999999794e+02 5.785143589804470771e-02 5.478061703985530329e-02
3.058620000000000232e+02 5.906236273194591380e-02 5.538125288385599421e-02
3.058695700000000102e+02 6.162667838020727956e-02 5.619488608807615693e-02
3.058771399999999971e+02 6.167416570702694001e-02 5.715994350837175220e-02
3.058847000000000094e+02 6.446404615768167035e-02 5.794233195381478380e-02
3.058922699999999963e+02 6.442843066256692675e-02 5.810265383011252449e-02
3.058998399999999833e+02 6.439281516745218314e-02 5.776495212314720906e-02
3.059074100000000271e+02 6.083126565597805901e-02 5.738460644693694351e-02
3.059149800000000141e+02 6.142485724122374868e-02 5.719590602927979162e-02
3.059225500000000011e+02 6.402478838459986499e-02 5.721804174019433364e-02
3.059301100000000133e+02 6.537817719896002466e-02 5.740040408041555131e-02
3.059376800000000003e+02 6.360927427492787944e-02 5.770063111152452795e-02
3.059452499999999873e+02 6.692151532059881225e-02 5.809327969073740938e-02
3.059528199999999742e+02 6.571058848669761310e-02 5.856582854008422767e-02
3.059603900000000181e+02 6.771692804482803973e-02 5.911612390800113220e-02
3.059679600000000050e+02 6.637541106217277609e-02 5.974979290114632718e-02
3.059755200000000173e+02 6.939085631522087794e-02 6.047857625336246906e-02
3.059830900000000042e+02 7.101729725879406263e-02 6.132693576293454102e-02
3.059906599999999912e+02 7.083921978322035851e-02 6.233463157113476594e-02
3.059982299999999782e+02 6.990134507853217050e-02 6.357838655443917575e-02
3.060058000000000220e+02 7.481628340436645430e-02 6.519722993080710738e-02
3.060133700000000090e+02 7.261999453895741363e-02 6.740673261833086960e-02
3.060209399999999960e+02 7.928009212541403672e-02 7.045696267801301871e-02
3.060285000000000082e+02 8.420690228295323043e-02 7.446016689497986230e-02
3.060360699999999952e+02 8.649816580200159200e-02 7.896891156334227835e-02
3.060436399999999821e+02 9.184049006921278513e-02 8.239201566118596609e-02
3.060512100000000260e+02 9.478470433203138590e-02 8.339749806439257507e-02
3.060587800000000129e+02 9.541391141239181917e-02 8.323610546717671865e-02
3.060663499999999999e+02 9.236285066422898760e-02 8.376838455404533867e-02
3.060739100000000121e+02 9.318200705186803490e-02 8.576323814203912210e-02
3.060814799999999991e+02 9.918915389455439102e-02 8.941199505638042222e-02
3.060890499999999861e+02 1.011717497892749840e-01 9.484895197202809769e-02
3.060966199999999731e+02 1.069414599978630726e-01 1.024481758229076611e-01
3.061041900000000169e+02 1.168544394714660511e-01 1.130817632115345833e-01
3.061117600000000039e+02 1.313143304880509954e-01 1.285440408230037468e-01
3.061193200000000161e+02 1.613381928697778800e-01 1.521839447403504075e-01
3.061268900000000031e+02 2.014649840323863572e-01 1.898789565749087749e-01
3.061344599999999900e+02 2.662733133095105398e-01 2.500891931880341867e-01
3.061420299999999770e+02 3.562261821376420112e-01 3.410641356772334820e-01
3.061496000000000208e+02 4.727007229945508482e-01 4.601731087348444604e-01
3.061571700000000078e+02 5.799745942801515231e-01 5.790448544122251961e-01
3.061647300000000200e+02 6.643833177020882497e-01 6.675895368570490263e-01
3.061723000000000070e+02 6.820129877838851939e-01 7.039806670954081858e-01
3.061798699999999940e+02 6.525233578288793801e-01 6.526802515039101804e-01
3.061874399999999810e+02 5.725190839694656031e-01 5.545109753084538351e-01
3.061950100000000248e+02 4.969786188310994501e-01 4.801038741587291270e-01
3.062025800000000118e+02 4.759298612182873423e-01 4.548496475114041648e-01
3.062101400000000240e+02 5.123170253938480467e-01 4.814370926800870532e-01
3.062177100000000110e+02 5.627723101397315020e-01 5.423888108882166659e-01
3.062252500000000168e+02 5.922975555898519762e-01 5.789150375640502721e-01
3.062328200000000038e+02 5.691118682701553633e-01 5.375935242226110855e-01
3.062403899999999908e+02 4.792658459273681504e-01 4.453780086717458175e-01
3.062479599999999778e+02 3.792337919817648784e-01 3.537126629372152609e-01
3.062555199999999900e+02 2.933054741015991285e-01 2.845372078494914914e-01
3.062630899999999770e+02 2.465067135208291182e-01 2.416329151841694611e-01
3.062706600000000208e+02 2.310258449776216028e-01 2.247677167581539348e-01
3.062782300000000077e+02 2.469815867890256811e-01 2.347510266606460116e-01
3.062857999999999947e+02 2.935547825674023059e-01 2.733354537881987345e-01
3.062933699999999817e+02 3.697719421129486150e-01 3.394183779087904251e-01
3.063009299999999939e+02 4.500492681015754171e-01 4.159677925488484695e-01
3.063084999999999809e+02 4.960882314532309434e-01 4.650591766169973051e-01
3.063160700000000247e+02 5.104175323210617954e-01 4.664380138004547982e-01
3.063236400000000117e+02 4.597485546044899341e-01 4.188169834992934160e-01
3.063312099999999987e+02 3.791150736647157515e-01 3.380455431768545349e-01
3.063387799999999856e+02 2.928187290016976974e-01 2.624663891540757743e-01
3.063463399999999979e+02 2.234397445181817154e-01 2.094775305680553479e-01
3.063539099999999848e+02 1.825887716215734979e-01 1.760587007407092286e-01
3.063614499999999907e+02 1.609820379186304717e-01 1.562283576697268694e-01
3.063690199999999777e+02 1.493832583429297312e-01 1.470968689240159666e-01
3.063765900000000215e+02 1.571593081096482325e-01 1.481640677749170854e-01
3.063841600000000085e+02 1.766884712642313449e-01 1.607500901363221602e-01
3.063917200000000207e+02 2.171951610413970779e-01 1.877120788447116939e-01
3.063992900000000077e+02 2.721736136668526651e-01 2.315601854810274141e-01
3.064068599999999947e+02 3.423005235477781794e-01 2.877153586939622532e-01
3.064144299999999816e+02 3.893842080894661106e-01 3.327629938073261018e-01
3.064220000000000255e+02 4.080348556978856123e-01 3.412197618206436744e-01
3.064295700000000124e+02 3.895979010601545722e-01 3.270736845712740037e-01
3.064371300000000247e+02 3.644058741823276160e-01 3.136741801620449577e-01
3.064447000000000116e+02 3.495898282145952218e-01 3.086289740915409974e-01
3.064522699999999986e+02 3.262735507461446138e-01 2.957221675140901396e-01
3.064598100000000045e+02 2.890672301829449453e-01 2.581777747355057384e-01
3.064673799999999915e+02 2.311920506214903970e-01 2.125978675907642113e-01
3.064749499999999784e+02 1.927748032243895016e-01 1.772549739877072317e-01
3.064825099999999907e+02 1.606733702943027031e-01 1.546635025206723746e-01
3.064900799999999776e+02 1.469139173483076655e-01 1.411016086708077322e-01
3.064976500000000215e+02 1.428893664003419162e-01 1.343905033647948555e-01
3.065052200000000084e+02 1.480536131919793774e-01 1.343238352855457007e-01
3.065127899999999954e+02 1.540132727078460939e-01 1.417670816450917193e-01
3.065203599999999824e+02 1.740766682891503325e-01 1.590855518016120462e-01
3.065279199999999946e+02 2.126957368252347658e-01 1.896727704439889473e-01
3.065354899999999816e+02 2.676385739555756094e-01 2.358181113522637151e-01
3.065430600000000254e+02 3.294195861479467524e-01 2.918643925038498788e-01
3.065505999999999744e+02 3.791981764866501070e-01 3.349512061943896168e-01
3.065581700000000183e+02 3.994040340484133478e-01 3.462893609755157143e-01
3.065657299999999736e+02 4.024432229648712278e-01 3.409525674210914237e-01
3.065733000000000175e+02 4.111096601094582637e-01 3.463683451017331993e-01
3.065808700000000044e+02 4.591668348509491682e-01 3.858477246356099011e-01
3.065884399999999914e+02 5.342324267211188138e-01 4.643049309050259477e-01
3.065960099999999784e+02 6.222383151496444498e-01 5.568356462888233160e-01
3.066035800000000222e+02 6.864411810098179911e-01 6.252607462526869053e-01
3.066111500000000092e+02 7.162869659159711855e-01 6.554223788261598349e-01
3.066187100000000214e+02 6.907387840869967377e-01 6.526790213984684508e-01
3.066262500000000273e+02 6.338608383887549547e-01 6.128516719383638733e-01
3.066338200000000143e+02 5.454750513456720906e-01 5.340327530384473276e-01
3.066413900000000012e+02 4.819132643975638786e-01 4.630368904977684719e-01
3.066489599999999882e+02 4.508921681526242842e-01 4.333057159004113368e-01
3.066565200000000004e+02 4.380943335747272682e-01 4.340659870102469564e-01
3.066640899999999874e+02 4.424038084836109386e-01 4.254399426951999685e-01
3.066716599999999744e+02 4.308287725713200178e-01 3.953106850646683212e-01
3.066792300000000182e+02 4.225897213681099052e-01 3.780968252177608346e-01
3.066868000000000052e+02 4.493607018626903926e-01 3.954854712386320914e-01
3.066943400000000111e+02 4.882765661913976984e-01 4.353257000555700862e-01
3.067019000000000233e+02 5.020835064642124035e-01 4.578635052984288967e-01
3.067094700000000103e+02 4.937732242707727481e-01 4.363119602738830261e-01
3.067170399999999972e+02 4.383792575356451615e-01 3.831982110207579617e-01
3.067246099999999842e+02 3.706504576591121980e-01 3.259289833811987447e-01
3.067321800000000280e+02 3.225457955908017094e-01 2.889920732303605799e-01
3.067397500000000150e+02 3.158738261726402041e-01 2.841657252350481278e-01
3.067473100000000272e+02 3.282561466408652207e-01 3.066316365407985023e-01
3.067548499999999763e+02 3.470729998931534888e-01 3.313392836380910089e-01
3.067624200000000201e+02 3.461351251884653424e-01 3.207985316890101801e-01
3.067699900000000071e+02 3.102703216079208959e-01 2.771969019812736135e-01
3.067775599999999940e+02 2.624149680054135292e-01 2.354840791434102409e-01
3.067851299999999810e+02 2.371042228105374461e-01 2.146182566255280810e-01
3.067926899999999932e+02 2.526325786805646012e-01 2.187008053469728930e-01
3.068002599999999802e+02 2.813980269015706193e-01 2.450162397842899353e-01
3.068078300000000240e+02 3.111844526491992502e-01 2.808960693941268683e-01
3.068153699999999731e+02 3.316277468450607446e-01 3.012406087167593949e-01
3.068229400000000169e+02 3.394275402751890658e-01 2.994849467227360118e-01
3.068305100000000039e+02 3.242434675246043674e-01 2.920040693918347641e-01
3.068380700000000161e+02 3.079078270986430610e-01 2.766429881471063057e-01
3.068456400000000031e+02 2.844134721546187627e-01 2.500998076263711289e-01
3.068532099999999900e+02 2.690631937601652424e-01 2.311469336055181900e-01
3.068607799999999770e+02 2.719124333693445639e-01 2.352415963989359371e-01
3.068683199999999829e+02 3.079315707620528531e-01 2.661845291361161769e-01
3.068758900000000267e+02 3.766338608383887343e-01 3.171927080556591338e-01
3.068834499999999821e+02 4.302707964811890995e-01 3.669519385849743243e-01
3.068910200000000259e+02 4.468557453729535833e-01 3.912983466062118221e-01
3.068985900000000129e+02 4.209276649294219630e-01 3.713448633056230519e-01
3.069061599999999999e+02 3.537212256479052019e-01 3.092898666869209889e-01
3.069137299999999868e+02 2.700960431184927790e-01 2.401708171972922190e-01
3.069212600000000180e+02 2.065817434972041788e-01 1.885407800122518851e-01
3.069288300000000049e+02 1.688768060023980999e-01 1.575200780163404368e-01
3.069363999999999919e+02 1.546899671150261668e-01 1.442477478632347709e-01
3.069439699999999789e+02 1.633326605962033828e-01 1.454394961205962011e-01
3.069515400000000227e+02 1.893794593567841578e-01 1.594187518325622110e-01
3.069591100000000097e+02 2.169695962390037203e-01 1.836704739804778108e-01
3.069666700000000219e+02 2.336376479527026151e-01 2.072056472106634795e-01
3.069742100000000278e+02 2.307884083435233213e-01 2.081961488059383969e-01
3.069817800000000148e+02 1.974760485795353238e-01 1.827595736159454143e-01
3.069893500000000017e+02 1.604121899967946019e-01 1.516740281229715936e-01
3.069969199999999887e+02 1.346028278703121084e-01 1.279464923124164488e-01
3.070044899999999757e+02 1.163439507081547586e-01 1.135855886569436535e-01
3.070120499999999879e+02 1.105861123312715938e-01 1.070346804783456895e-01
3.070195899999999938e+02 1.150855365474339059e-01 1.065809418748875220e-01
3.070271599999999808e+02 1.269454964206427339e-01 1.118365304311959713e-01
3.070347300000000246e+02 1.418921325371291509e-01 1.241825070947660814e-01
3.070423000000000116e+02 1.749314401719041234e-01 1.465698777576940059e-01
3.070498699999999985e+02 2.232141797157883578e-01 1.823233930880790443e-01
3.070574300000000108e+02 2.795697648190139106e-01 2.311245236133427361e-01
3.070649700000000166e+02 3.443306067693184258e-01 2.840725846335731553e-01
3.070725400000000036e+02 3.956287915662507482e-01 3.306870493396242283e-01
3.070801099999999906e+02 4.162976505645055725e-01 3.592177903783760895e-01
3.070876799999999776e+02 4.069307753493286439e-01 3.497456932713107203e-01
3.070952500000000214e+02 3.462775871689243168e-01 3.033323396594122534e-01
3.071028099999999768e+02 2.648486935049208513e-01 2.410413179567345021e-01
3.071103499999999826e+02 1.978203316989778360e-01 1.864736389698123387e-01
3.071179200000000264e+02 1.558059192952880589e-01 1.491521256425270281e-01
3.071254900000000134e+02 1.323946671731981439e-01 1.278212377149057222e-01
3.071330600000000004e+02 1.240487694846437866e-01 1.181012710783487518e-01
3.071406299999999874e+02 1.280733204326095498e-01 1.170365914914201638e-01
3.071481600000000185e+02 1.413341564469982048e-01 1.244986442131465060e-01
3.071557300000000055e+02 1.662175157004974202e-01 1.411187282108654906e-01
3.071632999999999925e+02 1.893438438616694142e-01 1.637200122622967102e-01
3.071708699999999794e+02 1.979746655111417064e-01 1.788294583450988351e-01
3.071784400000000232e+02 1.848088041503923584e-01 1.696300928288030363e-01
3.071859999999999786e+02 1.584889532605985862e-01 1.434203397328809859e-01
3.071935399999999845e+02 1.256158512696924079e-01 1.177265188806098095e-01
3.072011100000000283e+02 1.024895231085204139e-01 9.901191656592117640e-02
3.072086800000000153e+02 9.194733655455700205e-02 8.722309331028874069e-02
3.072162500000000023e+02 8.710362921895219157e-02 8.037434943003049503e-02
3.072238199999999892e+02 8.363705436111737446e-02 7.655565322895412084e-02
3.072313500000000204e+02 8.286538530029798066e-02 7.452593592007564216e-02
3.072389200000000073e+02 8.127455985183953957e-02 7.363815905833707987e-02
3.072464899999999943e+02 8.070471193000368360e-02 7.367830485840883015e-02
3.072540599999999813e+02 8.248548668574073872e-02 7.467617096928141907e-02
3.072616300000000251e+02 8.385074733180582218e-02 7.693658987461444998e-02
3.072691699999999742e+02 9.296831408117958717e-02 8.120757642096623763e-02
3.072767299999999864e+02 1.006731328576686152e-01 8.904461515771786018e-02
3.072842999999999734e+02 1.197986537342846658e-01 1.028892526944097802e-01
3.072918700000000172e+02 1.488490259162086049e-01 1.254518963272983068e-01
3.072994400000000041e+02 1.905191552004558697e-01 1.575539397461339086e-01
3.073069800000000100e+02 2.169814680707086163e-01 1.920918672637447200e-01
3.073145400000000222e+02 2.334833141405387447e-01 2.074682870978759031e-01
3.073221100000000092e+02 2.218251754063134407e-01 1.886543611630112638e-01
3.073296799999999962e+02 1.847731886552776148e-01 1.546750654093287936e-01
3.073372499999999832e+02 1.396958436717201102e-01 1.256573154510993995e-01
3.073447899999999890e+02 1.128536321869101217e-01 1.071060813740310758e-01
3.073523599999999760e+02 1.031662175157005007e-01 9.813076403698436923e-02
3.073599199999999882e+02 1.077250008903873763e-01 9.719862668259049432e-02
3.073674899999999752e+02 1.184690085833343259e-01 1.036755727714978037e-01
3.073750299999999811e+02 1.355288307432953865e-01 1.178761545282911855e-01
3.073826000000000249e+02 1.615637576721712376e-01 1.396236703988255334e-01
3.073901700000000119e+02 1.892607410397350309e-01 1.635346044260399534e-01
3.073977399999999989e+02 2.141915876200538860e-01 1.779968971034776581e-01
3.074053000000000111e+02 2.279391687343440276e-01 1.822852534934037982e-01
3.074128400000000170e+02 2.178006244583476914e-01 1.850097000616619525e-01
3.074204100000000039e+02 1.983901796208137058e-01 1.801080235649658023e-01
3.074279799999999909e+02 1.671197749100708785e-01 1.587423942018547085e-01
3.074355499999999779e+02 1.341160827704106495e-01 1.309752666177753100e-01
3.074430800000000090e+02 1.075231797514038384e-01 1.077462811358224082e-01
3.074506499999999960e+02 9.193546472285209215e-02 9.132278836815760359e-02
3.074582199999999830e+02 8.299597544905203128e-02 8.089475357036911285e-02
3.074657900000000268e+02 7.748744553797205781e-02 7.458776384379320334e-02
3.074733600000000138e+02 7.345102275830138472e-02 7.076000592113459997e-02
3.074809000000000196e+02 7.348663825341611444e-02 6.836467799484252650e-02
3.074884599999999750e+02 6.966390844443388908e-02 6.681623889242416237e-02
3.074960300000000188e+02 7.018626903945009154e-02 6.583878619441414781e-02
3.075036000000000058e+02 7.265561003407215723e-02 6.529754988130864746e-02
3.075111400000000117e+02 7.037621834672871945e-02 6.513242202018081073e-02
3.075187099999999987e+02 7.107665641731862605e-02 6.533366741373008990e-02
3.075262799999999856e+02 7.125473389289233017e-02 6.594652826975391791e-02
3.075338399999999979e+02 7.326107345102275681e-02 6.707606004548258283e-02
3.075413800000000037e+02 7.183645364643310993e-02 6.890775391936565519e-02
3.075489499999999907e+02 7.869837237187325696e-02 7.179307910197418874e-02
3.075565199999999777e+02 8.597580520698538953e-02 7.632415433757884504e-02
3.075640900000000215e+02 9.581755369035888092e-02 8.363735069005372169e-02
3.075716199999999958e+02 1.088765685657640120e-01 9.570715352396520770e-02
3.075791899999999828e+02 1.392684577303432147e-01 1.147959352915466358e-01
3.075867600000000266e+02 1.745990288841665350e-01 1.404968903694577276e-01
3.075943300000000136e+02 1.948405019410444916e-01 1.643136862593674308e-01
3.076018700000000194e+02 2.057982026046798751e-01 1.678283428622990292e-01
3.076094400000000064e+02 1.784455023565585940e-01 1.477407470507519915e-01
3.076170000000000186e+02 1.416784395664407170e-01 1.220110871049285978e-01
3.076245700000000056e+02 1.132810181282870171e-01 1.018919468631643566e-01
3.076321100000000115e+02 9.750335379245664291e-02 8.918413823243037664e-02
3.076396799999999985e+02 8.989350966960692191e-02 8.224779858594810644e-02
3.076472499999999854e+02 8.560777842413305749e-02 7.917434924817266795e-02
3.076548199999999724e+02 8.730545035793572939e-02 7.857426419456392530e-02
3.076623500000000035e+02 8.843327436990253143e-02 7.984327643576515088e-02
3.076699199999999905e+02 9.432170289553974685e-02 8.312859372895298193e-02
3.076774899999999775e+02 1.030356273669464501e-01 8.925682824705752361e-02
3.076850600000000213e+02 1.146462787743521006e-01 9.971562748194473524e-02
3.076926000000000272e+02 1.396839718400151864e-01 1.162568144709034829e-01
3.077001599999999826e+02 1.690430116462668941e-01 1.401355281890552806e-01
3.077077300000000264e+02 1.962769935773390484e-01 1.689188707078199403e-01
3.077153000000000134e+02 2.228461529329360258e-01 1.940997505173946980e-01
3.077228400000000192e+02 2.527512969976137835e-01 2.150949563011005372e-01
3.077304100000000062e+02 2.956086094523523999e-01 2.467335619573525207e-01
3.077379799999999932e+02 3.459570477128915966e-01 2.930473272425433429e-01
3.077455100000000243e+02 3.855614782804838714e-01 3.317923973102534507e-01
3.077530800000000113e+02 3.831396246126814731e-01 3.276964864763186602e-01
3.077606499999999983e+02 3.224270772737525825e-01 2.759163574909898053e-01
3.077682199999999852e+02 2.486911305545332629e-01 2.121783160420557257e-01
3.077757599999999911e+02 1.817458715705246031e-01 1.619691966134402250e-01
3.077833299999999781e+02 1.330357460852635010e-01 1.288030781750187093e-01
3.077908899999999903e+02 1.122125532748447785e-01 1.087184624763570528e-01
3.077984599999999773e+02 1.007206201844882687e-01 9.680803089402831296e-02
3.078059999999999832e+02 9.218477318865528347e-02 8.983703435609392829e-02
3.078135700000000270e+02 8.875381382593520996e-02 8.581969507393256980e-02
3.078211400000000140e+02 8.677121793121460314e-02 8.376842635590947550e-02
3.078286699999999882e+02 8.669998694098512981e-02 8.316873437356051002e-02
3.078362399999999752e+02 9.039212660121330456e-02 8.377499852014039239e-02
3.078438100000000190e+02 9.161492526681941362e-02 8.562239609645352911e-02
3.078513800000000060e+02 9.606686215616207225e-02 8.896152462792177029e-02
3.078589200000000119e+02 1.024064202865860168e-01 9.429792883782797674e-02
3.078664899999999989e+02 1.144682012987783826e-01 1.030785882346259563e-01
3.078740500000000111e+02 1.297472487030023880e-01 1.182433612828964198e-01
3.078815900000000170e+02 1.620386309403678005e-01 1.444803241965972318e-01
3.078891600000000039e+02 2.178837272802820746e-01 1.877931969795413325e-01
3.078967299999999909e+02 2.931155247943205144e-01 2.516193868270356626e-01
3.079042699999999968e+02 3.719563591466527597e-01 3.270949503988082596e-01
3.079118300000000090e+02 4.341410136169909784e-01 3.786728493543035090e-01
3.079193999999999960e+02 4.240143411726995382e-01 3.688848615434828226e-01
3.079269699999999830e+02 3.815606709959279419e-01 3.187969009837910428e-01
3.079345099999999888e+02 3.097479610129046934e-01 2.691413152742477832e-01
3.079420799999999758e+02 2.584853917110870869e-01 2.278910928296574712e-01
3.079496500000000196e+02 2.128619424691035600e-01 1.877831011122557681e-01
3.079571799999999939e+02 1.735305640307243102e-01 1.529098483704120492e-01
3.079647499999999809e+02 1.401232296130970056e-01 1.278490806700603444e-01
3.079723200000000247e+02 1.157978464497287224e-01 1.120132806326928632e-01
3.079798599999999738e+02 1.057305331639618734e-01 1.028877542305436377e-01
3.079874300000000176e+02 1.020502653354386086e-01 9.823512827971753181e-02
3.079950000000000045e+02 1.002813624114064495e-01 9.671262528110582957e-02
3.080025600000000168e+02 1.043534006861918662e-01 9.767354505529507458e-02
3.080101000000000226e+02 1.089240558925836655e-01 1.011377173907155175e-01
3.080176700000000096e+02 1.198817565562190629e-01 1.078557617284911230e-01
3.080252399999999966e+02 1.324777699951325549e-01 1.193285449347465110e-01
3.080327800000000025e+02 1.559365094440421096e-01 1.378342040108999633e-01
3.080403400000000147e+02 1.939976018899955967e-01 1.665456589636762352e-01
3.080479100000000017e+02 2.296368406681466856e-01 2.079229081694015657e-01
3.080554500000000075e+02 2.839742143815369158e-01 2.607048924481742413e-01
3.080630199999999945e+02 3.635036149727541299e-01 3.272704891945132366e-01
3.080705899999999815e+02 4.580390108389823522e-01 4.176628658984888887e-01
3.080781299999999874e+02 5.492146783327199744e-01 5.181837897418484218e-01
3.080856899999999996e+02 6.060213930407322147e-01 5.702298368943667928e-01
3.080932599999999866e+02 5.679959160898935266e-01 5.322094536203200166e-01
3.081007999999999925e+02 4.718340792800921335e-01 4.331992773328276480e-01
3.081083699999999794e+02 3.540417651039378666e-01 3.274752056850452342e-01
3.081159400000000232e+02 2.614177341422008194e-01 2.500772416883098592e-01
3.081234699999999975e+02 2.076145928555316877e-01 2.056496976116234388e-01
3.081310399999999845e+02 1.850106252893758962e-01 1.837410280852266875e-01
3.081386100000000283e+02 1.743734640817731774e-01 1.686841505138405028e-01
3.081461499999999774e+02 1.611007562356795986e-01 1.498376758149204124e-01
3.081537200000000212e+02 1.389123027791958065e-01 1.304543905244361646e-01
3.081612900000000081e+02 1.210689397267104284e-01 1.156026743636566489e-01
3.081688199999999824e+02 1.084491826243871165e-01 1.061577205258762008e-01
3.081763900000000262e+02 1.038785274179953172e-01 1.010674045050275333e-01
3.081839600000000132e+02 9.916541023114455733e-02 9.899964781867609531e-02
3.081915000000000191e+02 9.845310032884974083e-02 9.873172301204256873e-02
3.081990700000000061e+02 9.964028349934112017e-02 9.986773139083779394e-02
3.082066300000000183e+02 1.014922892453076625e-01 1.029433253653640745e-01
3.082141700000000242e+02 1.089359277242885754e-01 1.090686389452047989e-01
3.082217400000000112e+02 1.197867819025797559e-01 1.202703638269417979e-01
3.082293099999999981e+02 1.403962817423100307e-01 1.403801002679673227e-01
3.082368500000000040e+02 1.792527869124927176e-01 1.757567918402148655e-01
3.082444199999999910e+02 2.418648273242078595e-01 2.350518425472358230e-01
3.082519800000000032e+02 3.325062623912243276e-01 3.237257254392031380e-01
3.082595200000000091e+02 4.309593627200740684e-01 4.313678529213862411e-01
3.082670899999999961e+02 4.964800018994930952e-01 5.076986632951719924e-01
3.082746599999999830e+02 4.900810846105445595e-01 4.886750971316868863e-01
3.082821999999999889e+02 4.071800838151318214e-01 3.974957173716591186e-01
3.082897600000000011e+02 3.031947099117923150e-01 2.962585270561060580e-01
3.082973000000000070e+02 2.100364465233340860e-01 2.179142877951445456e-01
3.083048699999999940e+02 1.561145869196158276e-01 1.669732650439068600e-01
3.083124399999999810e+02 1.288331176617240337e-01 1.377134890981639992e-01
3.083199799999999868e+02 1.196205762587109617e-01 1.229170456160688790e-01
3.083275499999999738e+02 1.181009818004819939e-01 1.174091587367599998e-01
3.083351099999999860e+02 1.222205074020870641e-01 1.182410685933232286e-01
3.083426499999999919e+02 1.315755107855590966e-01 1.225768517849395584e-01
3.083502199999999789e+02 1.372027590136882247e-01 1.249971823301181256e-01
3.083577900000000227e+02 1.332850545510666784e-01 1.202137445910999164e-01
3.083653299999999717e+02 1.221255327484477571e-01 1.112694679594302266e-01
3.083728899999999840e+02 1.127349138698609810e-01 1.034063048061490825e-01
3.083804299999999898e+02 1.023470611280614534e-01 9.862193473591082671e-02
3.083879999999999768e+02 1.019671625135042115e-01 9.699567181665884330e-02
3.083955700000000206e+02 1.028575498913727460e-01 9.827197991477944206e-02
3.084031100000000265e+02 1.077131290586824663e-01 1.024043498192767632e-01
3.084106800000000135e+02 1.140170716939916673e-01 1.100626373437944422e-01
3.084182400000000257e+02 1.281682950862488568e-01 1.227857189264633664e-01
3.084257799999999747e+02 1.529210641909940216e-01 1.431801062127629476e-01
3.084333500000000186e+02 1.851887027649496142e-01 1.751839480971681406e-01
3.084408900000000244e+02 2.302779195802120427e-01 2.220900430938949066e-01
3.084484600000000114e+02 2.905393373143542179e-01 2.856712830142411619e-01
3.084560200000000236e+02 3.639903600726556165e-01 3.707503234610028398e-01
3.084635599999999727e+02 4.556409008345897460e-01 4.787126349318306384e-01
3.084711300000000165e+02 5.234528035330571205e-01 5.688625601277133015e-01
3.084786700000000224e+02 5.271686868566951567e-01 5.632303517541591420e-01
3.084862400000000093e+02 4.517113245402633037e-01 4.667795840677853025e-01
3.084938000000000216e+02 3.310816425866346946e-01 3.507472549944177231e-01
3.085013400000000274e+02 2.411762610853228628e-01 2.564140907007508852e-01
3.085089100000000144e+02 1.757743402229529905e-01 1.926487648816660458e-01
3.085164800000000014e+02 1.402063324350313889e-01 1.542388200904252216e-01
3.085240200000000073e+02 1.201429368537271641e-01 1.325830075257110885e-01
3.085315899999999942e+02 1.120463476309759843e-01 1.208735083604445815e-01
3.085391200000000254e+02 1.086153882682559108e-01 1.154829074136932837e-01
3.085466900000000123e+02 1.133878646136312340e-01 1.149039422571729863e-01
3.085542599999999993e+02 1.261738273598233540e-01 1.193844520057030095e-01
3.085618000000000052e+02 1.405506155544739011e-01 1.305488595066636726e-01
3.085693699999999922e+02 1.633564042596132027e-01 1.510345637610725211e-01
3.085769000000000233e+02 2.114729381596286428e-01 1.817334450303136339e-01
3.085844700000000103e+02 2.551494070020063343e-01 2.190463041528518673e-01
3.085920399999999972e+02 3.007253689171702216e-01 2.554361529093797656e-01
3.085995800000000031e+02 3.076110313060201884e-01 2.760935126877808177e-01
3.086071499999999901e+02 2.952168390060902481e-01 2.593459799792985909e-01
3.086146899999999960e+02 2.481568981278121366e-01 2.169848077169045930e-01
3.086222500000000082e+02 1.906022580223902807e-01 1.769578074381054633e-01
3.086298199999999952e+02 1.494307456697493985e-01 1.501292608315897836e-01
3.086373600000000010e+02 1.292011444445763657e-01 1.362683635603503252e-01
3.086449299999999880e+02 1.235857680481521476e-01 1.326724872580107850e-01
3.086524699999999939e+02 1.273253950351999897e-01 1.379506660620038183e-01
3.086600300000000061e+02 1.440528059074234479e-01 1.532671489889389504e-01
3.086675700000000120e+02 1.737917443282324115e-01 1.833538788229565064e-01
3.086751399999999990e+02 2.236534374888701493e-01 2.370252373805898372e-01
3.086827099999999859e+02 3.090237792789049531e-01 3.234017984250078803e-01
3.086902499999999918e+02 4.169980886350955207e-01 4.426375147338489913e-01
3.086978100000000040e+02 5.135754395545688578e-01 5.632264116498157946e-01
3.087053500000000099e+02 5.547232082437999479e-01 6.014309908972194085e-01
3.087129199999999969e+02 5.101682238552586179e-01 5.233622113041332957e-01
3.087204899999999839e+02 3.853002979829757702e-01 4.010721828231494923e-01
3.087280299999999897e+02 2.721023826766231779e-01 2.923778670825003534e-01
3.087355999999999767e+02 2.013462657153372304e-01 2.141335894276405472e-01
3.087431300000000078e+02 1.536927332518134293e-01 1.650410119943443443e-01
3.087506999999999948e+02 1.289043486519535209e-01 1.357053541367711502e-01
3.087582400000000007e+02 1.103605475288782362e-01 1.183180776369534282e-01
3.087658099999999877e+02 1.017297258794059300e-01 1.074546096797784900e-01
3.087733799999999746e+02 9.981836097491482429e-02 1.003234260971927749e-01
3.087809100000000058e+02 9.633991428537509727e-02 9.549611684001158007e-02
3.087884799999999927e+02 9.477283250032647599e-02 9.218231879258094452e-02
3.087960199999999986e+02 9.224413234717984689e-02 9.001142666276913673e-02
3.088035899999999856e+02 9.020217729393467665e-02 8.872878393159985833e-02
3.088111299999999915e+02 9.144871962295061940e-02 8.820805204313132697e-02
3.088186999999999784e+02 9.042774209632804816e-02 8.837892518305574818e-02
3.088262300000000096e+02 9.658922275117827472e-02 8.923602884542211622e-02
3.088337999999999965e+02 9.582942552206380471e-02 9.086496159064239020e-02
3.088413699999999835e+02 9.820379186304654950e-02 9.346800801404639425e-02
3.088489099999999894e+02 1.019315470183894679e-01 9.744152900535238415e-02
3.088564799999999764e+02 1.112746785701565905e-01 1.035009226693497375e-01
3.088640100000000075e+02 1.223867130459558583e-01 1.124408715324220903e-01
3.088715799999999945e+02 1.374520674794914021e-01 1.249725768698087824e-01
3.088791200000000003e+02 1.478161765578811238e-01 1.401450354856252911e-01
3.088866899999999873e+02 1.564351263756484922e-01 1.536316522531362416e-01
3.088942299999999932e+02 1.567200503365664410e-01 1.608941321236950772e-01
3.089017900000000054e+02 1.557228164733536757e-01 1.665530743125075708e-01
3.089093599999999924e+02 1.634513789132525374e-01 1.783388726859331808e-01
3.089168999999999983e+02 1.850937281113103072e-01 2.024165898653088602e-01
3.089244699999999852e+02 2.345161634988662536e-01 2.478215852483264259e-01
3.089320099999999911e+02 3.042631747652345120e-01 3.277987496289659353e-01
3.089395799999999781e+02 4.397682618451200787e-01 4.596101371981092254e-01
3.089471100000000092e+02 6.297650564505598014e-01 6.512132622750078648e-01
3.089546799999999962e+02 8.243562499258010323e-01 8.763284483989204343e-01
3.089622200000000021e+02 9.720062208398133619e-01 1.032599999999999962e+00
3.089697899999999890e+02 1.000000000000000000e+00 1.031975596937887429e+00
3.089773299999999949e+02 8.761649234860446889e-01 8.921669851232993942e-01
3.089848900000000071e+02 6.997257606876164937e-01 6.976280663972906915e-01
3.089924300000000130e+02 5.307658518632839550e-01 5.416695173240986261e-01
3.090000000000000000e+02 4.441489677442332362e-01 4.611293756293249335e-01
3.090075699999999870e+02 4.578015742048840986e-01 4.552814579095927905e-01
3.090151099999999929e+02 5.371647691522325463e-01 5.035527926759040263e-01
3.090226700000000051e+02 6.051666211579784793e-01 5.649639088742007820e-01
3.090302100000000110e+02 6.213241841083660955e-01 5.797241174159004640e-01
3.090377799999999979e+02 5.727327769401541202e-01 5.226371531341471588e-01
3.090453200000000038e+02 4.603184025263257761e-01 4.294994109681285477e-01
3.090528899999999908e+02 3.548965369866916575e-01 3.412738607822313197e-01
3.090604200000000219e+02 2.801277409091448845e-01 2.812360291446566185e-01
3.090679900000000089e+02 2.426483682167321632e-01 2.511174292441654132e-01
3.090755300000000148e+02 2.352166015694561463e-01 2.444653907202340437e-01
3.090831000000000017e+02 2.462099177282062734e-01 2.539707563275174218e-01
3.090906400000000076e+02 2.853632186910118329e-01 2.818826710655567003e-01
3.090982099999999946e+02 3.521066565360369549e-01 3.390308395925435980e-01
3.091057400000000257e+02 4.583239347999003011e-01 4.292458505472638852e-01
3.091133100000000127e+02 5.628079256348461623e-01 5.348132197585077074e-01
3.091208500000000186e+02 6.568090890743533139e-01 6.138450731890443546e-01
3.091284200000000055e+02 6.756021986632317899e-01 6.450671070951853325e-01
3.091359600000000114e+02 6.205643868792516393e-01 6.057517561278832341e-01
3.091435200000000236e+02 5.027245853762777328e-01 4.948248317990617817e-01
3.091510599999999727e+02 3.672194982963921661e-01 3.737543714179832333e-01
3.091586300000000165e+02 2.624149680054135292e-01 2.820763446863376323e-01
3.091661700000000224e+02 1.997079529400591080e-01 2.244809351809455289e-01
3.091737400000000093e+02 1.706338370947253491e-01 1.924250926777942849e-01
3.091812699999999836e+02 1.563520235537141090e-01 1.773996583069414323e-01
3.091888400000000274e+02 1.495850794819132690e-01 1.736188774509005994e-01
3.091963799999999765e+02 1.570049742974843621e-01 1.796837259450855262e-01
3.092039500000000203e+02 1.747058753695107658e-01 1.981619194137013706e-01
3.092114900000000262e+02 2.102976268208421873e-01 2.355426597028345004e-01
3.092190600000000131e+02 2.680778317286574008e-01 3.021957686298464285e-01
3.092265899999999874e+02 3.737490057340946970e-01 4.066345522234957599e-01
3.092341599999999744e+02 4.951028694217231019e-01 5.461870634016253723e-01
3.092416999999999803e+02 5.916089893509669517e-01 6.737638712201926561e-01
3.092492700000000241e+02 6.258236083245284354e-01 7.049928172515076419e-01
3.092568099999999731e+02 5.970344164401125697e-01 6.473448859041860404e-01
3.092643699999999853e+02 5.613358185034369452e-01 5.939689515612887050e-01
3.092719099999999912e+02 5.605047902840929464e-01 5.876851609416000599e-01
3.092794799999999782e+02 5.882848764735910674e-01 6.148470708077546920e-01
3.092870199999999841e+02 5.858036636472641057e-01 6.141513708744875677e-01
3.092945900000000279e+02 5.143471086153882377e-01 5.304341074827272351e-01
3.093021200000000022e+02 3.938005294836940395e-01 4.073667923426179671e-01
3.093096899999999891e+02 2.761506772879987470e-01 3.013289409559840593e-01
3.093172299999999950e+02 2.054776631486472105e-01 2.284792869616903421e-01
3.093247999999999820e+02 1.656357959469566543e-01 1.834089782042317984e-01
3.093323399999999879e+02 1.451331425925705965e-01 1.576758690853015121e-01
3.093399000000000001e+02 1.359799603480821018e-01 1.440035596195137768e-01
3.093474400000000060e+02 1.321453587073949665e-01 1.387653229270730260e-01
3.093550099999999929e+02 1.425450832808994039e-01 1.410801440817270880e-01
3.093625499999999988e+02 1.633089169327935630e-01 1.514984644468553854e-01
3.093701199999999858e+02 1.864708605890803006e-01 1.698721701486512192e-01
3.093776599999999917e+02 2.125532748447757914e-01 1.907996526371121271e-01
3.093852200000000039e+02 2.225493571403131809e-01 2.006114880118661792e-01
3.093927600000000098e+02 2.087780323626132195e-01 1.894128719997856813e-01
3.094003000000000156e+02 1.814134602827870424e-01 1.674527229868518208e-01
3.094078700000000026e+02 1.565182291975829032e-01 1.487027783757550736e-01
3.094154100000000085e+02 1.392565858986382910e-01 1.381817752697619139e-01
3.094229700000000207e+02 1.317061009343131472e-01 1.359722585406695772e-01
3.094305100000000266e+02 1.341042109387057257e-01 1.418213498628863589e-01
3.094380800000000136e+02 1.487540512625692979e-01 1.572230030795209177e-01
3.094456200000000194e+02 1.809267151828855558e-01 1.863868695373231410e-01
3.094531900000000064e+02 2.360713734522099372e-01 2.366287571768629916e-01
3.094607199999999807e+02 3.147222584972635406e-01 3.137312535844034023e-01
3.094682900000000245e+02 4.122612277848349271e-01 4.165731240658946399e-01
3.094758299999999736e+02 4.893450310448398954e-01 5.229340890643994211e-01
3.094834000000000174e+02 5.303028504267923715e-01 5.713404426369363964e-01
3.094909400000000232e+02 4.927403749124452670e-01 5.132179985011906531e-01
3.094984699999999975e+02 3.862737881827787434e-01 4.058422556684216365e-01
3.095060399999999845e+02 2.790117887288829923e-01 3.143117676788830805e-01
3.095135799999999904e+02 2.226443317939524880e-01 2.594039310527524456e-01
3.095211499999999774e+02 2.083387745895314280e-01 2.410242713479697207e-01
3.095286899999999832e+02 2.238196431327389435e-01 2.580902859887552192e-01
3.095362499999999955e+02 2.842353946790450170e-01 3.131591115268303471e-01
3.095437900000000013e+02 3.770256312846508862e-01 4.087754748341196898e-01
3.095513599999999883e+02 4.925979129319862926e-01 5.338477462227172454e-01
3.095588999999999942e+02 5.641969299443211350e-01 6.292102803876012951e-01
3.095664400000000001e+02 5.496301924423919738e-01 6.108488010295581860e-01
3.095740099999999870e+02 4.645091591181603197e-01 5.005242020962263894e-01
3.095815400000000182e+02 3.426922939940403312e-01 3.843902499414833529e-01
3.095891100000000051e+02 2.602661664668241559e-01 2.968481033727101703e-01
3.095966500000000110e+02 2.128025833105789966e-01 2.433504173097713053e-01
3.096042199999999980e+02 1.927866750560943976e-01 2.205151443327731386e-01
3.096117600000000039e+02 2.076502083506464313e-01 2.246505628946574573e-01
3.096193200000000161e+02 2.437049612384694919e-01 2.542095378906469860e-01
3.096268600000000220e+02 3.122766611660512948e-01 3.071600018233831553e-01
3.096344000000000278e+02 3.907850842306459516e-01 3.738320765579830618e-01
3.096419700000000148e+02 4.471406693338715321e-01 4.266386485553169683e-01
3.096495100000000207e+02 4.756330654256645252e-01 4.317719547713245731e-01
3.096570699999999761e+02 4.525186090961974550e-01 4.064710120243804625e-01
3.096646099999999819e+02 4.230764664680113363e-01 3.818769793417080560e-01
3.096721800000000258e+02 3.857632994194674092e-01 3.535573612017781642e-01
3.096797199999999748e+02 3.452209941471869881e-01 3.235572656363702726e-01
3.096872599999999807e+02 3.163605712725416352e-01 3.156799887032332719e-01
3.096948199999999929e+02 3.385608965607303511e-01 3.460616801545903232e-01
3.097023599999999988e+02 4.018852468747403095e-01 4.155332660612807150e-01
3.097099299999999857e+02 4.884665154986763125e-01 5.102093510762960582e-01
3.097174699999999916e+02 5.415336032196407245e-01 5.784628141064414031e-01
3.097250099999999975e+02 5.116403309866679461e-01 5.464179916602974751e-01
3.097325700000000097e+02 4.214025381976185258e-01 4.340991058731903940e-01
3.097401100000000156e+02 3.049279973407096889e-01 3.192992267199419310e-01
3.097476800000000026e+02 2.100483183550390098e-01 2.342555097288049337e-01
3.097552200000000084e+02 1.601391378675815769e-01 1.801246950937682167e-01
3.097627899999999954e+02 1.329170277682143464e-01 1.478474948776756503e-01
3.097703200000000265e+02 1.217931214607101686e-01 1.290329367342088474e-01
3.097778599999999756e+02 1.105504968361568502e-01 1.175869616856184408e-01
3.097854300000000194e+02 1.043177851910771364e-01 1.103191884166708769e-01
3.097929700000000253e+02 9.985397647002955401e-02 1.057385919151292430e-01
3.098005400000000122e+02 9.789512423871879476e-02 1.030281512404028349e-01
3.098080699999999865e+02 9.611434948298172576e-02 1.017006061257166860e-01
3.098156099999999924e+02 1.004594398869801675e-01 1.014401754146615209e-01
3.098231799999999794e+02 1.013854427599634317e-01 1.023739693732194922e-01
3.098307199999999852e+02 1.049232486080277360e-01 1.047702651560695059e-01
3.098382899999999722e+02 1.076300262367480692e-01 1.088209907077594685e-01
3.098458299999999781e+02 1.115714743627794353e-01 1.146797557793182154e-01
3.098533600000000092e+02 1.187064452174325935e-01 1.232943985968730366e-01
3.098609299999999962e+02 1.265893414694953256e-01 1.372391292031142629e-01
3.098684700000000021e+02 1.488252822527987851e-01 1.609821308758975777e-01
3.098760399999999890e+02 1.863402704403262500e-01 2.022708202393932453e-01
3.098835799999999949e+02 2.449752472308952544e-01 2.704849750391081775e-01
3.098911100000000260e+02 3.467405886054159558e-01 3.726298053349581529e-01
3.098986800000000130e+02 4.585732432657034785e-01 4.999617401641490155e-01
3.099062200000000189e+02 5.499269882350147354e-01 5.955875156981884633e-01
3.099137600000000248e+02 5.424002469340994947e-01 5.816781496671590279e-01
3.099213300000000118e+02 4.567805966782614857e-01 4.831834247158897089e-01
3.099288599999999860e+02 3.491268267781035828e-01 3.798684216682546855e-01
3.099364299999999730e+02 2.679947289067230454e-01 3.005679591236687376e-01
3.099439699999999789e+02 2.199612978286419884e-01 2.505268531380943631e-01
3.099515099999999848e+02 2.072703097360891755e-01 2.296100410220966448e-01
3.099590799999999717e+02 2.094665986014982162e-01 2.369233330293164519e-01
3.099666100000000029e+02 2.537010435340068537e-01 2.740729322108887978e-01
3.099741500000000087e+02 3.324943905595194038e-01 3.450497939152685212e-01
3.099817199999999957e+02 4.434722733370531911e-01 4.526915905259013551e-01
3.099892600000000016e+02 5.750715277860221075e-01 5.842645260979848487e-01
3.099968299999999886e+02 6.773948452506737272e-01 6.810715808498102319e-01
3.100043600000000197e+02 7.028361805943038609e-01 6.760642528835446585e-01
3.100119000000000256e+02 6.237222941127587017e-01 5.939871998817954912e-01
3.100194700000000125e+02 4.999228330939180509e-01 4.770947773050767116e-01
3.100270100000000184e+02 3.640259755677703324e-01 3.575786886139087351e-01
3.100345500000000243e+02 2.589721368109885735e-01 2.630844503845528037e-01
3.100421099999999797e+02 1.870169648475063229e-01 1.995827108535796479e-01
3.100496499999999855e+02 1.475668680920779186e-01 1.602919834537378241e-01
3.100572199999999725e+02 1.220661735899231937e-01 1.363696993195736562e-01
3.100647599999999784e+02 1.103486756971733124e-01 1.216685989119637989e-01
3.100722999999999843e+02 1.038666555862904073e-01 1.122549694523777564e-01
3.100798599999999965e+02 1.002220032528818860e-01 1.060787507827722354e-01
3.100874000000000024e+02 9.719468616812887429e-02 1.021159396051498081e-01
3.100949400000000082e+02 9.847684399225956065e-02 9.965344719715264754e-02
3.101025099999999952e+02 9.575819453183431751e-02 9.813109950524276370e-02
3.101100500000000011e+02 9.525957760022793486e-02 9.739758748579338543e-02
3.101175799999999754e+02 9.350254650790069955e-02 9.765925310801257253e-02
3.101251500000000192e+02 9.524770576852302495e-02 9.917807409173537425e-02
3.101326900000000251e+02 9.871428062635784206e-02 1.023597650980863638e-01
3.101402299999999741e+02 1.050538387567817866e-01 1.081276856944354686e-01
3.101478000000000179e+02 1.158453337765483898e-01 1.183494264707844468e-01
3.101553299999999922e+02 1.304595586052972045e-01 1.362669956463259946e-01
3.101628699999999981e+02 1.633326605962033828e-01 1.669662418760887168e-01
3.101704399999999850e+02 2.203886837700188839e-01 2.158119583088100590e-01
3.101779799999999909e+02 2.969026391081879823e-01 2.827187624783996100e-01
3.101855499999999779e+02 3.532938397065283342e-01 3.503234715562182355e-01
3.101930800000000090e+02 3.760283974214381764e-01 3.719119111733378280e-01
3.102006200000000149e+02 3.459214322177768808e-01 3.293107150222431834e-01
3.102081900000000019e+02 2.721379981717378937e-01 2.661410380458158476e-01
3.102157300000000077e+02 2.068310519630073840e-01 2.176853590988152565e-01
3.102232700000000136e+02 1.751332613108876612e-01 1.908747472738086537e-01
3.102308300000000258e+02 1.645317155983996860e-01 1.814003405880160735e-01
3.102383699999999749e+02 1.655408212933173473e-01 1.823795805278067839e-01
3.102459099999999808e+02 1.700758610045944030e-01 1.926117148061654571e-01
3.102534800000000246e+02 1.881329170277682150e-01 2.190886314200179430e-01
3.102610199999999736e+02 2.358458086498165795e-01 2.719508189955835986e-01
3.102685500000000047e+02 3.259648831218168730e-01 3.623914371948131485e-01
3.102761199999999917e+02 4.497524723089525445e-01 4.971731656038301250e-01
3.102836599999999976e+02 5.932947894530646860e-01 6.546801426456367867e-01
3.102912000000000035e+02 6.902995263139150017e-01 7.664256394519681770e-01
3.102987400000000093e+02 7.447556183443543310e-01 7.952136415543662462e-01
3.103063000000000216e+02 7.092232260515475284e-01 7.846105523037040230e-01
3.103138400000000274e+02 6.382890316146878629e-01 7.214306812999957685e-01
3.103213799999999765e+02 5.307421081998741075e-01 5.826641837384135547e-01
3.103289500000000203e+02 3.815962864910427133e-01 4.294022908972093266e-01
3.103364900000000262e+02 2.643025892464948567e-01 3.118487224132794333e-01
3.103440200000000004e+02 1.965619175382569694e-01 2.349082058179249310e-01
3.103515899999999874e+02 1.549748910759441156e-01 1.885713785043515722e-01
3.103591299999999933e+02 1.391853549084088315e-01 1.627224866428223504e-01
3.103666699999999992e+02 1.287262711763798029e-01 1.500296535901797512e-01
3.103742399999999861e+02 1.319910248952310960e-01 1.475880457945870639e-01
3.103817700000000173e+02 1.469020455166027694e-01 1.560509929827343656e-01
3.103893100000000231e+02 1.884415846520959836e-01 1.782204495777300335e-01
3.103968800000000101e+02 2.459487374306981722e-01 2.164231967974999948e-01
3.104044200000000160e+02 3.102584497762159721e-01 2.652964923226497351e-01
3.104119600000000219e+02 3.604406823928864023e-01 3.033645836010337438e-01
3.104194899999999961e+02 3.601438866002635297e-01 3.011936087263913375e-01
3.104270599999999831e+02 3.073261073451022951e-01 2.564496899647644712e-01
3.104345999999999890e+02 2.198544513432977576e-01 2.007713576893168650e-01
3.104421399999999949e+02 1.574323602388612575e-01 1.561935353456550546e-01
3.104497099999999818e+02 1.283701162252323946e-01 1.263396965426840379e-01
3.104572400000000130e+02 1.034748851400282554e-01 1.082287881333842683e-01
3.104647800000000188e+02 9.676730022675197884e-02 9.748223799090771635e-02
3.104723500000000058e+02 9.127064214737691528e-02 9.095575268241959388e-02
3.104798900000000117e+02 9.008345897688554982e-02 8.687774886846549860e-02
3.104874300000000176e+02 8.418315861954341062e-02 8.436611772619953542e-02
3.104949599999999919e+02 8.343523322213383664e-02 8.313630989038753305e-02
3.105025299999999788e+02 9.005971531347571613e-02 8.321941190876078198e-02
3.105100699999999847e+02 9.301580140799924068e-02 8.477768426076098818e-02
3.105176099999999906e+02 9.137748863272114608e-02 8.780264294033485184e-02
3.105251799999999776e+02 9.455913952963802827e-02 9.144282762535391185e-02
3.105327100000000087e+02 9.400116343950708220e-02 9.314507873346972167e-02
3.105402500000000146e+02 9.349067467619578964e-02 9.135141208512979893e-02
3.105477900000000204e+02 8.780406728954209816e-02 8.825775293625701123e-02
3.105553600000000074e+02 8.656939679223107920e-02 8.606919005987026527e-02
3.105629000000000133e+02 8.425438960977289782e-02 8.541281152492044559e-02
3.105704299999999876e+02 8.597580520698538953e-02 8.621083283949021459e-02
3.105779999999999745e+02 8.990538150131183182e-02 8.830682072987279529e-02
3.105855399999999804e+02 8.835017154796813432e-02 9.163566232629975772e-02
3.105930799999999863e+02 9.422672824190043983e-02 9.637478779908013882e-02
3.106006199999999922e+02 1.013379554331437782e-01 1.029880584641634511e-01
3.106081800000000044e+02 1.061697909370436788e-01 1.124076255379899275e-01
3.106157200000000103e+02 1.190151128417603621e-01 1.262561409381708633e-01
3.106232600000000161e+02 1.406812057032279517e-01 1.475778258446788782e-01
3.106308000000000220e+02 1.680101622879394130e-01 1.812867177395144913e-01
3.106383700000000090e+02 2.208279415431006754e-01 2.338693978249368199e-01
3.106458999999999833e+02 3.021025013949402149e-01 3.110838728003924580e-01
3.106534399999999891e+02 4.042714850474279920e-01 4.159640700107593569e-01
3.106609799999999950e+02 5.040661023589330103e-01 5.273663828555972266e-01
3.106685499999999820e+02 5.490840881839659238e-01 5.833027839474057563e-01
3.106760899999999879e+02 5.319649068654802582e-01 5.613236589375267815e-01
3.106836200000000190e+02 5.007063739864423546e-01 5.334517160086225118e-01
3.106911900000000060e+02 5.181223510975508928e-01 5.517993296827293781e-01
3.106987300000000118e+02 5.455106668407868620e-01 5.997718500443800504e-01
3.107062700000000177e+02 5.525625348735055953e-01 6.014571154345588200e-01
3.107138100000000236e+02 4.941531228853299762e-01 5.197220584104262908e-01
3.107213699999999790e+02 3.914973941329407681e-01 4.163967424837307085e-01
3.107289099999999848e+02 3.122291738392316551e-01 3.456501328272204576e-01
3.107364499999999907e+02 2.931986276162549254e-01 3.206703722270506929e-01
3.107439899999999966e+02 3.301556397136514165e-01 3.389647086877525806e-01
3.107515599999999836e+02 3.917585744304488693e-01 3.868972318908553976e-01
3.107590900000000147e+02 4.183039901226360269e-01 4.225253154021771929e-01
3.107666300000000206e+02 4.055536428715586506e-01 3.945009074843532915e-01
3.107741700000000264e+02 3.290515593650944481e-01 3.183818692127431405e-01
3.107817099999999755e+02 2.400721807367658667e-01 2.432567459978753344e-01
3.107892800000000193e+02 1.731031780893474148e-01 1.886420307447586597e-01
3.107968099999999936e+02 1.385798914914582181e-01 1.548942863696410321e-01
3.108043499999999995e+02 1.256633385965120475e-01 1.362916534352785203e-01
3.108118900000000053e+02 1.202853988341861247e-01 1.279274854068268852e-01
3.108194599999999923e+02 1.212588890339890563e-01 1.273238702354065333e-01
3.108269999999999982e+02 1.315992544489689442e-01 1.348608982360673669e-01
3.108345299999999725e+02 1.528973205275842018e-01 1.533092563427807253e-01
3.108420699999999783e+02 1.965144302114373298e-01 1.866424981079768397e-01
3.108496400000000222e+02 2.633528427101017311e-01 2.363744467180406983e-01
3.108571800000000280e+02 3.385965120558451225e-01 2.925422487718711273e-01
3.108647199999999771e+02 3.835076513955338329e-01 3.297265346362002747e-01
3.108722500000000082e+02 3.706148421639974821e-01 3.198415181209282587e-01
3.108798199999999952e+02 3.076110313060201884e-01 2.676612743043363940e-01
3.108873600000000010e+02 2.304203815606709893e-01 2.102267722572091491e-01
3.108949000000000069e+02 1.733287428917407724e-01 1.665796221050820369e-01
3.109024400000000128e+02 1.353863687628364121e-01 1.364770856294708901e-01
3.109099699999999871e+02 1.151448957059584693e-01 1.159910538464473950e-01
3.109175399999999740e+02 1.027981907328481687e-01 1.025429900526542981e-01
3.109250799999999799e+02 9.673168473163724912e-02 9.405643755156541108e-02
3.109326199999999858e+02 8.960858570868898698e-02 8.872925353780322655e-02
3.109401599999999917e+02 8.500231500718245792e-02 8.546387016991860430e-02
3.109477200000000039e+02 8.598767703869029944e-02 8.359848139601358530e-02
3.109552600000000098e+02 8.401695297567461640e-02 8.273962524185027312e-02
3.109628000000000156e+02 8.495482768036280441e-02 8.265619277785676844e-02
3.109703400000000215e+02 8.616575451426400356e-02 8.333134961062554913e-02
3.109778699999999958e+02 8.585708688993624882e-02 8.488948875026348928e-02
3.109854399999999828e+02 8.626072916790331058e-02 8.756480080690894063e-02
3.109929799999999886e+02 8.700865456531288455e-02 9.171762799320101744e-02
3.110005199999999945e+02 9.243408165445846092e-02 9.805110637386699191e-02
3.110080600000000004e+02 1.048876331129129924e-01 1.078464884496711795e-01
3.110155899999999747e+02 1.175667493737608815e-01 1.234315743793564790e-01
3.110231600000000185e+02 1.433879833319482988e-01 1.488631049172834953e-01
3.110307000000000244e+02 1.810810489950494540e-01 1.890808444865278992e-01
3.110382399999999734e+02 2.404639511830280185e-01 2.500290054491330904e-01
3.110457799999999793e+02 3.272470409459475316e-01 3.346812900393009160e-01
3.110533100000000104e+02 4.111927629313926746e-01 4.247996782685991013e-01
3.110608799999999974e+02 4.594636306435719852e-01 4.614480578892983798e-01
3.110684200000000033e+02 4.077855472320824348e-01 4.071896097114565127e-01
3.110759600000000091e+02 3.056877945698242005e-01 3.152484060331736671e-01
3.110835000000000150e+02 2.138591763323163253e-01 2.373788744022978237e-01
3.110910299999999893e+02 1.603053435114503711e-01 1.866219792218798412e-01
3.110985999999999763e+02 1.372739900039177119e-01 1.594720706342484251e-01
3.111061399999999821e+02 1.308988163783790237e-01 1.499105374229199039e-01
3.111136799999999880e+02 1.329170277682143464e-01 1.538286781802971903e-01
3.111212199999999939e+02 1.517101373570928224e-01 1.723336625690398138e-01
3.111287500000000250e+02 1.903292058931772557e-01 2.110338845002247554e-01
3.111362899999999740e+02 2.621063003810857883e-01 2.756436713684746742e-01
3.111438600000000179e+02 3.558225398596749356e-01 3.629781746095113171e-01
3.111514000000000237e+02 4.279914047938456201e-01 4.391788805532118034e-01
3.111589399999999728e+02 4.315885698004345294e-01 4.413972519127943306e-01
3.111664700000000039e+02 3.637054361117376677e-01 3.675363623676192737e-01
3.111740100000000098e+02 2.718530742108200005e-01 2.803015517087451558e-01
3.111815799999999967e+02 1.964194555577980228e-01 2.139091460562564939e-01
3.111891200000000026e+02 1.558177911269929827e-01 1.708331344179049860e-01
3.111966600000000085e+02 1.296404022176581572e-01 1.425951645118630207e-01
3.112041899999999828e+02 1.101349827264848646e-01 1.226974267228480298e-01
3.112117299999999886e+02 1.007443638478980885e-01 1.086449466553384285e-01
3.112192699999999945e+02 9.170989992045873451e-02 9.915875180527240762e-02
3.112268399999999815e+02 8.713924471406693517e-02 9.297650407701069097e-02
3.112343799999999874e+02 8.656939679223107920e-02 8.916255081778128033e-02
3.112419100000000185e+02 8.301971911246186497e-02 8.700203788783225645e-02
3.112494500000000244e+02 8.095402039580687492e-02 8.606851585835736951e-02
3.112569899999999734e+02 8.233115287357686829e-02 8.615913119082223293e-02
3.112645299999999793e+02 8.724609119941115210e-02 8.722218556913567677e-02
3.112720899999999915e+02 8.622511367278858085e-02 8.933330402244041291e-02
3.112796299999999974e+02 8.920494343072192522e-02 9.267240435247620089e-02
3.112871700000000033e+02 9.172177175216364442e-02 9.760443342149703605e-02
3.112947100000000091e+02 9.685040304868637595e-02 1.048000112221582902e-01
3.113022500000000150e+02 1.055287120249783356e-01 1.155924387182421104e-01
3.113097799999999893e+02 1.207602721023826736e-01 1.326923368986429597e-01
3.113173199999999952e+02 1.440884214025381915e-01 1.613984119127783723e-01
3.113248899999999821e+02 1.885009438106205470e-01 2.104644653107430319e-01
3.113324299999999880e+02 2.704996853964597991e-01 2.899470719284553133e-01
3.113399699999999939e+02 4.019683496966747205e-01 4.057889372934439520e-01
3.113475000000000250e+02 5.466266190210488096e-01 5.406222817696968441e-01
3.113550399999999740e+02 6.548027495162228595e-01 6.314648352332804526e-01
3.113625799999999799e+02 6.557050087257962900e-01 6.158575974080804372e-01
3.113701199999999858e+02 5.638407749931736435e-01 5.095818828940424927e-01
3.113776899999999728e+02 4.039509455913952718e-01 3.782800105835158466e-01
3.113852200000000039e+02 2.716037657450168230e-01 2.729610099111864918e-01
3.113927600000000098e+02 1.860434746477034051e-01 2.031757299596606559e-01
3.114003000000000156e+02 1.478043047261762000e-01 1.617748983160060827e-01
3.114078400000000215e+02 1.204872199731696625e-01 1.388342228548846702e-01
3.114153699999999958e+02 1.114052687189106411e-01 1.268940114534896912e-01
3.114229100000000017e+02 1.075231797514038384e-01 1.217116559239668355e-01
3.114304799999999886e+02 1.099806489143209942e-01 1.218570087455160544e-01
3.114380199999999945e+02 1.185758550686785429e-01 1.277675832455622829e-01
3.114455600000000004e+02 1.361342941602459722e-01 1.408926073825415570e-01
3.114530899999999747e+02 1.576816687046644350e-01 1.629255723778995635e-01
3.114606299999999806e+02 1.884890719789156233e-01 1.946758354156250537e-01
3.114681699999999864e+02 2.285446321512946133e-01 2.388944524868365504e-01
3.114757099999999923e+02 3.048567663504802017e-01 3.026698128122565223e-01
3.114832499999999982e+02 3.863925064998278702e-01 3.792560068076350488e-01
3.114908100000000104e+02 4.213313072073890386e-01 4.239239286919372907e-01
3.114983500000000163e+02 3.889686939797941667e-01 3.883607806071268098e-01
3.115058900000000222e+02 2.982797715859579757e-01 3.046750658623061936e-01
3.115134300000000280e+02 2.126007621715954587e-01 2.259697270307943207e-01
3.115209699999999771e+02 1.481011005187990448e-01 1.699703869084470687e-01
3.115285000000000082e+02 1.195256016050716408e-01 1.351547866763320727e-01
3.115360400000000141e+02 1.030356273669464501e-01 1.150009587498670854e-01
3.115435800000000199e+02 9.531893675875251215e-02 1.036478843674192712e-01
3.115511500000000069e+02 8.607077986062469654e-02 9.727701751904672955e-02
3.115586900000000128e+02 8.360143886600263086e-02 9.401096798900329676e-02
3.115662199999999871e+02 8.395759381715005298e-02 9.301452595036360793e-02
3.115737599999999929e+02 8.519226431446107195e-02 9.402398390018683327e-02
3.115812999999999988e+02 8.792278560659123887e-02 9.702725848773491313e-02
3.115888400000000047e+02 9.580568185865397102e-02 1.023374955821563376e-01
3.115963699999999790e+02 1.001626440943573226e-01 1.114148090373561772e-01
3.116039099999999848e+02 1.165932591739579499e-01 1.278427503289181200e-01
3.116114499999999907e+02 1.451212707608657004e-01 1.569235593000644635e-01
3.116189899999999966e+02 1.941163202070447513e-01 2.041045252980066005e-01
3.116265599999999836e+02 2.729571545593769688e-01 2.717084416376934208e-01
3.116340900000000147e+02 3.558462835230847832e-01 3.492015199067430298e-01
3.116416300000000206e+02 3.873185093728111483e-01 3.959338828953757328e-01
3.116491700000000264e+02 3.660204432941958630e-01 3.662299760284204453e-01
3.116567099999999755e+02 2.788218394216043783e-01 2.891163757353112373e-01
3.116642499999999814e+02 1.991262331865183421e-01 2.159593656199013112e-01
3.116717800000000125e+02 1.473413032896845609e-01 1.639259624444651953e-01
3.116793200000000184e+02 1.171037479372692425e-01 1.304674986517872781e-01
3.116868600000000242e+02 9.985397647002955401e-02 1.094152444301295102e-01
3.116943999999999733e+02 9.053458858167226508e-02 9.614835512982171373e-02
3.117019700000000171e+02 8.363705436111737446e-02 8.757251006657151837e-02
3.117094999999999914e+02 7.595597924803818013e-02 8.187289086903998259e-02
3.117170399999999972e+02 7.626464687236593487e-02 7.793594455299307500e-02
3.117245800000000031e+02 7.364097206557999875e-02 7.516473389177744102e-02
3.117321200000000090e+02 7.181270998302327624e-02 7.319613637788462135e-02
3.117396499999999833e+02 7.159901701233482851e-02 7.180971173273642538e-02
3.117471899999999891e+02 7.196704379518716055e-02 7.086929693973098576e-02
3.117547299999999950e+02 6.816805764961475500e-02 7.030657881790419728e-02
3.117622700000000009e+02 6.933149715669630064e-02 7.008946424067501180e-02
3.117698100000000068e+02 6.912967601771277670e-02 7.020928881013033251e-02
3.117773399999999810e+02 7.087483527833508823e-02 7.066690237365846894e-02
3.117848799999999869e+02 7.081547611981052481e-02 7.144696957203733323e-02
3.117924199999999928e+02 7.104104092220388245e-02 7.246366379191954143e-02
3.117999899999999798e+02 7.383092137285861278e-02 7.364025858773887157e-02
3.118075299999999856e+02 7.295240582669500207e-02 7.511496738517066396e-02
3.118150600000000168e+02 7.635962152600524189e-02 7.714681860797116542e-02
3.118226000000000226e+02 7.644272434793963900e-02 7.996453105322050281e-02
3.118301399999999717e+02 8.125081618842971976e-02 8.382446304679827542e-02
3.118376799999999776e+02 8.255671767597022592e-02 8.913804242067933925e-02
3.118452100000000087e+02 8.776845179442736844e-02 9.671453012023562001e-02
3.118527500000000146e+02 1.021689836524877493e-01 1.082927596505406237e-01
3.118602900000000204e+02 1.241912314651027471e-01 1.268621385081510067e-01
3.118678300000000263e+02 1.534196811226004042e-01 1.566772088064232737e-01
3.118753699999999753e+02 2.055488941388766977e-01 2.018462579291193104e-01
3.118829000000000065e+02 2.791661225410468350e-01 2.615509417546201254e-01
3.118904400000000123e+02 3.577339047641660552e-01 3.260889001210525162e-01
3.118979800000000182e+02 4.021226835088385632e-01 3.754631264839756177e-01
3.119055200000000241e+02 3.958781000320539256e-01 3.764251858235066472e-01
3.119130599999999731e+02 3.380266641340092248e-01 3.316086475712131665e-01
3.119205900000000042e+02 2.710932769817054888e-01 2.846109776115931522e-01
3.119281599999999912e+02 2.357270903327674527e-01 2.623976855646062978e-01
3.119356999999999971e+02 2.496646207543361806e-01 2.760431719037860776e-01
3.119432400000000030e+02 3.034440183775954925e-01 3.321108842669243666e-01
3.119507800000000088e+02 4.160602139304073188e-01 4.313364316438645374e-01
3.119583099999999831e+02 5.444065864922298381e-01 5.511843338799982117e-01
3.119658499999999890e+02 6.412926050360310271e-01 6.328455119466072087e-01
3.119733899999999949e+02 6.307741621454774350e-01 6.298441680960158440e-01
3.119809300000000007e+02 5.305046715657758538e-01 5.398885178160963694e-01
3.119884599999999750e+02 3.912955729939572302e-01 4.086511895451725440e-01
3.119959999999999809e+02 2.662020823192810526e-01 2.936815985300295639e-01
3.120035399999999868e+02 1.804637137463939445e-01 2.137664912174269682e-01
3.120110799999999927e+02 1.382712238671304494e-01 1.639286707373290297e-01
3.120186199999999985e+02 1.137677632281884760e-01 1.341941277528126142e-01
3.120261499999999728e+02 9.981836097491482429e-02 1.161972807996913271e-01
3.120336899999999787e+02 9.301580140799924068e-02 1.045900746481365218e-01
3.120412299999999846e+02 8.748352783350943351e-02 9.665822186831482532e-02
3.120487699999999904e+02 8.169007396151152511e-02 9.109578966925141463e-02
3.120563000000000216e+02 7.875773153039782037e-02 8.724645137523331928e-02
3.120638400000000274e+02 7.875773153039782037e-02 8.472895212773659535e-02
3.120713799999999765e+02 7.932757945223369023e-02 8.328716822744343384e-02
3.120789199999999823e+02 7.890019351085679478e-02 8.262772861739467456e-02
3.120864599999999882e+02 7.909014281813540881e-02 8.244380559450761869e-02
3.120939900000000193e+02 7.721439340875903279e-02 8.280120466038518035e-02
3.121015300000000252e+02 7.843719207436515573e-02 8.415637467592285148e-02
3.121090699999999742e+02 8.071658376170859350e-02 8.704696771765711716e-02
3.121166099999999801e+02 8.370828535134686166e-02 9.232274127930004126e-02
3.121241499999999860e+02 9.306328873481889419e-02 1.017177403936400937e-01
3.121316800000000171e+02 1.111203447579927062e-01 1.184679044977227230e-01
3.121392200000000230e+02 1.356475490603445133e-01 1.475226006781369947e-01
3.121467599999999720e+02 1.866608098963589146e-01 1.939019833713783170e-01
3.121542999999999779e+02 2.587228283451853961e-01 2.578779521576012868e-01
3.121618300000000090e+02 3.287428917407667073e-01 3.219718077386113930e-01
3.121693700000000149e+02 3.448885828594493996e-01 3.409607502632468479e-01
3.121769100000000208e+02 2.964396376716963433e-01 2.954657115274703094e-01
3.121844500000000266e+02 2.232379233791981776e-01 2.279707729191028376e-01
3.121919899999999757e+02 1.620386309403678005e-01 1.723684365462174739e-01
3.121995200000000068e+02 1.223036102240214612e-01 1.352995607234145081e-01
3.122070600000000127e+02 1.015160329087174823e-01 1.124468015159719031e-01
3.122146000000000186e+02 8.785155461636175167e-02 9.847429738028201651e-02
3.122221400000000244e+02 8.434936426341220483e-02 9.010061754496084818e-02
3.122296799999999735e+02 7.942255410587299724e-02 8.556444432179245718e-02
3.122372100000000046e+02 7.917324564006980592e-02 8.402537267411808175e-02
3.122447500000000105e+02 8.068096826659384990e-02 8.507487154055912160e-02
3.122522900000000163e+02 8.925243075754157873e-02 8.810196319398211351e-02
3.122598300000000222e+02 9.463037051986751547e-02 9.111743319363564686e-02
3.122673599999999965e+02 9.502214096612966732e-02 9.045452498359662918e-02
3.122749000000000024e+02 8.995286882813149920e-02 8.570435396523368166e-02
3.122824400000000082e+02 8.186815143708522924e-02 8.034366883265862957e-02
3.122899800000000141e+02 7.796231880616860677e-02 7.640667250413051004e-02
3.122975200000000200e+02 7.613405672361188425e-02 7.415715727983793193e-02
3.123050499999999943e+02 7.542174682131706775e-02 7.328927517692866711e-02
3.123125900000000001e+02 7.431766647276008553e-02 7.345040608685529659e-02
3.123201300000000060e+02 7.207389028053137747e-02 7.444143722843013511e-02
3.123276700000000119e+02 7.613405672361188425e-02 7.627319307436043749e-02
3.123352100000000178e+02 7.784360048911946606e-02 7.921105542972145530e-02
3.123427399999999921e+02 8.497857134377262422e-02 8.385562664152110268e-02
3.123502799999999979e+02 9.030902377927890745e-02 9.126227098196965093e-02
3.123578200000000038e+02 1.012311089477995613e-01 1.028467931281970837e-01
3.123653600000000097e+02 1.190269846734652720e-01 1.198648517311803052e-01
3.123728899999999840e+02 1.473413032896845609e-01 1.415364456168135276e-01
3.123804299999999898e+02 1.806180475585578149e-01 1.629326376058109482e-01
3.123879699999999957e+02 1.944368596630774160e-01 1.791630819085497373e-01
3.123955100000000016e+02 2.009663671007799746e-01 1.886140738600132205e-01
3.124030500000000075e+02 2.034713235905167839e-01 1.903585561303006712e-01
3.124105799999999817e+02 1.901986157444232051e-01 1.862637541007848285e-01
3.124181199999999876e+02 1.880260705424239842e-01 1.844267762455100712e-01
3.124256599999999935e+02 1.904123087151116667e-01 1.940835338142583022e-01
3.124331999999999994e+02 2.138591763323163253e-01 2.196550061059919789e-01
3.124407299999999736e+02 2.525494758586302457e-01 2.623538543362961550e-01
3.124482699999999795e+02 3.208956109838186910e-01 3.272616366705946578e-01
3.124558099999999854e+02 4.275877625158786000e-01 4.224531489067040457e-01
3.124633499999999913e+02 5.584984507259624920e-01 5.400119511908539893e-01
3.124708899999999971e+02 6.548146213479277833e-01 6.401424520800482743e-01
3.124783899999999903e+02 6.444386404378331656e-01 6.458984894878944116e-01
3.124859299999999962e+02 5.219094654114183607e-01 5.396347107985585145e-01
3.124934700000000021e+02 3.683473223083589820e-01 4.043654058729937439e-01
3.125010100000000079e+02 2.632341243930526042e-01 2.987808336462732250e-01
3.125085399999999822e+02 2.038037348782543723e-01 2.328948463272715319e-01
3.125160799999999881e+02 1.775669868103949833e-01 1.963592722273574953e-01
3.125236199999999940e+02 1.631427112889247688e-01 1.736106008673680146e-01
3.125311599999999999e+02 1.459048116533900041e-01 1.556347538845406497e-01
3.125387000000000057e+02 1.317535882611328146e-01 1.417240698853926562e-01
3.125462299999999800e+02 1.220780454216281036e-01 1.332244186391912111e-01
3.125537699999999859e+02 1.233839469091686097e-01 1.312741506246485335e-01
3.125613099999999918e+02 1.312549713295264320e-01 1.350252908618768677e-01
3.125688499999999976e+02 1.414172592689326158e-01 1.405351802457089350e-01
3.125763900000000035e+02 1.417615423883751002e-01 1.438740893001834165e-01
3.125839199999999778e+02 1.424738522906699167e-01 1.493749871839801235e-01
3.125914599999999837e+02 1.542744530053541951e-01 1.660549701711951098e-01
3.125989999999999895e+02 1.817814870656393467e-01 2.013975842396002469e-01
3.126065100000000143e+02 2.456281979746655075e-01 2.599021108178704020e-01
3.126140399999999886e+02 3.309154369427658726e-01 3.383149434737369177e-01
3.126215799999999945e+02 4.076549570833283842e-01 4.061293238850803289e-01
3.126291200000000003e+02 4.186126577469637677e-01 4.072730634543400563e-01
3.126366600000000062e+02 3.493880070756116840e-01 3.410713598586472273e-01
3.126442000000000121e+02 2.522051927391877335e-01 2.612145486269059624e-01
3.126517299999999864e+02 1.798226348343285874e-01 1.981180478687727953e-01
3.126592699999999923e+02 1.372265026770980445e-01 1.569920306282078237e-01
3.126668099999999981e+02 1.158097182814336462e-01 1.340150101804331029e-01
3.126743500000000040e+02 1.125687082259921867e-01 1.237681598983357140e-01
3.126818799999999783e+02 1.116664490164187423e-01 1.228481566415371845e-01
3.126894199999999842e+02 1.198580128928092292e-01 1.307510788725057549e-01
3.126969599999999900e+02 1.373333491624422753e-01 1.493418053715581117e-01
3.127044700000000148e+02 1.727232794747901590e-01 1.811167485642106723e-01
3.127120100000000207e+02 2.233922571913620481e-01 2.274083671554211761e-01
3.127195399999999950e+02 2.888297935488466361e-01 2.824125735969090223e-01
3.127270800000000008e+02 3.444968124131872478e-01 3.255047407922814773e-01
3.127346200000000067e+02 3.373499697268291797e-01 3.219061372631779605e-01
3.127421600000000126e+02 2.760438308026545440e-01 2.729854197097459356e-01
3.127496899999999869e+02 2.112592451889402090e-01 2.184855517142980652e-01
3.127572299999999927e+02 1.668111072857431099e-01 1.787420986159299341e-01
3.127647699999999986e+02 1.486946921040447345e-01 1.525637651331668287e-01
3.127723100000000045e+02 1.294385810786746194e-01 1.326530307483804183e-01
3.127798500000000104e+02 1.140645590208113208e-01 1.154888196489564922e-01
3.127873500000000035e+02 9.838186933862025363e-02 1.015438164628984091e-01
3.127948900000000094e+02 8.772096446760770105e-02 9.141325034223884982e-02
3.128024300000000153e+02 7.748744553797205781e-02 8.473105016708190607e-02
3.128099700000000212e+02 7.342727909489155103e-02 8.061314583521705934e-02
3.128174999999999955e+02 7.286930300476060496e-02 7.829465477746368196e-02
3.128250400000000013e+02 7.570667078223498880e-02 7.729033878811179814e-02
3.128325800000000072e+02 7.865088504505360345e-02 7.744339505703277948e-02
3.128401200000000131e+02 7.684636662590671463e-02 7.892420235126898498e-02
3.128476600000000190e+02 8.045540346420049227e-02 8.227954490268347965e-02
3.128551600000000121e+02 8.645067847518193849e-02 8.841381125089226023e-02
3.128627000000000180e+02 9.874989612147258566e-02 9.858056503588598363e-02
