 517.96623  517.89329    0.00000    0.00000    0.00000    0.00000    0.00000    0.00000    0.00000
 518.02618  517.88023  517.80732  518.15694  518.00230    0.00000    0.00000    0.00000    0.00000
 518.07307  517.85399  517.70813  518.20282  517.97070  517.81616  518.32992  518.07569    0.00000
 518.10666  517.81425  517.59538  518.23270  517.92293  517.69106  518.35226  518.01392  517.76000
 518.12669  517.76072  517.46870  518.24626  517.85869  517.54937  518.35464  517.93272  517.59493
 518.13270  517.69300  517.32764  518.24326  517.77777  517.39091  518.33773  517.83276  517.41169
 518.12431  517.61060  517.17178  518.22348  517.68000  517.21552  518.30213  517.71471  517.21096
 518.10113  517.51319  517.00069  518.18684  517.56531  517.02321  518.24831  517.57903  516.99324
 518.06282  517.40041  516.81405  518.13329  517.43371  516.81399  518.17675  517.42616  516.75900
 518.00898  517.27194  516.61155  518.06283  517.28530  516.58800  518.08775  517.25644  516.50852
 517.93939  517.12755  516.39301  517.97550  517.12010  516.34539  517.98162  517.07009  516.24203
 517.85385  516.96705  516.15826  517.87137  516.93826  516.08628  517.85849  516.86728  515.95966
 517.75213  516.79034  515.90717  517.75048  516.73984  515.81080  517.71861  516.64819  515.66160
 517.63415  516.59728  515.63977  517.61292  516.52495  515.51908  517.56204  516.41292  515.34788
 517.49977  516.38785  515.35596  517.45873  516.29370  515.21126  517.38894  516.16155  515.01863
 517.34901  516.16204  515.05586  517.28797  516.04613  514.88744  517.19935  515.89418  514.67387
 517.18180  515.91986  514.73942  517.10074  515.78236  514.54773  516.99335  515.61084  514.31367
 516.99808  515.66129  514.40675  516.89704  515.50245  514.19219  516.77103  515.31162  513.93808
 516.79792  515.38641  514.05793  516.67696  515.20646  513.82096  516.53243  514.99657  513.54716
 516.58130  515.09527  513.69303  516.44051  514.89447  513.43408  516.27763  514.66577  513.14098
 516.34824  514.78789  513.31213  516.18779  514.56654  513.03168  516.00663  514.31927  512.71960
 516.09880  514.46436  512.91535  515.91883  514.22276  512.61381  515.71956  513.95708  512.28308
 515.83299  514.12474  512.50276  515.63368  513.86318  512.18058  515.41641  513.57935  511.83144
 515.55090  513.76913  512.07450  515.33241  513.48789  511.73207  515.09727  513.18606  511.36483
 515.25256  513.39758  511.63064  515.01508  513.09693  511.26834  514.76221  512.77736  510.88330
 514.93802  513.01020  511.17130  514.68175  512.69045  510.78954  514.41128  512.35325  510.38690
 514.60737  512.60706  510.69662  514.33248  512.26845  510.29574  514.04452  511.91386  509.87572
 514.26064  512.18826  510.20667  513.96735  511.83106  509.78702  513.66201  511.45921  509.34988
 513.89796  511.75387  509.70161  513.58639  511.37835  509.26349  513.26385  510.98943  508.80944
 513.51933  511.30402  509.18148  513.18969  510.91038  508.72524  512.85011  510.50460  508.25451
 513.12490  510.83877  508.64648  512.77739  510.42730  508.17240  512.42081  510.00480  507.68519
 512.71468  510.35826  508.09666  512.34948  509.92916  507.60505  511.97608  509.49009  507.10158
 512.28880  509.86254  507.53220  511.90606  509.41606  507.02331  511.51600  508.96062  506.50376
 511.84735  509.35175  506.95317  511.44726  508.88811  506.42731  511.04062  508.41644  505.89186
 511.39038  508.82599  506.35970  510.97312  508.34540  505.81712  510.55006  507.85769  505.26601
 510.91801  508.28537  505.75195  510.48375  507.78803  505.19289  510.04438  507.28440  504.62627
 510.43034  507.73000  505.13002  509.97924  507.21614  504.55473  509.52372  506.69677  503.97281
 509.92743  507.15997  504.49403  509.45967  506.62978  503.90276  508.98813  506.09484  503.30570
 509.40943  506.57544  503.84414  508.92516  506.02910  503.23709  508.43773  505.47875  502.62510
 508.87638  505.97645  503.18043  508.37581  505.41422  502.55787  507.87262  504.84859  501.93112
 508.32847  505.36322  502.50308  507.81169  504.78523  501.86521  507.29289  504.20451  501.22388
 507.76572  504.73580  501.81219  507.23295  504.14225  501.15923  506.69867  503.54659  500.50352
 507.18825  504.09430  501.10791  506.63965  503.48542  500.44007  506.09005  502.87496  499.77013
 506.59622  503.43889  500.39038  506.03196  502.81483  499.70790  505.46713  502.18976  499.02388
 505.98972  502.76967  499.65971  505.40995  502.13065  498.96278  504.83008  501.49110  498.26492
 505.36886  502.08679  498.91607  504.77375  501.43296  498.20491  504.17894  500.77911  497.49333
 504.73377  501.39037  498.15960  504.12345  500.72193  497.43438  503.51388  500.05392  496.70931
 504.08453  500.68052  497.39043  503.45921  499.99764  496.65138  502.83502  499.31566  495.91296
 503.42133  499.95739  496.60871  502.78113  499.26026  495.85600  502.14247  498.56445  495.10441
 502.74423  499.22112  495.81454  502.08932  498.50990  495.04839  501.43634  497.80046  494.28383
 502.05339  498.47183  495.00814  501.38395  497.74673  494.22874  500.71676  497.02376  493.45136
 501.34893  497.70968  494.18962  500.66510  496.97085  493.39715  499.98389  496.23455  492.60712
 500.63097  496.93479  493.35911  499.93293  496.18242  492.55379  499.23784  495.43294  491.75129
 499.89963  496.14729  492.51679  499.18755  495.38156  491.69877  498.47874  494.61908  490.88399
 499.15511  495.34735  491.66279  498.42913  494.56844  490.83230  497.70672  493.79311  490.00538
 498.39748  494.53513  490.79727  497.65777  493.74318  489.95446  496.92194  492.95515  489.11562
 497.62688  493.71071  489.92038  496.87361  492.90595  489.06546  496.12452  492.10541  488.21485
 496.84347  492.87428  489.03227  496.07680  492.05685  488.16544  495.31460  491.24397  487.30323
 496.04738  492.02599  488.13311  495.26750  491.19607  487.25452  494.49231  490.37099  486.38089
 495.23875  491.16596  487.22301  494.44580  490.32377  486.33289  493.65782  489.48663  485.44799
 494.41774  490.29438  486.30218  493.61190  489.44003  485.40069  492.81126  488.59106  484.50470
 493.58446  489.41135  485.37073  492.76589  488.54507  484.45805  491.95276  487.68438  483.55116
 492.73910  488.51706  484.42885  491.90795  487.63899  483.50517  491.08251  486.76681  482.58757
 491.88175  487.61166  483.47668  491.03823  486.72199  482.54218  490.20058  485.83842  481.61400
 491.01263  486.69528  482.51439  490.15684  485.79419  481.56925  489.30723  484.89943  480.63069
 490.13183  485.76812  481.54212  489.26399  484.85575  480.58654  488.40250  483.94997  479.63774
 489.23952  484.83029  480.56006  488.35979  483.90683  479.59417  487.48663  482.99020  478.63536
 488.33585  483.88194  479.56833  487.44438  482.94758  478.59234  486.55971  482.02026  477.62364
 487.42098  482.92327  478.56710  486.51797  481.97817  477.58120  485.62192  481.04034  476.60282
 486.49506  481.95440  477.55655  485.58065  480.99875  476.56090  484.67343  480.05055  475.57300
 485.55822  480.97550  476.53682  484.63260  480.00947  475.53162  483.71435  479.05108  474.53434
 484.61067  479.98673  475.50808  483.67400  479.01049  474.49350  482.74488  478.04210  473.48705
 483.65251  478.98825  474.47048  482.70496  478.00197  473.44668  481.76514  477.02373  472.43124
 482.68394  477.98022  473.42420  481.72566  476.98408  472.39137  480.77532  475.99616  471.36708
 481.70507  476.96279  472.36938  480.73627  475.95695  471.32770  479.77555  474.95952  470.29472
 480.71610  475.93611  471.30620  479.73693  474.92076  470.25581  478.76602  473.91401  469.21435
 479.71717  474.90036  470.23477  478.72781  473.87569  469.17592  477.74687  472.85975  468.12612
 478.70845  473.85572  469.15532  477.70906  472.82187  468.08814  476.71825  471.79691  467.03016
 477.69009  472.80231  468.06799  476.68084  471.75945  466.99263  475.68033  470.72568  465.92667
 476.66225  471.74031  466.97292  475.64332  470.68862  465.88956  474.63329  469.64618  464.81579
 475.62509  470.66985  465.87027  474.59665  469.60954  464.77911  473.57723  468.55858  463.69766
 474.57877  469.59116  464.76021  473.54098  468.52233  463.66141  472.51238  467.46304  462.57247
 473.52347  468.50432  463.64291  472.47650  467.42718  462.53662  471.43887  466.35974  461.44035
 472.45932  467.40954  462.51850  471.40333  466.32425  461.40490  470.35685  465.24881  460.30148
 471.38650  466.30696  461.38715  470.32169  465.21370  460.26643  469.26649  464.13042  459.15601
 470.30518  465.19677  460.24905  469.23169  464.09570  459.12134  468.16796  463.00473  458.00408
 469.21548  464.07907  459.10431  468.13351  462.97038  457.96981  467.06143  461.87192  456.84588
 468.11761  462.95408  457.95311  467.02731  461.83791  456.81197  465.94702  460.73209  455.68152
 467.01171  461.82193  456.79561  465.91324  460.69846  455.64799  464.82493  459.58548  454.51120
 465.89794  460.68279  455.63196  464.79149  459.55217  454.47804  463.69529  458.43217  453.33505
 464.77645  459.53680  454.46231  463.66217  458.39921  453.30222  462.55830  457.27237  452.15324
 463.64742  458.38412  453.28681  462.52549  457.23973  452.12075  461.41407  456.10620  450.96588
 462.51101  457.22494  452.10564  461.38159  456.07389  450.93374  460.26280  454.93383  449.77317
 461.36736  456.05936  450.91892  460.23062  454.90186  449.74137  459.10465  453.75544  448.57524
 460.21666  454.88760  449.72683  459.07277  453.72376  448.54377  457.93975  452.57115  447.37225
 459.05904  453.70977  448.52949  457.90816  452.53980  447.34109  456.76825  451.38112  446.16433
 457.89467  452.52605  447.32709  456.73698  451.35007  446.13351  455.59035  450.18552  444.95165
 456.72374  451.33657  446.11975  455.55936  450.15478  444.92112  454.40619  448.98450  443.73436
 455.54635  450.14153  444.90763  454.37549  448.95404  443.70414  453.21590  447.77817  442.51257
 454.36271  448.94103  443.69090  453.18550  447.74803  442.48266  452.01968  446.56674  441.28646
 453.17293  447.73524  442.46965  451.98957  446.53689  441.25686  450.81766  445.35034  440.05617
 451.97720  446.52432  441.24408  450.78781  445.32076  440.02685  449.61000  444.12909  438.82184
 450.77568  445.30842  440.01432  449.58042  444.09980  438.79281  448.39686  442.90319  437.58361
 449.56848  444.08767  438.78049  448.36754  442.87417  437.55487  447.17838  441.67275  436.34163
 448.35581  442.86225  437.54277  447.14933  441.64400  436.31317  445.95472  440.43793  435.09603
 447.13778  441.63229  436.30127  445.92594  440.40944  435.06783  444.72603  439.19887  433.84695
 445.91458  440.39793  435.05616  444.69750  439.17066  433.81903  443.49246  437.95571  432.59455
 444.68633  439.15932  433.80755  443.46419  437.92776  432.56690  442.25416  436.70860  431.33891
 443.45321  437.91664  432.55561  442.22615  436.68092  431.31154  441.01129  435.45769  430.08023
 442.21533  436.66996  431.30045  440.98353  435.43026  430.05312  439.76399  434.20313  428.81863
 440.97287  435.41948  430.04221  439.73646  434.17595  428.79177  438.51239  432.94502  427.55422
 439.72599  434.16534  428.78104  438.48513  432.91809  427.52762  437.25666  431.68354  426.28715
 438.47480  432.90766  427.51706  437.22962  431.65685  426.26078  435.99695  430.41880  425.01754
 437.21947  431.64658  426.25041  435.97014  430.39235  424.99143  434.73337  429.15095  423.74552
 435.96016  430.38225  424.98122  434.70681  429.12475  423.71966  433.46610  427.88014  422.47125
 434.69696  429.11481  423.70961  433.43977  427.85417  422.44562  432.19525  426.60647  421.19481
 433.43008  427.84439  422.43575  432.16914  426.58073  421.16942  430.92099  425.33011  419.91636
 432.15961  426.57111  421.15969  430.89511  425.30459  419.89119  429.64345  424.05116  418.63600
 430.88571  425.29512  419.88163  429.61778  424.02587  418.61106  428.36276  422.76978  417.35387
 429.60852  424.01653  418.60165  428.33731  422.74471  417.32916  427.07905  421.48608  416.07009
 428.32818  422.73550  417.31989  427.05383  421.46124  416.04561  425.79248  420.20018  414.78479
 427.04484  421.45217  416.03648  425.76746  420.17554  414.76051  424.50317  418.91223  413.49805
 425.75860  420.16663  414.75152  424.47838  418.88782  413.47400  423.21126  417.62234  412.21002
 424.46963  418.87902  413.46515  423.18665  417.59815  412.18619  421.91687  416.33065  410.92083
 423.17805  417.58948  412.17748  421.89248  416.30665  410.89722  420.62015  415.03727  409.63058
 421.88400  416.29812  410.88862  420.59595  415.01348  409.60715  419.32121  413.74232  408.33935
 420.58759  415.00507  409.59870  419.29722  413.71872  408.31614  418.02019  412.44593  407.04731
 419.28896  413.71043  408.30781  417.99639  412.42253  407.02429  416.71720  411.14820  405.75452
 417.98826  412.41436  407.01608  416.69361  411.12500  405.73171  415.41241  409.84927  404.46113
 416.68558  411.11695  405.72362  415.38900  409.82627  404.43851  414.10589  408.54924  403.16722
 415.38107  409.81831  404.43053  414.08269  408.52644  403.14480  412.79779  407.24824  401.87291
 414.07486  408.51859  403.13693  412.77479  407.22563  401.85068  411.48823  405.94637  400.57831
 412.76705  407.21788  401.84292  411.46541  405.92395  400.55627  410.17734  404.64374  399.28350
 411.45778  405.91629  400.54860  410.15469  404.62151  399.26165  408.86523  403.34048  397.98861
 410.14717  404.61397  399.25409  408.84275  403.31842  397.96695  407.55200  402.03668  396.69372
 408.83533  403.31098  397.95949  407.52971  402.01479  396.67224  406.23778  400.73244  395.39895
 407.52239  402.00746  396.66489  406.21568  400.71074  395.37763  404.92269  399.42789  394.10437
 406.20844  400.70351  395.37039  404.90076  399.40637  394.08323  403.60684  398.12312  392.81010
 404.89362  399.39922  394.07609  403.58509  398.10178  392.78915  402.29035  396.81825  391.51623
 403.57803  398.09472  392.78209  402.26876  396.79708  391.49546  400.97332  395.51336  390.22286
 402.26180  396.79010  391.48848  400.95190  395.49235  390.20225  399.65585  394.20856  388.93006
 400.94500  395.48547  390.19536  399.63460  394.18772  388.90961  398.33806  392.90394  387.63795
 399.62779  394.18091  388.90282  398.31698  392.88328  387.61767  397.02005  391.59962  386.34659
 398.31025  392.87656  387.61095  396.99915  391.57912  386.32648  395.70194  390.29567  385.05609
 396.99249  391.57248  386.31985  395.68120  390.27535  385.03615  394.38382  388.99222  383.76653
 395.67461  390.26878  385.02960  394.36323  388.97204  383.74674  393.06578  387.68932  382.47799
 394.35672  388.96555  383.74027  393.04536  387.66931  382.45838  391.74795  386.38709  381.19057
 393.03893  387.66288  382.45196  391.72768  386.36723  381.17110  390.43041  385.08561  379.90433
 391.72133  386.36090  381.16478  390.41029  385.06590  379.88501  389.11326  383.78498  378.61937
 390.40401  385.05965  379.87878  389.09330  383.76543  378.60021  387.79658  382.48527  377.33576
 389.08707  383.75923  378.59404  387.77678  382.46587  377.31675  386.48050  381.18658  376.05358
 387.77062  382.45974  377.31064  386.46085  381.16734  376.03473  385.16510  379.88899  374.77291
 386.45476  381.16127  376.02869  385.14559  379.86990  374.75420  383.85045  378.59260  373.49382
 385.13956  379.86390  374.74823  383.83108  378.57364  373.47526  382.53667  377.29747  372.21641
 383.82511  378.56771  373.46936  382.51744  377.27864  372.19799  381.22381  376.00367  370.94071
 382.51153  377.27276  372.19214  381.20474  375.98500  370.92242  379.91200  374.71131  369.66682
 381.19888  375.97918  370.91663  379.89307  374.69279  369.64868  378.60130  373.42045  368.39480
 379.88728  374.68703  369.64295  378.58252  373.40207  368.37680  377.29181  372.13118  367.12472
 378.57676  373.39637  368.37113  377.27316  372.11293  367.10686  375.98361  370.84357  365.85666
 377.26747  372.10728  367.10125  375.96510  370.82546  365.83893  374.67677  369.55768  364.59067
 375.95946  370.81986  365.83337  374.65838  369.53970  364.57307  373.37138  368.27360  363.32683
 374.65280  369.53416  364.56758  373.35313  368.25574  363.30937  372.06751  366.99139  362.06519
 373.34759  368.25025  363.30391  372.04939  366.97367  362.04784  370.76525  365.71112  360.80581
 372.04391  366.96823  362.04245  370.74728  365.69354  360.78861  369.46468  364.43287  359.54877
 370.74183  365.68815  360.78326  369.44682  364.41542  359.53169  368.16585  363.15671  358.29412
 369.44142  364.41007  359.52640  368.14813  363.13937  358.27717  366.86885  361.88267  357.04192
 368.14277  363.13407  358.27191  366.85126  361.86548  357.02509  365.57377  360.61086  355.79222
 366.84595  361.86022  357.01988  365.55629  360.59378  355.77552  364.28064  359.34133  354.54509
 365.55103  360.58858  355.77036  364.26329  359.32437  354.52851  362.98956  358.07412  353.30057
 364.25807  359.31920  354.52340  362.97234  358.05728  353.28411  361.70059  356.80931  352.05873
   0.00000  358.05216  353.27904    0.00000  356.79261  352.04239    0.00000  355.54697  350.81962
