       nan        nan        nan        nan        nan        nan        nan        nan        nan 33781.25900        nan        nan        nan        nan        nan        nan        nan        nan 33778.28050 33735.19400        nan        nan        nan        nan        nan        nan        nan
33784.40750        nan        nan 33821.17500        nan        nan        nan        nan        nan 33781.42900 33738.34250        nan 33818.19650 33775.11000        nan        nan        nan        nan 33775.46700 33732.00350 33696.22800 33812.23450 33768.77100 33732.99550        nan        nan        nan
33787.73450 33744.64800        nan 33825.01950 33781.93300        nan 33855.83150 33812.74500        nan 33781.77250 33738.30900 33702.53350 33819.05750 33775.59400 33739.81850 33849.86950 33806.40600 33770.63050 33772.82150 33728.79050 33692.01400 33810.10650 33766.07550 33729.29900 33840.91850 33796.88750 33760.11100
33791.24900 33747.78550 33712.01000 33829.31300 33785.84950 33750.07400 33861.46000 33817.99650 33782.22100 33782.29800 33738.26700 33701.49050 33820.36200 33776.33100 33739.55450 33852.50900 33808.47800 33771.70150 33770.34800 33725.56050 33687.49850 33808.41200 33763.62450 33725.56250 33840.55900 33795.77150 33757.70950
33794.96750 33750.93650 33714.16000 33834.06700 33790.03600 33753.25950 33867.89500 33823.86400 33787.08750 33783.01750 33738.23000 33700.16800 33822.11700 33777.32950 33739.26750 33855.94500 33811.15750 33773.09550 33768.05550 33722.32400 33682.72600 33807.15500 33761.42350 33721.82550 33840.98300 33795.25150 33755.65350
33798.90300 33754.11550 33716.05350 33839.28800 33794.50050 33756.43850 33875.08550 33830.29800 33792.23600 33783.94100 33738.20950 33698.61150 33824.32600 33778.59450 33738.99650 33860.12350 33814.39200 33774.79400 33765.95450 33719.09650 33677.74600 33806.33950 33759.48150 33718.13100 33842.13700 33795.27900 33753.92850
33803.07000 33757.33850 33717.74050 33844.97500 33799.24350 33759.64550 33882.97650 33837.24500 33797.64700 33785.08350 33738.22550 33696.87500 33826.98850 33780.13050 33738.78000 33864.99000 33818.13200 33776.78150 33764.05800 33715.89650 33672.60900 33805.96300 33757.80150 33714.51400 33843.96450 33795.80300 33752.51550
33807.48150 33760.62350 33719.27300 33851.12450 33804.26650 33762.91600 33891.51850 33844.66050 33803.31000 33786.45600 33738.29450 33695.00700 33830.09900 33781.93750 33738.65000 33870.49300 33822.33150 33779.04400 33762.37600 33712.74550 33667.36450 33806.01900 33756.38850 33711.00750 33846.41300 33796.78250 33751.40150
33812.14750 33763.98600 33720.69850 33857.72550 33809.56400 33766.27650 33900.66400 33852.50250 33809.21500 33788.06750 33738.43700 33693.05600 33833.64550 33784.01500 33738.63400 33876.58400 33826.95350 33781.57250 33760.91900 33709.66350 33662.05750 33806.49700 33755.24150 33707.63550 33849.43550 33798.18000 33750.57400
33817.07550 33767.44500 33722.06400 33864.76500 33815.13450 33769.75350 33910.36950 33860.73900 33815.35800 33789.92700 33738.67150 33691.06550 33837.61650 33786.36100 33738.75500 33883.22100 33831.96550 33784.35950 33759.69700 33706.67300 33656.73150 33807.38650 33754.36250 33704.42100 33852.99100 33799.96700 33750.02550
33822.27150 33771.01600 33723.41000 33872.22700 33820.97150 33773.36550 33920.59700 33869.34150 33821.73550 33792.04150 33739.01750 33689.07600 33841.99700 33788.97300 33739.03150 33890.36700 33837.34300 33787.40150 33758.71600 33703.79250 33651.42150 33808.67150 33753.74800 33701.37700 33857.04150 33802.11800 33749.74700
33827.74050 33774.71650 33724.77500 33880.09700 33827.07300 33777.13150 33931.31400 33878.29000 33828.34850 33794.41500 33739.49150 33687.12050 33846.77150 33791.84800 33739.47700 33897.98850 33843.06500 33790.69400 33757.98450 33701.04200 33646.16300 33810.34100 33753.39850 33698.51950 33861.55800 33804.61550 33749.73650
33833.48300 33778.55950 33726.18850 33888.35800 33833.43450 33781.06350 33942.48850 33887.56500 33835.19400 33797.05250 33740.11000 33685.23100 33851.92750 33794.98500 33740.10600 33906.05800 33849.11550 33794.23650 33757.50500 33698.43650 33640.98250 33812.38000 33753.31150 33695.85750 33866.51050 33807.44200 33749.98800
33839.50100 33782.55850 33727.67950 33896.99700 33840.05450 33785.17550 33954.09650 33897.15400 33842.27500 33799.95350 33740.88500 33683.43100 33857.44950 33798.38100 33740.92700 33914.54900 33855.48050 33798.02650 33757.28150 33695.99000 33635.90450 33814.77750 33753.48600 33693.40050 33871.87700 33810.58550 33750.50000
33845.79350 33786.72500 33729.27100 33905.99750 33846.92900 33789.47500 33966.11350 33907.04500 33849.59100 33803.12150 33741.83000 33681.74450 33863.32550 33802.03400 33741.94850 33923.44150 33862.15000 33802.06450 33757.31650 33693.71700 33630.95000 33817.52050 33753.92100 33691.15400 33877.63650 33814.03700 33751.27000
33852.36050 33791.06900 33730.98350 33915.34850 33854.05700 33793.97150 33978.52000 33917.22850 33857.14300 33806.55550 33742.95600 33680.18900 33869.54350 33805.94400 33743.17700 33932.71500 33869.11550 33806.34850 33757.61250 33691.62750 33626.13700 33820.60050 33754.61550 33689.12500 33883.77200 33817.78700 33752.29650
33859.20000 33795.60050 33732.83350 33925.03800 33861.43850 33798.67150 33991.29900 33927.69950 33864.93250 33810.25700 33744.27200 33678.78150 33876.09500 33810.11000 33744.61950 33942.35600 33876.37100 33810.88050 33758.16950 33689.73100 33621.48100 33824.00750 33755.56900 33687.31900 33890.26850 33821.83000 33753.58000
33866.31250 33800.32750 33734.83700 33935.05650 33869.07150 33803.58100 34004.43500 33938.45000 33872.95950 33814.22500 33745.78650 33677.53650 33882.96900 33814.53050 33746.28050 33952.34750 33883.90900 33815.65900 33758.98950 33688.03700 33616.99400 33827.73350 33756.78100 33685.73800 33897.11200 33826.15950 33755.11650
33873.69400 33805.25550 33737.00550 33945.39350 33876.95500 33808.70500 34017.91500 33949.47650 33881.22650 33818.45850 33747.50600 33676.46300 33890.15800 33819.20550 33748.16250 33962.67950 33891.72700 33820.68400 33760.07150 33686.55100 33612.68850 33831.77100 33758.25050 33684.38800 33904.29250 33830.77200 33756.90950
33881.34400 33810.39150 33739.34850 33956.04150 33885.08900 33814.04600 34031.72650 33960.77400 33889.73100 33822.95700 33749.43650 33675.57400 33897.65450 33824.13400 33750.27150 33973.33950 33899.81900 33825.95650 33761.41600 33685.27900 33608.57300 33836.11350 33759.97650 33683.27050 33911.79850 33835.66150 33758.95550
33889.26200 33815.74150 33741.87900 33966.99250 33893.47200 33819.60950 34045.86050 33972.34000 33898.47750 33827.72100 33751.58400 33674.87800 33905.45150 33829.31450 33752.60850 33984.31950 33908.18250 33831.47650 33763.02350 33684.22900 33604.65700 33840.75400 33761.95950 33682.38750 33919.62200 33840.82750 33761.25550
33897.44400 33821.30700 33744.60100 33978.24100 33902.10400 33825.39800 34060.30650 33984.16950 33907.46350 33832.74650 33753.95200 33674.38000 33913.54350 33834.74900 33755.17700 33995.60900 33916.81450 33837.24250 33764.89300 33683.40250 33600.94600 33845.69000 33764.19950 33681.74300 33927.75550 33846.26500 33763.80850
33905.88850 33827.09400 33747.52200 33989.77900 33910.98450 33831.41250 34075.05600 33996.26150 33916.68950 33838.03500 33756.54450 33674.08800 33921.92550 33840.43500 33757.97850 34007.20250 33925.71200 33843.25550 33767.02400 33682.80350 33597.44700 33850.91450 33766.69400 33681.33750 33936.19150 33851.97100 33766.61450
33914.59550 33833.10500 33750.64850 34001.60450 33920.11400 33837.65750 34090.10350 34008.61300 33926.15650 33843.58450 33759.36400 33674.00750 33930.59350 33846.37300 33761.01650 34019.09250 33934.87200 33849.51550 33769.41700 33682.43650 33594.16500 33856.42600 33769.44550 33681.17400 33944.92500 33857.94450 33769.67300
33923.56250 33839.34200 33753.98550 34013.70950 33929.48900 33844.13250 34105.44200 34021.22150 33935.86500 33849.39500 33762.41450 33674.14300 33939.54200 33852.56150 33764.29000 34031.27450 33944.29400 33856.02250 33772.07000 33682.30400 33591.10500 33862.21700 33772.45100 33681.25200 33953.94950 33864.18350 33772.98450
33932.78850 33845.80800 33757.53650 34026.09200 33939.11150 33850.84000 34121.06500 34034.08450 33945.81300 33855.46350 33765.69750 33674.49850 33948.76700 33859.00100 33767.80200 34043.74000 33953.97400 33862.77500 33774.98400 33682.40800 33588.27050 33868.28750 33775.71150 33681.57400 33963.26050 33870.68450 33776.54700
33942.27050 33852.50450 33761.30550 34038.74650 33948.98050 33857.78150 34136.96750 34047.20150 33956.00250 33861.79100 33769.21500 33675.07750 33958.26700 33865.69100 33771.55350 34056.48800 33963.91200 33869.77450 33778.15700 33682.75100 33585.66550 33874.63300 33779.22700 33682.14150 33972.85400 33877.44800 33780.36250
33952.00900 33859.43300 33765.29550 34051.67000 33959.09400 33864.95650 34153.14600 34060.57000 33966.43250 33868.37500 33772.96900 33675.88350 33968.03600 33872.63000 33775.54450 34069.51200 33974.10600 33877.02050 33781.58950 33683.33450 33583.29200 33881.25050 33782.99550 33682.95300 33982.72650 33884.47150 33784.42900
33962.00150 33866.59550 33769.51000 34064.85950 33969.45350 33872.36800 34169.59400 34074.18800 33977.10250 33875.21600 33776.96100 33676.91850 33978.07400 33879.81900 33779.77650 34082.80850 33984.55350 33884.51100 33785.28000 33684.16000 33581.15300 33888.13800 33787.01800 33684.01100 33992.87250 33891.75250 33788.74550
33972.24750 33873.99250 33773.95000 34078.31250 33980.05750 33880.01500 34186.30900 34088.05400 33988.01150 33882.31150 33781.19150 33678.18450 33988.37650 33887.25650 33784.24950 34096.37300 33995.25300 33892.24600 33789.22800 33685.22900 33579.25200 33895.29300 33791.29400 33685.31700 34003.28950 33899.29050 33793.31350
33982.74350 33881.62350 33778.61650 34092.02350 33990.90350 33887.89650 34203.28600 34102.16600 33999.15900 33889.66000 33785.66100 33679.68400 33998.94000 33894.94100 33788.96400 34110.20250 34006.20350 33900.22650 33793.43250 33686.54050 33577.58850 33902.71250 33795.82050 33686.86850 34013.97500 33907.08300 33798.13100
33993.49050 33889.49150 33783.51450 34105.99250 34001.99350 33896.01650 34220.52250 34116.52350 34010.54650 33897.26300 33790.37100 33681.41900 34009.76500 33902.87300 33793.92100 34124.29500 34017.40300 33908.45100 33797.89350 33688.09850 33576.16700 33910.39550 33800.60050 33688.66900 34024.92550 33915.13050 33803.19900
34004.48700 33897.59500 33788.64300 34120.21650 34013.32450 33904.37250 34238.01600 34131.12400 34022.17200 33905.11750 33795.32250 33683.39100 34020.84700 33911.05200 33799.12050 34138.64650 34028.85150 33916.92000 33802.61000 33689.90200 33574.98700 33918.33950 33805.63150 33690.71650 34036.13900 33923.43100 33808.51600
34015.73000 33905.93500 33794.00350 34134.69150 34024.89650 33912.96500 34255.76100 34145.96600 34034.03450 33913.22250 33800.51450 33685.59950 34032.18400 33919.47600 33804.56100 34153.25350 34040.54550 33925.63050 33807.58050 33691.95100 33574.04950 33926.54200 33810.91250 33693.01100 34047.61150 33931.98200 33814.08050
34027.22000 33914.51200 33799.59700 34149.41750 34036.70950 33921.79450 34273.75650 34161.04850 34046.13350 33921.57800 33805.94850 33688.04700 34043.77550 33928.14600 33810.24450 34168.11450 34052.48500 33934.58350 33812.80500 33694.24700 33573.35750 33935.00250 33816.44450 33695.55500 34059.34150 33940.78350 33819.89400
34038.95500 33923.32550 33805.42400 34164.39100 34048.76150 33930.86000 34291.99900 34176.36950 34058.46800 33930.18200 33811.62400 33690.73450 34055.61800 33937.06000 33816.17050 34183.22600 34064.66800 33943.77850 33818.28250 33696.78950 33572.91050 33943.71850 33822.22550 33698.34650 34071.32650 33949.83350 33825.95450
34050.93350 33932.37550 33811.48600 34179.61000 34061.05200 33940.16250 34310.48650 34191.92850 34071.03900 33939.03400 33817.54100 33693.66200 34067.71050 33946.21750 33822.33850 34198.58700 34077.09400 33953.21500 33824.01200 33699.57950 33572.70900 33952.68850 33828.25600 33701.38550 34083.56500 33959.13250 33832.26200
34063.15450 33941.66150 33817.78250 34195.07250 34073.57950 33949.70050 34329.21550 34207.72250 34083.84350 33948.13250 33823.70000 33696.82950 34080.05050 33955.61800 33828.74750 34214.19350 34089.76100 33962.89050 33829.99300 33702.61600 33572.75400 33961.91100 33834.53400 33704.67200 34096.05400 33968.67700 33838.81500
34075.61650 33951.18400 33824.31350 34210.77650 34086.34400 33959.47350 34348.18450 34223.75200 34096.88150 33957.47700 33830.10000 33700.23800 34092.63700 33965.26000 33835.39800 34230.04500 34102.66800 33972.80600 33836.22350 33705.89900 33573.04650 33971.38350 33841.05900 33708.20650 34108.79150 33978.46700 33845.61450
34088.31950 33960.94250 33831.08050 34226.72050 34099.34350 33969.48150 34367.39100 34240.01400 34110.15200 33967.06600 33836.74150 33703.88900 34105.46700 33975.14250 33842.29000 34246.13750 34115.81300 33982.96050 33842.70450 33709.43000 33573.58700 33981.10550 33847.83100 33711.98800 34121.77600 33988.50150 33852.65850
34101.26000 33970.93550 33838.08300 34242.90150 34112.57700 33979.72450 34386.83150 34256.50700 34123.65450 33976.89850 33843.62400 33707.78100 34118.54000 33985.26550 33849.42250 34262.47000 34129.19550 33993.35250 33849.43450 33713.20700 33574.37450 33991.07600 33854.84850 33716.01600 34135.00600 33998.77850 33859.94600
34114.43850 33981.16400 33845.32100 34259.31900 34126.04450 33990.20150 34406.50500 34273.23050 34137.38750 33986.97450 33850.74700 33711.91450 34131.85500 33995.62750 33856.79500 34279.04100 34142.81350 34003.98100 33856.41100 33717.23050 33575.41000 34001.29150 33862.11100 33720.29050 34148.47750 34009.29700 33867.47650
34127.85400 33991.62650 33852.79400 34275.97200 34139.74450 34000.91200 34426.41000 34290.18250 34151.35000 33997.29050 33858.11000 33716.28950 34145.40850 34006.22800 33864.40750 34295.84650 34156.66600 34014.84550 33863.63600 33721.50050 33576.69350 34011.75400 33869.61850 33724.81150 34162.19200 34020.05650 33875.24950
34141.50300 34002.32250 33860.50200 34292.85500 34153.67450 34011.85400 34446.54150 34307.36100 34165.54050 34007.84850 33865.71300 33720.90600 34159.20050 34017.06500 33872.25800 34312.88700 34170.75150 34025.94450 33871.10550 33726.01600 33578.22550 34022.45750 33877.36800 33729.57750 34176.14400 34031.05450 33883.26400
34155.38700 34013.25150 33868.44450 34309.97100 34167.83550 34023.02850 34466.90100 34324.76550 34179.95850 34018.64400 33873.55450 33725.76400 34173.22800 34028.13850 33880.34800 34330.15800 34185.06850 34037.27800 33878.82100 33730.77700 33580.00550 34033.40500 33885.36100 33734.58950 34190.33500 34042.29100 33891.51950
34169.50150 34024.41200 33876.62150 34327.31300 34182.22350 34034.43300 34487.48250 34342.39300 34194.60250 34029.67850 33881.63450 33730.86300 34187.49000 34039.44600 33888.67450 34347.65950 34199.61550 34048.84400 33886.77950 33735.78350 33582.03300 34044.59100 33893.59500 33739.84450 34204.76050 34053.76450 33900.01400
34183.84800 34035.80400 33885.03250 34344.88450 34196.84050 34046.06900 34508.28750 34360.24350 34209.47200 34040.94900 33889.95300 33736.20250 34201.98550 34050.98950 33897.23900 34365.38850 34214.39250 34060.64200 33894.98150 33741.03300 33584.30800 34056.01800 33902.06950 33745.34450 34219.42100 34065.47250 33908.74750
34198.42400 34047.42800 33893.67750 34362.68000 34211.68400 34057.93350 34529.31150 34378.31550 34224.56500 34052.45650 33898.50800 33741.78300 34216.71250 34062.76400 33906.03900 34383.34400 34229.39550 34072.67050 33903.42550 33746.52750 33586.83150 34067.68150 33910.78350 33751.08750 34234.31300 34077.41500 33917.71900
34213.22800 34059.27950 33902.55450 34380.70000 34226.75150 34070.02650 34550.55450 34396.60600 34239.88100 34064.19700 33907.29900 33747.60300 34231.66900 34074.77100 33915.07500 34401.52350 34244.62550 34084.92950 33912.10950 33752.26450 33589.60100 34079.58150 33919.73650 33757.07300 34249.43600 34089.59100 33926.92750
34228.25800 34071.36000 33911.66400 34398.94100 34242.04300 34082.34700 34572.01200 34415.11400 34255.41800 34076.17050 33916.32550 33753.66200 34246.85350 34087.00850 33924.34500 34419.92450 34260.07950 34097.41600 33921.03350 33758.24400 33592.61750 34091.71650 33928.92700 33763.30050 34264.78750 34101.99800 33936.37150
34243.51400 34083.66900 33921.00550 34417.40200 34257.55700 34094.89350 34593.68350 34433.83850 34271.17500 34088.37700 33925.58750 33759.96100 34262.26500 34099.47550 33933.84900 34438.54650 34275.75700 34110.13050 33930.19700 33764.46550 33595.88050 34104.08500 33938.35350 33769.76850 34280.36650 34114.63500 33946.05000
34258.99400 34096.20450 33930.57800 34436.08150 34273.29200 34107.66550 34615.56700 34452.77750 34287.15100 34100.81400 33935.08250 33766.49750 34277.90150 34112.17000 33943.58500 34457.38700 34291.65550 34123.07050 33939.59750 33770.92850 33599.39000 34116.68500 33948.01600 33776.47750 34296.17050 34127.50150 33955.96300
34274.69700 34108.96550 33940.38050 34454.97800 34289.24650 34120.66150 34637.66000 34471.92850 34303.34350 34113.48050 33944.81150 33773.27300 34293.76150 34125.09250 33953.55400 34476.44350 34307.77450 34136.23600 33949.23500 33777.63150 33603.14450 34129.51600 33957.91250 33783.42550 34312.19800 34140.59450 33966.10750
34290.62000 34121.95100 33950.41250 34474.08850 34305.41950 34133.88100 34659.96050 34491.29150 34319.75300 34126.37450 33954.77100 33780.28400 34309.84300 34138.23950 33963.75250 34495.71500 34324.11150 34149.62450 33959.10700 33784.57350 33607.14350 34142.57550 33968.04200 33790.61200 34328.44750 34153.91400 33976.48400
34306.76300 34135.15950 33960.67250 34493.41200 34321.80850 34147.32150 34682.46650 34510.86300 34336.37600 34139.49550 33964.96200 33787.53200 34326.14450 34151.61100 33974.18100 34515.19900 34340.66550 34163.23550 33969.21400 33791.75450 33611.38650 34155.86300 33978.40350 33798.03550 34344.91750 34167.45800 33987.09000
34323.12400 34148.59050 33971.16050 34512.94650 34338.41300 34160.98300 34705.17600 34530.64250 34353.21250 34152.84250 33975.38300 33795.01500 34342.66500 34165.20550 33984.83750 34534.89450 34357.43500 34177.06700 33979.55350 33799.17350 33615.87350 34169.37600 33988.99600 33805.69600 34361.60550 34181.22550 33997.92550
34339.70150 34162.24200 33981.87400 34532.69100 34355.23150 34174.86350 34728.08800 34550.62850 34370.26050 34166.41250 33986.03250 33802.73250 34359.40200 34179.02200 33995.72200 34554.79900 34374.41900 34191.11900 33990.12400 33806.82800 33620.60250 34183.11350 33999.81750 33813.59200 34378.51050 34195.21450 34008.98900
34356.49400 34176.11400 33992.81400 34552.64250 34372.26250 34188.96250 34751.19800 34570.81800 34387.51800 34180.20550 33996.90950 33810.68400 34376.35400 34193.05800 34006.83250 34574.90950 34391.61350 34205.38800 34000.92600 33814.71950 33625.57450 34197.07450 34010.86800 33821.72300 34395.63000 34209.42350 34020.27850
34373.49950 34190.20350 34003.97800 34572.79950 34389.50350 34203.27800 34774.50600 34591.21000 34404.98450 34194.22000 34008.01350 33818.86850 34393.52000 34207.31350 34018.16850 34595.22650 34409.02000 34219.87500 34011.95650 33822.84550 33630.78750 34211.25650 34022.14550 33830.08750 34412.96300 34223.85200 34031.79400
34390.71650 34204.51000 34015.36500 34593.16100 34406.95450 34217.80950 34798.00900 34611.80250 34422.65750 34208.45300 34019.34200 33827.28400 34410.89750 34221.78650 34029.72850 34615.74550 34426.63450 34234.57650 34023.21400 33831.20500 33636.24100 34225.65850 34033.64950 33838.68550 34430.50650 34238.49750 34043.53350
34408.14400 34219.03300 34026.97500 34613.72300 34424.61200 34232.55400 34821.70550 34632.59450 34440.53650 34222.90500 34030.89600 33835.93200 34428.48400 34236.47500 34041.51100 34636.46650 34444.45750 34249.49350 34034.69950 33839.79700 33641.93450 34240.27850 34045.37600 33847.51350 34448.26100 34253.35850 34055.49600
34425.77950 34233.77050 34038.80650 34634.48550 34442.47650 34247.51250 34845.59200 34653.58300 34458.61900 34237.57400 34042.67150 33844.80900 34446.28000 34251.37750 34053.51500 34657.38650 34462.48400 34264.62150 34046.40900 33848.62100 33647.86600 34255.11500 34057.32700 33856.57200 34466.22150 34268.43350 34067.67850
34443.62250 34248.72000 34050.85750 34655.44700 34460.54450 34262.68200 34869.66900 34674.76650 34476.90400 34252.45750 34054.66950 33853.91450 34464.28200 34266.49400 34065.73900 34678.50400 34480.71600 34279.96100 34058.34250 33857.67500 33654.03550 34270.16700 34069.49950 33865.86000 34484.38900 34283.72150 34080.08200
34461.66950 34263.88150 34063.12650 34676.60350 34478.81550 34278.06050 34893.93100 34696.14300 34495.38800 34267.55450 34066.88700 33863.24750 34482.48850 34281.82100 34078.18150 34699.81600 34499.14850 34295.50900 34070.49850 33866.95850 33660.44150 34285.43250 34081.89250 33875.37550 34502.76000 34299.22000 34092.70300
34479.92100 34279.25350 34075.61400 34697.95500 34497.28750 34293.64800 34918.37800 34717.71050 34514.07100 34282.86500 34079.32500 33872.80800 34500.89900 34297.35900 34090.84200 34721.32200 34517.78200 34311.26500 34082.87600 33876.47000 33667.08500 34300.91000 34094.50400 33885.11900 34521.33300 34314.92700 34105.54200
34498.37400 34294.83400 34088.31700 34719.49850 34515.95850 34309.44150 34943.00850 34739.46850 34532.95150 34298.38500 34091.97900 33882.59400 34519.50950 34313.10350 34103.71850 34743.01950 34536.61350 34327.22850 34095.47250 33886.20900 33673.96200 34316.59700 34107.33350 33895.08650 34540.10700 34330.84350 34118.59650
34517.02650 34310.62050 34101.23550 34741.23200 34534.82600 34325.44100 34967.81850 34761.41250 34552.02750 34314.11400 34104.85050 33892.60350 34538.31950 34329.05600 34116.80900 34764.90600 34555.64250 34343.39550 34108.28700 33896.17300 33681.07300 34332.49250 34120.37850 33905.27850 34559.07900 34346.96500 34131.86500
34535.87650 34326.61300 34114.36600 34763.15400 34553.89050 34341.64350 34992.80600 34783.54250 34571.29550 34330.04950 34117.93550 33902.83550 34557.32700 34345.21300 34130.11300 34786.97900 34574.86500 34359.76500 34121.31700 33906.36000 33688.41550 34348.59450 34133.63750 33915.69300 34578.24650 34363.28950 34145.34500
34554.92350 34342.80950 34127.70950 34785.26200 34573.14800 34358.04800 35017.96900 34805.85500 34590.75500 34346.19100 34131.23400 33913.28950 34576.52950 34361.57250 34143.62800 34809.23650 34594.27950 34376.33500 34134.56300 33916.77150 33695.99100 34364.90150 34147.11000 33926.32950 34597.60850 34379.81700 34159.03650
34574.16450 34359.20750 34141.26300 34807.55350 34592.59650 34374.65200 35043.30600 34828.34900 34610.40450 34362.53650 34144.74500 33923.96450 34595.92550 34378.13400 34157.35350 34831.67800 34613.88650 34393.10600 34148.02200 33927.40450 33703.79650 34381.41100 34160.79350 33937.18550 34617.16350 34396.54600 34172.93800
34593.59800 34375.80650 34155.02600 34830.02800 34612.23650 34391.45600 35068.81400 34851.02250 34630.24200 34379.08350 34158.46600 33934.85800 34615.51350 34394.89600 34171.28800 34854.29950 34633.68200 34410.07400 34161.69300 33938.25700 33711.83150 34398.12300 34174.68700 33948.26150 34636.90900 34413.47300 34187.04750
34613.22200 34392.60450 34168.99650 34852.68150 34632.06400 34408.45600 35094.49050 34873.87300 34650.26500 34395.83150 34172.39550 33945.97000 34635.29100 34411.85500 34185.42950 34877.10000 34653.66400 34427.23850 34175.57350 33949.32850 33720.09350 34415.03300 34188.78800 33959.55300 34656.84200 34430.59700 34201.36200
34633.03500 34409.59900 34183.17350 34875.51350 34652.07750 34425.65200 35120.33400 34896.89800 34670.47250 34412.77700 34186.53200 33957.29700 34655.25550 34429.01050 34199.77550 34900.07600 34673.83100 34444.59600 34189.66300 33960.61750 33728.58250 34432.14150 34203.09600 33971.06100 34676.96200 34447.91650 34215.88150
34653.03400 34426.78900 34197.55400 34898.52000 34672.27500 34443.04000 35146.34050 34920.09550 34690.86050 34429.92000 34200.87450 33968.83950 34675.40600 34446.36050 34214.32550 34923.22650 34694.18100 34462.14600 34203.95950 33972.12250 33737.29700 34449.44550 34217.60850 33982.78300 34697.26600 34465.42900 34230.60350
34673.21850 34444.17300 34212.13800 34921.70100 34692.65550 34460.62050 35172.51000 34943.46450 34711.42950 34447.25800 34215.42100 33980.59550 34695.74050 34463.90350 34229.07800 34946.54950 34714.71250 34479.88700 34218.46100 33983.84150 33746.23500 34466.94350 34232.32400 33994.71750 34717.75250 34483.13300 34245.52650
34693.58500 34461.74800 34226.92250 34945.05300 34713.21600 34478.39050 35198.83850 34967.00150 34732.17600 34464.78800 34230.16850 33992.56200 34716.25600 34481.63650 34244.03000 34970.04150 34735.42200 34497.81550 34233.16450 33995.77250 33755.39550 34484.63250 34247.24050 34006.86350 34738.41800 34501.02600 34260.64900
34714.13300 34479.51350 34241.90700 34968.57350 34733.95400 34496.34750 35225.32400 34990.70450 34753.09800 34482.50950 34245.11750 34004.74050 34736.95000 34499.55800 34259.18100 34993.70050 34756.30850 34515.93150 34248.07150 34007.91600 33764.77750 34502.51200 34262.35650 34019.21800 34759.26250 34519.10700 34275.96850
34734.85850 34497.46650 34257.08950 34992.26000 34754.86800 34514.49100 35251.96300 35014.57100 34774.19400 34500.42050 34260.26500 34017.12650 34757.82200 34517.66650 34274.52800 35017.52500 34777.36950 34534.23100 34263.17750 34020.26900 33774.37950 34520.57900 34277.67050 34031.78100 34780.28200 34537.37350 34291.48400
34755.76100 34515.60550 34272.46700 35016.11250 34775.95700 34532.81850 35278.75500 35038.59950 34795.46100 34518.51800 34275.60950 34029.72000 34778.86950 34535.96100 34290.07150 35041.51200 34798.60350 34552.71400 34278.48200 34032.82950 33784.19950 34538.83350 34293.18100 34044.55100 34801.47600 34555.82350 34307.19350
34776.83750 34533.92900 34288.03950 35040.12550 34797.21700 34551.32750 35305.69600 35062.78750 34816.89800 34536.80150 34291.14900 34042.51900 34800.08950 34554.43700 34305.80700 35065.66000 34820.00750 34571.37750 34293.98200 34045.59600 33794.23650 34557.27000 34308.88400 34057.52450 34822.84050 34574.45450 34323.09500
34798.08750 34552.43500 34303.80500 35064.30000 34818.64750 34570.01750 35332.78400 35087.13150 34838.50150 34555.26800 34306.88200 34055.52250 34821.48050 34573.09450 34321.73500 35089.96450 34841.57850 34590.21900 34309.67650 34058.56800 33804.48900 34575.88900 34324.78050 34070.70150 34844.37300 34593.26450 34339.18550
34819.50650 34571.12050 34319.76100 35088.63050 34840.24450 34588.88500 35360.01650 35111.63050 34860.27100 34573.91500 34322.80650 34068.72750 34843.03900 34591.93050 34337.85150 35114.42500 34863.31650 34609.23750 34325.56400 34071.74200 33814.95500 34594.68800 34340.86600 34084.07900 34866.07400 34612.25200 34355.46500
34841.09300 34589.98450 34335.90550 35113.11600 34862.00750 34607.92850 35387.39000 35136.28150 34882.20250 34592.74200 34338.92000 34082.13300 34864.76500 34610.94300 34354.15600 35139.03900 34885.21700 34628.43000 34341.64100 34085.11750 33825.63300 34613.66400 34357.14050 34097.65600 34887.93800 34631.41450 34371.93000
34862.84550 34609.02350 34352.23650 35137.75450 34883.93250 34627.14550 35414.90400 35161.08200 34904.29500 34611.74450 34355.22100 34095.73650 34886.65350 34630.13000 34370.64550 35163.80300 34907.27950 34647.79500 34357.90650 34098.69200 33836.52050 34632.81550 34373.60100 34111.42950 34909.96500 34650.75050 34388.57900
34884.76100 34628.23750 34368.75300 35162.54250 34906.01900 34646.53450 35442.55350 35186.03000 34926.54550 34630.92300 34371.70850 34109.53700 34908.70450 34649.49000 34387.31850 35188.71550 34929.50100 34667.32950 34374.35900 34112.46500 33847.61850 34652.14050 34390.24650 34125.40000 34932.15150 34670.25750 34405.41100
34906.83800 34647.62350 34385.45200 35187.47850 34928.26400 34666.09250 35470.33700 35211.12250 34948.95100 34650.27400 34388.38000 34123.53350 34930.91450 34669.02050 34404.17400 35213.77300 34951.87900 34687.03250 34390.99650 34126.43300 33858.92300 34671.63700 34407.07350 34139.56350 34954.49550 34689.93200 34422.42200
34929.07350 34667.17950 34402.33300 35212.55900 34950.66500 34685.81850 35498.25200 35236.35800 34971.51150 34669.79600 34405.23250 34137.72250 34953.28150 34688.71800 34421.20800 35238.97450 34974.41100 34706.90100 34407.81600 34140.59500 33870.43250 34691.30150 34424.08050 34153.91800 34976.99450 34709.77350 34439.61100
34951.46550 34686.90200 34419.39200 35237.78300 34973.21950 34705.70950 35526.29550 35261.73200 34994.22200 34689.48550 34422.26450 34152.10200 34975.80300 34708.58200 34438.41950 35264.31550 34997.09450 34726.93200 34424.81550 34154.94800 33882.14600 34711.13300 34441.26550 34168.46350 34999.64550 34729.77800 34456.97600
34974.01150 34706.79050 34436.62800 35263.14700 34995.92600 34725.76350 35554.46450 35287.24350 35017.08100 34709.34150 34439.47400 34166.67200 34998.47700 34728.60950 34455.80750 35289.79450 35019.92700 34747.12500 34441.99450 34169.49250 33894.06150 34731.13000 34458.62800 34183.19700 35022.44750 34749.94550 34474.51450
34996.70900 34726.84150 34454.03950 35288.64750 35018.78000 34745.97800 35582.75650 35312.88900 35040.08700 34729.36200 34456.86000 34181.42900 35021.30050 34748.79850 34473.36750 35315.40950 35042.90750 34767.47650 34459.34850 34184.22400 33906.17700 34751.28700 34476.16250 34198.11550 35045.39600 34770.27150 34492.22450
35019.55650 34747.05450 34471.62350 35314.28400 35041.78200 34766.35100 35611.16950 35338.66750 35063.23650 34749.54300 34474.41850 34196.37150 35044.27050 34769.14600 34491.09900 35341.15600 35066.03150 34787.98450 34476.87750 34199.14200 33918.49100 34771.60500 34493.86950 34213.21850 35068.49050 34790.75500 34510.10400
35042.54900 34767.42450 34489.37750 35340.05150 35064.92700 34786.88000 35639.69850 35364.57400 35086.52700 34769.88350 34492.14800 34211.49700 35067.38600 34789.65050 34508.99950 35367.03300 35089.29750 34808.64650 34494.57700 34214.24350 33931.00050 34792.07950 34511.74600 34228.50300 35091.72650 34811.39300 34528.15000
35065.68750 34787.95200 34507.30100 35365.94900 35088.21350 34807.56250 35668.34300 35390.60750 35109.95650 34790.38100 34510.04750 34226.80450 35090.64250 34810.30900 34527.06600 35393.03650 35112.70300 34829.46000 34512.44750 34229.52800 33943.70600 34812.70900 34529.78950 34243.96750 35115.10300 34832.18350 34546.36150
35088.96600 34808.63250 34525.38950 35391.97300 35111.63950 34828.39650 35697.09850 35416.76500 35133.52200 34811.03250 34528.11300 34242.29100 35114.03950 34831.12000 34545.29800 35419.16500 35136.24550 34850.42350 34530.48450 34244.99050 33956.60200 34833.49150 34547.99750 34259.60900 35138.61700 34853.12300 34564.73450
35112.38450 34829.46500 34543.64300 35418.12050 35135.20100 34849.37900 35725.96250 35443.04300 35157.22100 34831.83650 34546.34250 34257.95400 35137.57250 34852.07850 34563.69000 35445.41450 35159.92050 34871.53200 34548.68700 34260.63200 33969.69000 34854.42300 34566.36800 34275.42600 35162.26500 34874.21000 34583.26800
35135.93950 34850.44550 34562.05700 35444.39050 35158.89650 34870.50800 35754.93300 35469.43900 35181.05050 34852.79000 34564.73500 34273.79300 35161.24100 34873.18600 34582.24400 35471.78350 35183.72850 34892.78650 34567.05250 34276.44850 33982.96600 34875.50350 34584.89950 34291.41700 35186.04600 34895.44200 34601.95950
35159.62800 34871.57300 34580.63100 35470.77800 35182.72300 34891.78100 35784.00600 35495.95100 35205.00900 34873.89050 34583.28650 34289.80400 35185.04050 34894.43650 34600.95400 35498.26850 35207.66450 34914.18200 34585.57750 34292.43800 33996.42800 34896.72750 34603.58800 34307.57800 35209.95550 34916.81600 34620.80600
35183.44900 34892.84500 34599.36250 35497.28200 35206.67800 34913.19550 35813.17900 35522.57500 35229.09250 34895.13600 34601.99650 34305.98650 35208.96900 34915.82950 34619.81950 35524.86600 35231.72650 34935.71650 34604.26150 34308.59950 34010.07550 34918.09450 34622.43250 34323.90850 35233.99150 34938.32950 34639.80550
35207.39700 34914.25750 34618.24750 35523.89800 35230.75850 34934.74850 35842.44800 35549.30850 35253.29850 34916.52250 34620.86050 34322.33650 35233.02350 34937.36150 34638.83750 35551.57350 35255.91150 34957.38750 34623.10050 34324.92900 34023.90400 34939.60150 34641.43000 34340.40500 35258.15150 34959.98000 34658.95500
35231.47200 34935.81000 34637.28600 35550.62400 35254.96200 34956.43800 35871.81150 35576.14950 35277.62550 34938.05000 34639.87850 34338.85350 35257.20200 34959.03050 34658.00550 35578.38950 35280.21800 34979.19300 34642.09300 34341.42600 34037.91400 34961.24500 34660.57800 34357.06600 35282.43250 34981.76550 34678.25350
35255.66950 34957.49800 34656.47300 35577.45800 35279.28650 34978.26150 35901.26500 35603.09350 35302.06850 34959.71250 34659.04550 34355.53350 35281.50100 34980.83400 34677.32200 35605.30800 35304.64100 35001.12900 34661.23550 34358.08600 34052.10100 34983.02400 34679.87450 34373.88950 35306.83100 35003.68150 34697.69650
35279.98700 34979.32000 34675.80800 35604.39450 35303.72750 35000.21550 35930.80600 35630.13900 35326.62700 34981.51000 34678.36050 34372.37550 35305.91750 35002.76800 34696.78300 35632.32900 35329.17950 35023.19450 34680.52750 34374.90900 34066.46400 35004.93500 34699.31650 34390.87150 35331.34650 35025.72800 34717.28300
35304.42250 35001.27300 34695.28800 35631.43200 35328.28250 35022.29750 35960.43150 35657.28200 35351.29700 35003.44000 34697.82150 34389.37650 35330.44950 35024.83100 34716.38600 35659.44900 35353.83050 35045.38550 34699.96450 34391.89100 34081.00050 35026.97400 34718.90050 34408.01000 35355.97350 35047.90000 34737.00950
35328.97350 35023.35500 34714.91000 35658.56900 35352.95050 35044.50550 35990.13850 35684.52000 35376.07500 35025.49800 34717.42450 34406.53400 35355.09350 35047.02000 34736.12950 35686.66300 35378.58950 35067.69900 34719.54400 34409.03000 34095.70800 35049.13950 34738.62550 34425.30350 35380.70900 35070.19500 34756.87300
35353.63500 35045.56150 34734.67100 35685.80000 35377.72650 35066.83600 36019.92250 35711.84900 35400.95850 35047.68100 34737.16700 34423.84500 35379.84600 35069.33200 34756.01000 35713.96850 35403.45450 35090.13250 34739.26500 34426.32350 34110.58450 35071.43000 34758.48850 34442.74950 35405.55250 35092.61100 34776.87200
35378.40550 35067.89150 34754.56950 35713.12200 35402.60800 35089.28600 36049.78100 35739.26700 35425.94500 35069.98950 34757.04800 34441.30900 35404.70600 35091.76450 34776.02550 35741.36500 35428.42350 35112.68450 34759.12350 34443.77000 34125.62800 35093.84000 34778.48650 34460.34450 35430.49900 35115.14550 34797.00350
35403.28350 35090.34200 34774.60300 35740.53500 35427.59350 35111.85450 36079.71250 35766.77100 35451.03200 35092.41750 34777.06400 34458.92200 35429.66900 35114.31550 34796.17350 35768.84650 35453.49300 35135.35100 34779.11750 34461.36550 34140.83600 35116.36900 34798.61700 34478.08750 35455.54650 35137.79450 34817.26500
35428.26350 35112.91000 34794.76800 35768.03200 35452.67850 35134.53650 36109.71050 35794.35700 35476.21500 35114.96350 34797.21150 34476.68200 35454.73200 35136.98000 34816.45050 35796.41050 35478.65850 35158.12900 34799.24350 34479.10850 34156.20500 35139.01200 34818.87700 34495.97350 35480.69050 35160.55550 34837.65200
35453.34350 35135.59150 34815.06200 35795.61200 35477.86000 35157.33050 36139.77350 35822.02150 35501.49200 35137.62350 34817.48850 34494.58500 35479.89200 35159.75700 34836.85350 35824.05350 35503.91850 35181.01500 34819.50000 34496.99550 34171.73400 35161.76850 34839.26400 34514.00250 35505.93000 35183.42550 34858.16400
35478.52000 35158.38500 34835.48150 35823.27100 35503.13600 35180.23250 36169.89750 35849.76250 35526.85900 35160.39650 34837.89200 34512.63050 35505.14750 35182.64300 34857.38150 35851.77400 35529.26950 35204.00800 34839.88300 34515.02400 34187.41950 35184.63400 34859.77500 34532.17050 35531.26050 35206.40150 34878.79700
35503.79200 35181.28750 34856.02600 35851.00700 35528.50250 35203.24100 36200.08100 35877.57650 35552.31500 35183.27850 34858.41950 34530.81500 35530.49350 35205.63450 34878.03000 35879.56750 35554.70850 35227.10400 34860.39000 34533.19250 34203.25950 35207.60500 34880.40750 34550.47450 35556.67900 35229.48150 34899.54850
35529.15400 35204.29500 34876.69050 35878.81450 35553.95550 35226.35100 36230.31800 35905.45900 35577.85450 35206.26550 34879.06800 34549.13500 35555.92600 35228.72850 34898.79550 35907.42950 35580.23200 35250.29900 34881.01900 34551.49750 34219.25100 35230.67950 34901.15800 34568.91150 35582.18300 35252.66150 34920.41500
35554.60250 35227.40500 34897.47200 35906.69150 35579.49400 35249.56100 36260.60550 35933.40800 35603.47500 35229.35600 34899.83450 34567.58800 35581.44500 35251.92350 34919.67700 35935.35900 35605.83750 35273.59100 34901.76600 34569.93550 34235.39200 35253.85500 34922.02450 34587.48100 35607.76900 35275.93850 34941.39500
35580.13750 35250.61600 34918.36950 35934.63550 35605.11400 35272.86750 36290.94050 35961.41900 35629.17250 35252.54750 34920.71700 34586.17350 35607.04550 35275.21500 34940.67150 35963.35050 35631.52000 35296.97650 34922.63000 34588.50600 34251.68050 35277.12800 34943.00400 34606.17850 35633.43300 35299.30900 34962.48350
35605.75300 35273.92250 34939.37900 35962.64200 35630.81150 35296.26800 36321.32050 35989.49000 35654.94650 35275.83550 34941.71150 34604.88600 35632.72450 35298.60050 34961.77500 35991.40300 35657.27900 35320.45350 34943.60550 34607.20350 34268.11200 35300.49450 34964.09250 34625.00100 35659.17300 35322.77100 34983.67950
35631.44700 35297.32300 34960.49750 35990.70800 35656.58400 35319.75850 36351.74050 36017.61650 35680.79100 35299.21700 34962.81500 34623.72350 35658.47800 35322.07600 34982.98450 36019.51050 35683.10850 35344.01700 34964.69100 34626.02700 34284.68500 35323.95200 34985.28800 34643.94600 35684.98450 35346.32050 35004.97850
35657.21550 35320.81350 34981.72200 36018.82950 35682.42750 35343.33600 36382.19700 36045.79500 35706.70350 35322.68950 34984.02550 34642.68350 35684.30350 35345.63950 35004.29750 36047.67100 35709.00700 35367.66500 34985.88350 34644.97250 34301.39650 35347.49750 35006.58650 34663.01050 35710.86500 35369.95400 35026.37800
35683.05600 35344.39200 35003.05000 36047.00400 35708.34000 35366.99800 36412.68700 36074.02300 35732.68100 35346.25000 35005.33900 34661.76300 35710.19800 35369.28700 35025.71100 36075.88100 35734.97000 35391.39400 35007.17900 34664.03850 34318.24450 35371.12700 35027.98650 34682.19250 35736.81000 35393.66950 35047.87550
35708.96500 35368.05400 35024.47800 36075.22750 35734.31650 35390.74050 36443.20600 36102.29500 35758.71900 35369.89400 35026.75350 34680.95950 35736.15650 35393.01600 35047.22200 36104.13500 35760.99450 35415.20050 35028.57650 34683.22150 34335.22500 35394.83900 35049.48400 34701.48750 35762.81750 35417.46250 35069.46600
35734.93750 35391.79700 35046.00300 36103.49500 35760.35450 35414.56050 36473.75050 36130.61000 35784.81600 35393.62000 35048.26500 34700.26850 35762.17750 35416.82250 35068.82600 36132.43300 35787.07800 35439.08150 35050.07050 34702.51750 34352.33550 35418.62800 35071.07500 34720.89300 35788.88350 35441.33050 35091.14850
35760.97300 35415.61800 35067.62150 36131.80600 35786.45100 35438.45450 36504.31800 36158.96300 35810.96650 35417.42350 35069.87050 34719.68850 35788.25650 35440.70350 35090.52150 36160.76850 35813.21550 35463.03350 35071.65950 34721.92500 34369.57400 35442.49250 35092.75800 34740.40700 35815.00450 35465.27000 35112.91900
35787.06600 35439.51300 35089.33100 36160.15450 35812.60150 35462.41950 36534.90300 36187.35000 35837.16800 35441.30200 35091.56750 34739.21650 35814.39050 35464.65600 35112.30500 36189.13900 35839.40450 35487.05350 35093.34000 34741.44050 34386.93700 35466.42850 35114.52900 34760.02550 35841.17700 35489.27750 35134.77400
35813.21350 35463.47900 35111.12800 36188.53800 35838.80350 35486.45250 36565.50250 36215.76800 35863.41700 35465.25150 35113.35200 34758.84850 35840.57600 35488.67650 35134.17300 36217.54050 35865.64100 35511.13750 35115.10800 34761.05950 34404.42100 35490.43250 35136.38400 34779.74550 35867.39700 35513.34850 35156.71000
35839.41250 35487.51300 35133.00950 36216.95250 35865.05300 35510.54950 36596.11300 36244.21350 35889.71000 35489.26900 35135.22050 34778.58200 35866.80900 35512.76050 35156.12200 36245.96950 35891.92100 35535.28250 35136.96100 34780.78150 34422.02400 35514.50100 35158.32150 34799.56400 35893.66150 35537.48200 35178.72450
35865.65900 35511.61050 35154.97200 36245.39350 35891.34500 35534.70650 36626.73000 36272.68150 35916.04300 35513.35100 35157.17150 34798.41400 35893.08550 35536.90600 35178.14850 36274.42200 35918.24250 35559.48500 35158.89550 34800.60100 34439.74300 35538.63000 35180.33550 34819.47750 35919.96650 35561.67200 35200.81400
35891.94900 35535.76950 35177.01200 36273.85900 35917.67950 35558.92200 36657.35000 36301.17050 35942.41300 35537.49350 35179.19900 34818.34100 35919.40350 35561.10900 35200.25100 36302.89450 35944.60000 35583.74200 35180.90850 34820.51650 34457.57350 35562.81850 35202.42650 34839.48350 35946.30950 35585.91750 35222.97450
35918.27950 35559.98500 35199.12700 36302.34300 35944.04850 35583.19050 36687.96800 36329.67350 35968.81550 35561.69450 35201.30250 34838.35950 35945.75800 35585.36600 35222.42300 36331.38300 35970.99100 35608.04800 35202.99650 34840.52400 34475.51450 35587.06000 35224.58750 34859.57800 35972.68500 35610.21250 35245.20300
35944.64700 35584.25500 35221.31200 36330.84350 35970.45150 35607.50850 36718.58150 36358.18950 35995.24650 35585.94900 35223.47650 34858.46700 35972.14550 35609.67300 35244.66350 36359.88350 35997.41100 35632.40150 35225.15500 34860.62000 34493.56100 35611.35150 35246.81650 34879.75750 35999.08950 35634.55450 35267.49550
35971.04700 35608.57450 35243.56500 36359.35600 35996.88350 35631.87400 36749.18600 36386.71350 36021.70400 35610.25300 35245.71800 34878.65900 35998.56200 35634.02700 35266.96800 36388.39200 36023.85700 35656.79800 35247.38250 34880.80150 34511.71050 35635.69150 35269.11050 34900.01950 36025.52150 35658.94050 35289.84950
35997.47600 35632.94100 35265.88200 36387.87650 36023.34150 35656.28250 36779.77650 36415.24150 36048.18250 35634.60550 35268.02450 34898.93350 36025.00600 35658.42500 35289.33400 36416.90600 36050.32500 35681.23400 35269.67400 34901.06550 34529.96100 35660.07450 35291.46600 34920.36150 36051.97450 35683.36600 35312.26150
36023.93200 35657.35100 35288.26000 36416.40200 36049.82100 35680.73000 36810.35050 36443.76950 36074.67850 35659.00050 35290.39200 34919.28750 36051.47050 35682.86200 35311.75750 36445.41900 36076.81050 35705.70600 35292.02750 34921.40800 34548.30800 35684.49750 35313.87800 34940.77800 36078.44600 35707.82650 35334.72650
36050.40850 35681.80000 35310.69550 36444.92650 36076.31800 35705.21350 36840.90250 36472.29400 36101.18950 35683.43550 35312.81600 34939.71600 36077.95350 35707.33400 35334.23400 36473.92950 36103.31000 35730.21000 35314.43800 34941.82700 34566.74800 35708.95600 35336.34500 34961.26600 36104.93200 35732.32100 35357.24200
36076.90300 35706.28350 35333.18350 36473.44750 36102.82800 35729.72800 36871.42900 36500.80950 36127.70950 35707.90550 35335.29450 34960.21550 36104.45000 35731.83900 35356.76000 36502.43150 36129.82050 35754.74150 35336.90200 34962.31650 34585.27750 35733.44650 35358.86100 34981.82200 36131.42800 35756.84250 35379.80350
36103.41250 35730.80150 35355.72250 36501.96100 36129.35000 35754.27100 36901.92550 36529.31450 36154.23550 35732.40900 35357.82350 34980.78450 36130.95750 35756.37200 35379.33300 36530.92200 36156.33650 35779.29750 35359.41750 34982.87600 34603.89600 35757.96600 35381.42450 35002.44450 36157.93050 35781.38900 35402.40900
36129.93100 35755.34550 35378.30650 36530.46300 36155.87750 35778.83850 36932.38850 36557.80300 36180.76400 35756.93950 35380.39800 35001.41800 36157.47150 35780.93000 35401.95000 36559.39700 36182.85550 35803.87550 35381.97850 35003.49900 34622.59650 35782.51050 35404.03100 35023.12850 36184.43600 35805.95650 35425.05400
36156.45650 35779.91500 35400.93500 36558.94850 36182.40700 35803.42700 36962.81250 36586.27100 36207.29100 35781.49550 35403.01600 35022.11350 36183.98750 35805.50800 35424.60550 36587.85150 36209.37200 35828.46950 35404.58400 35024.18500 34641.37750 35807.07600 35426.67700 35043.86950 36210.94000 35830.54100 35447.73350
36182.98350 35804.50400 35423.60150 36587.41350 36208.93400 35828.03150 36993.19400 36614.71450 36233.81200 35806.07200 35425.67300 35042.86550 36210.50200 35830.10300 35447.29550 36616.28250 36235.88350 35853.07600 35427.22800 35044.92850 34660.23450 35831.65800 35449.35850 35064.66450 36237.43850 35855.13900 35470.44500
36209.50950 35829.11050 35446.30300 36615.85500 36235.45600 35852.64850 37023.52850 36643.12950 36260.32200 35830.66550 35448.36600 35063.67200 36237.01100 35854.71150 35470.01750 36644.68450 36262.38500 35877.69100 35449.90800 35065.72550 34679.16500 35856.25350 35472.07100 35085.51050 36263.92700 35879.74450 35493.18400
36236.02950 35853.73000 35469.03600 36644.26750 36261.96800 35877.27400 37053.81150 36671.51200 36286.81800 35855.27200 35471.08950 35084.52900 36263.51000 35879.32750 35492.76700 36673.05400 36288.87150 35902.31100 35472.61900 35086.57400 34698.16500 35880.85700 35494.81200 35106.40300 36290.40100 35904.35600 35515.94700
36262.53950 35878.35700 35491.79650 36672.64750 36288.46500 35901.90450 37084.03900 36699.85650 36313.29600 35879.88650 35493.84150 35105.43250 36289.99450 35903.94950 35515.54050 36701.38600 36315.34100 35926.93200 35495.35850 35107.46900 34717.23100 35905.46650 35517.57700 35127.33900 36316.85800 35928.96850 35538.73050
36289.03450 35902.98950 35514.58050 36700.98950 36314.94450 35926.53550 37114.20550 36728.16050 36339.75150 35904.50650 35516.61700 35126.37900 36316.46150 35928.57200 35538.33400 36729.67750 36341.78800 35951.55000 35518.12200 35128.40700 34736.35900 35930.07700 35540.36200 35148.31400 36343.29300 35953.57800 35561.53000
36315.51200 35927.62250 35537.38450 36729.29050 36341.40100 35951.16300 37144.30700 36756.41750 36366.17950 35929.12750 35539.41250 35147.36450 36342.90600 35953.19100 35561.14300 36757.92250 36368.20750 35976.15950 35540.90550 35149.38450 34755.54600 35954.68400 35563.16300 35169.32450 36369.70050 35978.17950 35584.34100
36341.96700 35952.25200 35560.20400 36757.54600 36367.83100 35975.78300 37174.33950 36784.62450 36392.57650 35953.74500 35562.22400 35168.38550 36369.32400 35977.80300 35583.96450 36786.11750 36394.59650 36000.75800 35563.70500 35170.39700 34774.78800 35979.28400 35585.97600 35190.36700 36396.07750 36002.76950 35607.16050
36368.39550 35976.87450 35583.03600 36785.75100 36394.23000 36000.39150 37204.29800 36812.77700 36418.93850 35978.35550 35585.04750 35189.43850 36395.71100 36002.40300 35606.79400 36814.25800 36420.95000 36025.34100 35586.51700 35191.44200 34794.08150 36003.87250 35608.79750 35211.43700 36422.41950 36027.34450 35629.98400
36394.79250 36001.48450 35605.87550 36813.90100 36420.59300 36024.98400 37234.17750 36840.86950 36445.26050 36002.95400 35607.87900 35210.51850 36422.06250 36026.98750 35629.62700 36842.33900 36447.26400 36049.90350 35609.33750 35212.51450 34813.42250 36028.44600 35631.62300 35232.53100 36448.72250 36051.89950 35652.80750
36421.15400 36026.07900 35628.71850 36841.99150 36446.91650 36049.55600 37263.97400 36868.89900 36471.53850 36027.53750 35630.71450 35231.62250 36448.37500 36051.55200 35652.46000 36870.35750 36473.53450 36074.44250 35632.16150 35233.61050 34832.80650 36052.99900 35654.44800 35253.64400 36474.98150 36076.43050 35675.62650
36447.47700 36050.65400 35651.56200 36870.01950 36473.19650 36074.10450 37293.68300 36896.86000 36497.76800 36052.10100 35653.55000 35252.74600 36474.64350 36076.09250 35675.28850 36898.30700 36499.75600 36098.95200 35654.98600 35254.72650 34852.23100 36077.52850 35677.26900 35274.77350 36501.19200 36100.93250 35698.43700
36473.75500 36075.20400 35674.40000 36897.97800 36499.42700 36098.62300 37323.29850 36924.74750 36523.94350 36076.64000 35676.38050 35273.88500 36500.86300 36100.60350 35698.10800 36926.18350 36525.92400 36123.42850 35677.80550 35275.85850 34871.69100 36102.02850 35700.08150 35295.91400 36527.34900 36125.40200 35721.23450
36499.98450 36099.72500 35697.22950 36925.86400 36525.60450 36123.10900 37352.81650 36952.55700 36550.06150 36101.15000 35699.20300 35295.03550 36527.02950 36125.08250 35720.91500 36953.98200 36552.03500 36147.86750 35700.61750 35297.00150 34891.18250 36126.49700 35722.88100 35317.06200 36553.44950 36149.83350 35744.01450
36526.16000 36124.21300 35720.04550 36953.67200 36551.72500 36147.55750 37382.23200 36980.28500 36576.11750 36125.62750 35722.01150 35316.19250 36553.13950 36149.52350 35743.70450 36981.69950 36578.08350 36172.26450 35723.41550 35318.15250 34910.70250 36150.92750 35745.66450 35338.21450 36579.48750 36174.22450 35766.77450
36552.27950 36148.66350 35742.84450 36981.39800 36577.78200 36171.96300 37411.54100 37007.92500 36602.10600 36150.06750 35744.80450 35337.35450 36579.18600 36173.92300 35766.47300 37009.32900 36604.06600 36196.61600 35746.19750 35339.30750 34930.24650 36175.31600 35768.42600 35359.36500 36605.45900 36198.56900 35789.50800
36578.33600 36173.07300 35765.62300 37009.03650 36603.77350 36196.32350 37440.73700 37035.47400 36628.02400 36174.46600 35767.57600 35358.51500 36605.16650 36198.27650 35789.21550 37036.86700 36629.97700 36220.91600 35768.95850 35360.46150 34949.81050 36199.65900 35791.16200 35380.51100 36631.35950 36222.86250 35812.21150
36604.32550 36197.43550 35788.37450 37036.58300 36629.69300 36220.63200 37469.81600 37062.92600 36653.86500 36198.81800 35790.32100 35379.67000 36631.07550 36222.57850 35811.92750 37064.30850 36655.81150 36245.16050 35791.69350 35381.61000 34969.39000 36223.95100 35813.86750 35401.64750 36657.18400 36247.10050 35834.88050
36630.24350 36221.74650 35811.09550 37064.03350 36655.53650 36244.88550 37498.77300 37090.27600 36679.62500 36223.11900 35813.03550 35400.81550 36656.90900 36246.82550 35834.60550 37091.64850 36681.56500 36269.34500 35814.39850 35402.74900 34988.98100 36248.18850 35836.53900 35422.77100 36682.92800 36271.27850 35857.51050
36656.08600 36246.00250 35833.78250 37091.38200 36681.29850 36269.07850 37527.60300 37117.51950 36705.29950 36247.36550 35835.71600 35421.94800 36682.66150 36271.01200 35857.24400 37118.88250 36707.23300 36293.46500 35837.06900 35423.87500 35008.57950 36272.36500 35859.17100 35443.87550 36708.58600 36295.39200 35880.09650
36681.84750 36270.19800 35856.43000 37118.62400 36706.97450 36293.20650 37556.30100 37144.65150 36730.88350 36271.55100 35858.35700 35443.06150 36708.32750 36295.13350 35879.83800 37146.00450 36732.81050 36317.51500 35859.70050 35444.98300 35028.18100 36296.47700 35881.75950 35464.95750 36734.15400 36319.43650 35902.63450
36707.52250 36294.32850 35879.03300 37145.75450 36732.56050 36317.26500 37584.86100 37171.66700 36756.37150 36295.67200 35880.95450 35464.15250 36733.90400 36319.18650 35902.38450 37173.01050 36758.29300 36341.49100 35882.28850 35466.06800 35047.78150 36320.52050 35904.30000 35486.01350 36759.62700 36343.40650 35925.12000
36733.10750 36318.39000 35901.58800 37172.76900 36758.05150 36341.24950 37613.27850 37198.56100 36781.75900 36319.72400 35903.50350 35485.21700 36759.38550 36343.16500 35924.87850 37199.89500 36783.67450 36365.38800 35904.82800 35487.12650 35067.37600 36344.48950 35926.78800 35507.03750 36784.99900 36367.29750 35947.54700
36758.59700 36342.37650 35924.09000 37199.66150 36783.44100 36365.15450 37641.54900 37225.32850 36807.04200 36343.70100 35925.99950 35506.24900 36784.76550 36367.06400 35947.31350 37226.65300 36808.95150 36389.20100 35927.31500 35508.15350 35086.96100 36368.37950 35949.21800 35528.02550 36810.26700 36391.10550 35969.91300
36783.98600 36366.28450 35946.53400 37226.42700 36808.72550 36388.97500 37669.66550 37251.96400 36832.21350 36367.60000 35948.43850 35527.24600 36810.04100 36390.87950 35969.68700 37253.27950 36834.11800 36412.92550 35949.74500 35529.14500 35106.53200 36392.18600 35971.58600 35548.97300 36835.42450 36414.82450 35992.21150
36809.27000 36390.10850 35968.91600 37253.06200 36833.90050 36412.70800 37697.62450 37278.46300 36857.27050 36391.41500 35970.81500 35548.20200 36835.20700 36414.60700 35991.99400 37279.76950 36859.16950 36436.55650 35972.11200 35550.09550 35126.08400 36415.90400 35993.88750 35569.87600 36860.46650 36438.45000 36014.43850
36834.44400 36413.84400 35991.23100 37279.55950 36858.95950 36436.34650 37725.41950 37304.81950 36882.20650 36415.14100 35993.12450 35569.11300 36860.25650 36438.24000 36014.22850 37306.11650 36884.10000 36460.08850 35994.41300 35571.00200 35145.61300 36439.52850 36016.11750 35590.72850 36885.38850 36461.97750 36036.58850
36859.50200 36437.48550 36013.47400 37305.91500 36883.89850 36459.88700 37753.04550 37331.02900 36907.01750 36438.77400 36015.36300 35589.97400 36885.18700 36461.77600 36036.38700 37332.31750 36908.90650 36483.51750 36016.64250 35591.85750 35165.11400 36463.05550 36038.27050 35611.52700 36910.18600 36485.40100 36058.65750
36884.44050 36461.02950 36035.64050 37332.12350 36908.71250 36483.32350 37780.49750 37357.08650 36931.69750 36462.30900 36037.52400 35610.78050 36909.99200 36485.20700 36058.46350 37358.36600 36933.58100 36506.83750 36038.79550 35612.65950 35184.58300 36486.47850 36060.34250 35632.26600 36934.85250 36508.71650 36080.64000
36909.25300 36484.46800 36057.72450 37358.17900 36933.39400 36506.65050 37807.76950 37382.98450 36956.24100 36485.73950 36059.60350 35631.52700 36934.66550 36508.52950 36080.45300 37384.25600 36958.12000 36530.04350 36060.86600 35633.40150 35204.01450 36509.79200 36082.32750 35652.94050 36959.38250 36531.91800 36102.53100
36933.93500 36507.79900 36079.72250 37384.07700 36957.94100 36529.86450 37834.85650 37408.72050 36980.64400 36509.06150 36081.59700 35652.21000 36959.20350 36531.73900 36102.35200 37409.98300 36982.51850 36553.13150 36082.85100 35654.07950 35223.40450 36532.99300 36104.22150 35673.54650 36983.77250 36555.00100 36124.32600
36958.48000 36531.01550 36101.62850 37409.81050 36982.34600 36552.95900 37861.75100 37434.28650 37004.89950 36532.26950 36103.49800 35672.82300 36983.60000 36554.82850 36124.15350 37435.54050 37006.76900 36576.09400 36104.74400 35674.68850 35242.74800 36556.07450 36126.01900 35694.07850 37008.01500 36577.95950 36146.01900
36982.88500 36554.11350 36123.43850 37435.37600 37006.60450 36575.92950 37888.45050 37459.67900 37029.00400 36555.35950 36125.30400 35693.36350 37007.85050 36577.79500 36145.85450 37460.92500 37030.86950 36598.92900 36126.54200 35695.22450 35262.04050 36579.03300 36147.71550 35714.53150 37032.10750 36600.79000 36167.60600
37007.14250 36577.08700 36145.14650 37460.76700 37030.71150 36598.77100 37914.94700 37484.89150 37052.95100 36578.32500 36147.00750 35713.82350 37031.94950 36600.63200 36167.44800 37486.12950 37054.81200 36621.62800 36148.23700 35715.68050 35281.27650 36601.86150 36169.30500 35734.90100 37056.04150 36623.48500 36189.08100
37031.24900 36599.93150 36166.74750 37485.97850 37054.66100 36621.47700 37941.23600 37509.91850 37076.73450 36601.16100 36168.60450 35734.20050 37055.89050 36623.33400 36188.93000 37511.14800 37078.59150 36644.18750 36169.82650 35736.05300 35300.45150 36624.55600 36190.78250 35755.18100 37079.81350 36646.04000 36210.43850
37055.19800 36622.64150 36188.23750 37511.00450 37078.44800 36644.04400 37967.31100 37534.75450 37100.35050 36623.86350 36190.09000 35754.48850 37079.67000 36645.89650 36210.29500 37535.97650 37102.20300 36666.60150        nan        nan        nan        nan        nan        nan        nan        nan        nan
