       nan        nan        nan        nan        nan        nan        nan        nan        nan  296.02212        nan        nan        nan        nan        nan        nan        nan        nan  296.04823  296.42634        nan        nan        nan        nan        nan        nan        nan
 295.99454        nan        nan  295.67276        nan        nan        nan        nan        nan  296.02063  296.39867        nan  295.69880  296.07602        nan        nan        nan        nan  296.07289  296.45437  296.76912  295.75094  296.13159  296.44566        nan        nan        nan
 295.96539  296.34329        nan  295.63915  296.01622        nan  295.37009  295.74647        nan  296.01762  296.39897  296.71360  295.69127  296.07177  296.38571  295.42211  295.80193  296.11529  296.09608  296.48261  296.80624  295.76955  296.15523  296.47815  295.50025  295.88523  296.20756
 295.93461  296.31574  296.63019  295.60163  295.98190  296.29565  295.32099  295.70055  296.01369  296.01302  296.39934  296.72278  295.67986  296.06531  296.38803  295.39908  295.78380  296.10590  296.11777  296.51101  296.84602  295.78437  296.17673  296.51099  295.50339  295.89501  296.22863
 295.90205  296.28807  296.61128  295.56009  295.94523  296.26768  295.26488  295.64925  295.97106  296.00671  296.39966  296.73443  295.66452  296.05656  296.39055  295.36910  295.76036  296.09368  296.13787  296.53947  296.88808  295.79537  296.19604  296.54385  295.49969  295.89956  296.24667
 295.86759  296.26017  296.59462  295.51449  295.90613  296.23978  295.20221  295.59302  295.92596  295.99862  296.39984  296.74813  295.64521  296.04547  296.39293  295.33265  295.73207  296.07879  296.15630  296.56785  296.93199  295.80251  296.21308  296.57634  295.48961  295.89932  296.26181
 295.83112  296.23188  296.57978  295.46484  295.86461  296.21164  295.13346  295.53233  295.87859  295.98861  296.39970  296.76342  295.62194  296.03201  296.39483  295.29021  295.69936  296.06136  296.17293  296.59600  296.97729  295.80580  296.22782  296.60816  295.47366  295.89473  296.27421
 295.79252  296.20306  296.56630  295.41116  295.82065  296.18295  295.05907  295.46758  295.82902  295.97659  296.39910  296.77988  295.59476  296.01618  296.39597  295.24223  295.66265  296.04153  296.18769  296.62372  297.02355  295.80531  296.24022  296.63901  295.45228  295.88615  296.28399
 295.75170  296.17356  296.55376  295.35357  295.77430  296.15347  294.97947  295.39914  295.77735  295.96247  296.39784  296.79706  295.56378  295.99797  296.39611  295.18915  295.62225  296.01938  296.20047  296.65084  297.07037  295.80113  296.25029  296.66869  295.42590  295.87392  296.29126
 295.70860  296.14322  296.54175  295.29217  295.72557  296.12298  294.89505  295.32728  295.72362  295.94619  296.39578  296.81460  295.52909  295.97742  296.39505  295.13133  295.57845  295.99496  296.21119  296.67716  297.11738  295.79335  296.25800  296.69698  295.39487  295.85828  296.29607
 295.66317  296.11191  296.52992  295.22712  295.67453  296.09131  294.80613  295.25227  295.66786  295.92767  296.39274  296.83212  295.49084  295.95454  296.39262  295.06910  295.53148  295.96831  296.21980  296.70252  297.16427  295.78210  296.26340  296.72378  295.35953  295.83945  296.29852
 295.61537  296.07947  296.51792  295.15854  295.62120  296.05830  294.71302  295.17428  295.61006  295.90688  296.38858  296.84936  295.44915  295.92936  296.38871  295.00276  295.48151  295.93947  296.22622  296.72673  297.21071  295.76750  296.26646  296.74894  295.32014  295.81759  296.29861
 295.56519  296.04578  296.50549  295.08659  295.56562  296.02384  294.61599  295.09350  295.55025  295.88379  296.38315  296.86601  295.40415  295.90189  296.38318  294.93255  295.42869  295.90845  296.23042  296.74967  297.25648  295.74966  296.26723  296.77239  295.27695  295.79286  296.29640
 295.51263  296.01074  296.49238  295.01138  295.50780  295.98781  294.51527  295.01002  295.48841  295.85840  296.37634  296.88187  295.35597  295.87216  296.37597  294.85871  295.37315  295.87526  296.23238  296.77122  297.30136  295.72869  296.26570  296.79403  295.23017  295.76536  296.29191
 295.45769  295.97423  296.47839  294.93307  295.44778  295.95014  294.41108  294.92396  295.42454  295.83067  296.36804  296.89674  295.30472  295.84019  296.36700  294.78141  295.31498  295.83992  296.23208  296.79124  297.34515  295.70471  296.26188  296.81382  295.17998  295.73517  296.28515
 295.40038  295.93618  296.46334  294.85175  295.38557  295.91077  294.30358  294.83541  295.35865  295.80062  296.35815  296.91045  295.25051  295.80597  296.35621  294.70085  295.25424  295.80243  296.22948  296.80965  297.38771  295.67778  296.25578  296.83169  295.12653  295.70238  296.27614
 295.34071  295.89650  296.44708  294.76754  295.32118  295.86962  294.19293  294.74442  295.29071  295.76823  296.34659  296.92286  295.19341  295.76952  296.34354  294.61714  295.19100  295.76278  296.22459  296.82635  297.42890  295.64799  296.24741  296.84761  295.06995  295.66703  296.26487
 295.27868  295.85512  296.42947  294.68052  295.25462  295.82665  294.07929  294.65105  295.22073  295.73353  296.33329  296.93383  295.13352  295.73085  296.32895  294.53044  295.12534  295.72099  296.21740  296.84128  297.46860  295.61543  296.23678  296.86154  295.01038  295.62919  296.25138
 295.21433  295.81199  296.41042  294.59078  295.18592  295.78181  293.96275  294.55535  295.14870  295.69651  296.31819  296.94330  295.07092  295.68997  296.31243  294.44084  295.05726  295.67705  296.20790  296.85437  297.50670  295.58015  296.22388  296.87344  294.94790  295.58888  296.23565
 295.14768  295.76706  296.38984  294.49840  295.11506  295.73509  293.84345  294.45736  295.07463  295.65718  296.30124  296.95114  295.00566  295.64689  296.29391  294.34846  294.98683  295.63096  296.19611  296.86558  297.54313  295.54222  296.20874  296.88329  294.88262  295.54617  296.21770
 295.07872  295.72026  296.36761  294.40346  295.04207  295.68644  293.72146  294.35712  294.99850  295.61554  296.28239  296.95727  294.93782  295.60161  296.27340  294.25335  294.91407  295.58272  296.18201  296.87484  297.57780  295.50169  296.19134  296.89107  294.81461  295.50105  296.19752
 295.00749  295.67160  296.34370  294.30599  294.96694  295.63584  293.59689  294.25465  294.92032  295.57163  296.26161  296.96167  294.86745  295.55414  296.25085  294.15564  294.83901  295.53236  296.16561  296.88212  297.61067  295.45859  296.17169  296.89675  294.74393  295.45358  296.17512
 294.93402  295.62102  296.31805  294.20609  294.88970  295.58328  293.46980  294.14999  294.84010  295.52543  296.23885  296.96424  294.79459  295.50448  296.22627  294.05535  294.76168  295.47985  296.14692  296.88740  297.64166  295.41299  296.14981  296.90032  294.67066  295.40377  296.15051
 294.85830  295.56850  296.29060  294.10377  294.81033  295.52873  293.34027  294.04316  294.75782  295.47698  296.21411  296.96495  294.71928  295.45263  296.19961  293.95258  294.68212  295.42520  296.12593  296.89064  297.67074  295.36490  296.12568  296.90176  294.59485  295.35166  296.12368
 294.78036  295.51402  296.26131  293.99910  294.72887  295.47219  293.20834  293.93418  294.67350  295.42626  296.18735  296.96376  294.64157  295.39862  296.17090  293.84736  294.60032  295.36842  296.10267  296.89180  297.69786  295.31439  296.09933  296.90108  294.51655  295.29724  296.09465
 294.70021  295.45756  296.23015  293.89211  294.64531  295.41364  293.07409  293.82309  294.58714  295.37330  296.15855  296.96062  294.56151  295.34244  296.14009  293.73976  294.51634  295.30952  296.07712  296.89089  297.72298  295.26146  296.07074  296.89824  294.43581  295.24056  296.06342
 294.61789  295.39912  296.19708  293.78285  294.55966  295.35308  292.93756  293.70990  294.49874  295.31811  296.12770  296.95552  294.47910  295.28410  296.10720  293.62981  294.43016  295.24850  296.04931  296.88786  297.74607  295.20615  296.03993  296.89324  294.35266  295.18162  296.02998
 294.53338  295.33867  296.16208  293.67135  294.47193  295.29050  292.79880  293.59462  294.40831  295.26070  296.09479  296.94841  294.39441  295.22361  296.07221  293.51756  294.34181  295.18535  296.01923  296.88272  297.76712  295.14849  296.00691  296.88608  294.26715  295.12044  295.99435
 294.44672  295.27621  296.12511  293.55765  294.38213  295.22589  292.65785  293.47728  294.31586  295.20107  296.05979  296.93928  294.30744  295.16096  296.03511  293.40305  294.25133  295.12009  295.98689  296.87545  297.78608  295.08851  295.97167  296.87676  294.17932  295.05703  295.95653
 294.35792  295.21173  296.08618  293.44176  294.29026  295.15926  292.51476  293.35790  294.22139  295.13925  296.02271  296.92812  294.21823  295.09618  295.99592  293.28633  294.15872  295.05274  295.95231  296.86602  297.80294  295.02621  295.93421  296.86525  294.08919  294.99142  295.91653
 294.26700  295.14524  296.04528  293.32374  294.19636  295.09061  292.36957  293.23651  294.12492  295.07525  295.98355  296.91490  294.12682  295.02928  295.95462  293.16742  294.06399  294.98328  295.91549  296.85447  297.81769  294.96165  295.89458  296.85158  293.99681  294.92363  295.87435
 294.17397  295.07672  296.00236  293.20361  294.10040  295.01992  292.22231  293.11310  294.02644  295.00907  295.94230  296.89961  294.03320  294.96025  295.91121  293.04635  293.96718  294.91173  295.87643  296.84074  297.83030  294.89482  295.85273  296.83571  293.90219  294.85365  295.82999
 294.07884  295.00618  295.95743  293.08138  294.00243  294.94721  292.07300  292.98771  293.92597  294.94073  295.89894  296.88222  293.93742  294.88911  295.86569  292.92315  293.86828  294.83809  295.83514  296.82485  297.84077  294.82575  295.80870  296.81767  293.80536  294.78150  295.78346
 293.98164  294.93362  295.91049  292.95709  293.90244  294.87248  291.92170  292.86036  293.82353  294.87024  295.85348  296.86276  293.83950  294.81588  295.81807  292.79787  293.76733  294.76239  295.79165  296.80680  297.84909  294.75447  295.76250  296.79746  293.70636  294.70722  295.73479
 293.88237  294.85903  295.86152  292.83076  293.80043  294.79572  291.76843  292.73106  293.71911  294.79761  295.80593  296.84119  293.73945  294.74054  295.76834  292.67052  293.66432  294.68462  295.74595  296.78657  297.85523  294.68099  295.71412  296.77505  293.60521  294.63079  295.68395
 293.78105  294.78242  295.81052  292.70242  293.69644  294.71696  291.61321  292.59983  293.61274  294.72285  295.75628  296.81751  293.63731  294.66312  295.71651  292.54114  293.55930  294.60480  295.69804  296.76418  297.85919  294.60532  295.66357  296.75047  293.50193  294.55225  295.63098
 293.67770  294.70380  295.75748  292.57209  293.59046  294.63619  291.45608  292.46669  293.50440  294.64598  295.70453  296.79172  293.53308  294.58363  295.66258  292.40974  293.45225  294.52292  295.64796  296.73961  297.86098  294.52749  295.61086  296.72371  293.39654  294.47160  295.57586
 293.57234  294.62317  295.70242  292.43980  293.48252  294.55341  291.29707  292.33165  293.39414  294.56701  295.65068  296.76382  293.42680  294.50208  295.60657  292.27636  293.34321  294.43901  295.59569  296.71287  297.86058  294.44751  295.55601  296.69477  293.28907  294.38886  295.51862
 293.46498  294.54054  295.64532  292.30555  293.37262  294.46864  291.13620  292.19473  293.28195  294.48595  295.59475  296.73381  293.31847  294.41847  295.54847  292.14101  293.23219  294.35308  295.54126  296.68397  297.85799  294.36540  295.49903  296.66366  293.17955  294.30404  295.45925
 293.35562  294.45590  295.58618  292.16939  293.26078  294.38189  290.97350  292.05596  293.16785  294.40282  295.53673  296.70167  293.20812  294.33283  295.48828  292.00373  293.11921  294.26512  295.48466  296.65290  297.85319  294.28119  295.43991  296.63039  293.06798  294.21715  295.39778
 293.24430  294.36929  295.52502  292.03133  293.14701  294.29315  290.80900  291.91534  293.05185  294.31762  295.47663  296.66741  293.09578  294.24516  295.42602  291.86454  293.00427  294.17516  295.42591  296.61966  297.84620  294.19486  295.37867  296.59495  292.95439  294.12821  295.33420
 293.13102  294.28068  295.46182  291.89138  293.03132  294.20243  290.64271  291.77290  292.93396  294.23037  295.41446  296.63103  292.98144  294.15548  295.36168  291.72345  292.88740  294.08321  295.36503  296.58426  297.83702  294.10648  295.31532  296.55735  292.83882  294.03725  295.26853
 293.01579  294.19010  295.39659  291.74957  292.91373  294.10976  290.47467  291.62866  292.81419  294.14109  295.35021  296.59254  292.86514  294.06378  295.29529  291.58050  292.76862  293.98928  295.30202  296.54671  297.82563  294.01600  295.24986  296.51760  292.72126  293.94425  295.20078
 292.89865  294.09756  295.32935  291.60593  292.79426  294.01514  290.30491  291.48264  292.69257  294.04977  295.28391  296.55194  292.74690  293.97010  295.22685  291.43569  292.64794  293.89338  295.23689  296.50701  297.81204  293.92351  295.18232  296.47570  292.60176  293.84925  295.13095
 292.77958  294.00306  295.26009  291.46046  292.67291  293.91857  290.13342  291.33484  292.56911  293.95646  295.21555  296.50922  292.62673  293.87444  295.15635  291.28908  292.52538  293.79553  295.16966  296.46515  297.79626  293.82896  295.11269  296.43165  292.48032  293.75226  295.05906
 292.65864  293.90662  295.18882  291.31322  292.54972  293.82009  289.96028  291.18530  292.44381  293.86114  295.14515  296.46440  292.50466  293.77681  295.08383  291.14065  292.40095  293.69573  295.10034  296.42116  297.77828  293.73242  295.04100  296.38548  292.35697  293.65329  294.98513
 292.53582  293.80825  295.11555  291.16418  292.42468  293.71967  289.78546  291.03403  292.31670  293.76384  295.07270  296.41748  292.38069  293.67722  295.00928  290.99045  292.27466  293.59400  295.02893  296.37504  297.75811  293.63386  294.96724  296.33717  292.23171  293.55236  294.90915
 292.41114  293.70794  295.04028  291.01339  292.29780  293.61734  289.60902  290.88104  292.18779  293.66457  294.99823  296.36845  292.25484  293.57571  294.93271  290.83849  292.14656  293.49035  294.95545  296.32679  297.73574  293.53333  294.89145  296.28675  292.10459  293.44949  294.83115
 292.28461  293.60574  294.96302  290.86086  292.16912  293.51313  289.43096  290.72636  292.05709  293.56336  294.92175  296.31734  292.12715  293.47226  294.85413  290.68480  292.01663  293.38479  294.87992  296.27642  297.71119  293.43083  294.81361  296.23421  291.97561  293.34468  294.75112
 292.15626  293.50164  294.88379  290.70662  292.03865  293.40702  289.25132  290.57001  291.92462  293.46021  294.84326  296.26415  291.99763  293.36690  294.77356  290.52940  291.88490  293.27736  294.80234  296.22394  297.68445  293.32639  294.73375  296.17958  291.84480  293.23795  294.66910
 292.02610  293.39564  294.80258  290.55069  291.90640  293.29905  289.07011  290.41200  291.79040  293.35512  294.76277  296.20887  291.86628  293.25964  294.69100  290.37230  291.75140  293.16804  294.72272  296.16936  297.65554  293.22001  294.65189  296.12285  291.71217  293.12933  294.58508
 291.89415  293.28778  294.71941  290.39309  291.77238  293.18922  288.88737  290.25236  291.65445  293.24813  294.68029  296.15153  291.73314  293.15051  294.60648  290.21353  291.61613  293.05686  294.64109  296.11268  297.62445  293.11171  294.56802  296.06403  291.57774  293.01881  294.49908
 291.76042  293.17805  294.63429  290.23382  291.63662  293.07755  288.70311  290.09111  291.51677  293.13925  294.59583  296.09212  291.59823  293.03950  294.51998  290.05312  291.47912  292.94384  294.55745  296.05391  297.59120  293.00152  294.48218  296.00314  291.44155  292.90644  294.41113
 291.62494  293.06648  294.54723  290.07293  291.49913  292.96405  288.51735  289.92826  291.37739  293.02849  294.50942  296.03067  291.46155  292.92665  294.43154  289.89108  291.34039  292.82899  294.47182  295.99308  297.55579  292.88945  294.39436  295.94019  291.30359  292.79221  294.32121
 291.48772  292.95308  294.45824  289.91043  291.35994  292.84874  288.33013  289.76383  291.23633  292.91587  294.42106  295.96716  291.32313  292.81196  294.34116  289.72743  291.19995  292.71232  294.38420  295.93018  297.51822  292.77550  294.30459  295.87518  291.16390  292.67615  294.22937
 291.34877  292.83786  294.36734  289.74634  291.21905  292.73162  288.14146  289.59786  291.09359  292.80140  294.33075  295.90163  291.18299  292.69544  294.24887  289.56220  291.05782  292.59386  294.29463  295.86522  297.47851  292.65972  294.21287  295.80814  291.02249  292.55826  294.13559
 291.20812  292.72083  294.27453  289.58068  291.07648  292.61273  287.95136  289.43034  290.94921  292.68510  294.23852  295.83407  291.04115  292.57713  294.15466  289.39540  290.91401  292.47361  294.20310  295.79823  297.43667  292.54211  294.11923  295.73906  290.87939  292.43858  294.03991
 291.06579  292.60202  294.17982  289.41347  290.93226  292.49206  287.75986  289.26131  290.80319  292.56699  294.14438  295.76450  290.89763  292.45702  294.05855  289.22708  290.76856  292.35160  294.10964  295.72920  297.39269  292.42267  294.02366  295.66796  290.73461  292.31712  293.94233
 290.92179  292.48144  294.08324  289.24473  290.78640  292.36964  287.56699  289.09078  290.65556  292.44709  294.04834  295.69292  290.75244  292.33515  293.96056  289.05722  290.62147  292.22784  294.01425  295.65815  297.34659  292.30145  293.92620  295.59486  290.58817  292.19388  293.84287
 290.77615  292.35911  293.98479  289.07448  290.63892  292.24548  287.37276  288.91879  290.50633  292.32541  293.95042  295.61936  290.60561  292.21151  293.86070  288.88588  290.47277  292.10234  293.91697  295.58510  297.29838  292.17845  293.82685  295.51975  290.44011  292.06889  293.74154
 290.62887  292.23503  293.88448  288.90276  290.48984  292.11960  287.17720  288.74533  290.35552  292.20196  293.85062  295.54380  290.45717  292.08614  293.75899  288.71305  290.32247  291.97512  293.81778  295.51005  297.24807  292.05370  293.72564  295.44268  290.29042  291.94218  293.63836
 290.47999  292.10922  293.78233  288.72957  290.33917  291.99201  286.98034  288.57045  290.20316  292.07677  293.74898  295.46629  290.30711  291.95906  293.65544  288.53878  290.17061  291.84621  293.71673  295.43301  297.19567  291.92721  293.62257  295.36363  290.13914  291.81375  293.53336
 290.32951  291.98171  293.67836  288.55493  290.18694  291.86273  286.78219  288.39416  290.04925  291.94985  293.64549  295.38682  290.15547  291.83026  293.55007  288.36307  290.01718  291.71562  293.61382  295.35401  297.14119  291.79899  293.51767  295.28262  289.98629  291.68362  293.42652
 290.17747  291.85252  293.57258  288.37888  290.03317  291.73179  286.58279  288.21647  289.89383  291.82123  293.54018  295.30540  290.00227  291.69979  293.44289  288.18597  289.86223  291.58337  293.50906  295.27305  297.08464  291.66906  293.41094  295.19968  289.83189  291.55182  293.31790
 290.02387  291.72164  293.46500  288.20142  289.87786  291.59919  286.38215  288.03743  289.73690  291.69091  293.43304  295.22206  289.84752  291.56764  293.33391  288.00747  289.70575  291.44947  293.40247  295.19014  297.02601  291.53745  293.30240  295.11480  289.67595  291.41837  293.20748
 289.86873  291.58911  293.35564  288.02259  289.72106  291.46496  286.18028  287.85702  289.57849  291.55892  293.32413  295.13679  289.69125  291.43385  293.22316  287.82760  289.54779  291.31393  293.29407  295.10530  296.96535  291.40419  293.19208  295.02801  289.51850  291.28326  293.09529
 289.71209  291.45494  293.24451  287.84241  289.56277  291.32910  285.97723  287.67531  289.41862  291.42527  293.21342  295.04963  289.53348  291.29843  293.11065  287.64640  289.38834  291.17680  293.18388  295.01856  296.90266  291.26927  293.07998  294.93933  289.35956  291.14654  292.98135
 289.55397  291.31916  293.13164  287.66090  289.40301  291.19165  285.77302  287.49228  289.25731  291.29000  293.10097  294.96058  289.37423  291.16139  292.99639  287.46388  289.22745  291.03808  293.07192  294.92992  296.83794  291.13273  292.96614  294.84876  289.19916  291.00823  292.86569
 289.39436  291.18177  293.01703  287.47807  289.24181  291.05262  285.56768  287.30798  289.09459  291.15310  292.98677  294.86966  289.21353  291.02277  292.88042  287.28007  289.06513  290.89779  292.95820  294.83938  296.77121  290.99458  292.85055  294.75632  289.03732  290.86833  292.74830
 289.23331  291.04280  292.90070  287.29396  289.07920  290.91204  285.36120  287.12242  288.93046  291.01461  292.87084  294.77687  289.05138  290.88257  292.76273  287.09498  288.90139  290.75594  292.84273  294.74698  296.70248  290.85485  292.73325  294.66203  288.87404  290.72687  292.62921
 289.07083  290.90227  292.78268  287.10858  288.91516  290.76989  285.15364  286.93563  288.76495  290.87454  292.75319  294.68224  288.88781  290.74081  292.64334  286.90865  288.73627  290.61257  292.72554  294.65273  296.63176  290.71354  292.61424  294.56589  288.70936  290.58387  292.50844
 288.90694  290.76018  292.66297  286.92197  288.74976  290.62623  284.94501  286.74762  288.59808  290.73290  292.63386  294.58578  288.72285  290.59753  292.52229  286.72109  288.56977  290.46768  292.60665  294.55664  296.55908  290.57069  292.49355  294.46795  288.54331  290.43934  292.38602
 288.74166  290.61658  292.54159  286.73413  288.58299  290.48106  284.73533  286.55842  288.42987  290.58974  292.51285  294.48751  288.55652  290.45273  292.39958  286.53233  288.40194  290.32130  292.48607  294.45872  296.48444  290.42632  292.37119  294.36820  288.37590  290.29332  292.26194
 288.57502  290.47147  292.41857  286.54510  288.41488  290.33442  284.52464  286.36806  288.26036  290.44505  292.39018  294.38745  288.38884  290.30643  292.27523  286.34239  288.23277  290.17346  292.36381  294.35900  296.40786  290.28043  292.24719  294.26666  288.20715  290.14582  292.13625
 288.40703  290.32487  292.29392  286.35489  288.24545  290.18630  284.31295  286.17655  288.08955  290.29887  292.26588  294.28560  288.21982  290.15866  292.14927  286.15128  288.06230  290.02415  292.23991  294.25749  296.32935  290.13307  292.12156  294.16335  288.03708  289.99685  292.00894
 288.23772  290.17681  292.16766  286.16354  288.07472  290.03674  284.10028  285.98392  287.91746  290.15121  292.13996  294.18200  288.04949  290.00944  292.02170  285.95905  287.89056  289.87343  292.11439  294.15422  296.24894  289.98424  291.99433  294.05829  287.86573  289.84645  291.88005
 288.06711  290.02729  292.03981  285.97106  287.90272  289.88576  283.88667  285.79019  287.74413  290.00210  292.01243  294.07664  287.87789  289.85879  291.89256  285.76572  287.71755  289.72128  291.98724  294.04919  296.16662  289.83397  291.86551  293.95150  287.69310  289.69463  291.74960
 287.89523  289.87636  291.91038  285.77748  287.72948  289.73338  283.67215  285.59539  287.56957  289.85154  291.88332  293.96957  287.70502  289.70672  291.76186  285.57130  287.54331  289.56776  291.85851  293.94241  296.08242  289.68228  291.73511  293.84298  287.51923  289.54142  291.61759
 287.72208  289.72402  291.77940  285.58282  287.55499  289.57961  283.45671  285.39953  287.39381  289.69958  291.75265  293.86078  287.53091  289.55326  291.62960  285.37581  287.36785  289.41287  291.72820  293.83393  295.99636  289.52918  291.60316  293.73276  287.34413  289.38682  291.48406
 287.54771  289.57029  291.64689  285.38711  287.37930  289.42448  283.24042  285.20265  287.21686  289.54621  291.62044  293.75030  287.35558  289.39844  291.49584  285.17929  287.19121  289.25663  291.59635  293.72375  295.90845  289.37471  291.46970  293.62087  287.16784  289.23088  291.34902
 287.37211  289.41520  291.51285  285.19035  287.20243  289.26801  283.02327  285.00477  287.03875  289.39148  291.48671  293.63813  287.17906  289.24226  291.36056  284.98176  287.01340  289.09907  291.46296  293.61187  295.81870  289.21888  291.33471  293.50731  286.99038  289.07361  291.21250
 287.19534  289.25878  291.37732  284.99260  287.02439  289.11022  282.80530  284.80591  286.85950  289.23540  291.35147  293.52432  287.00137  289.08476  291.22381  284.78325  286.83444  288.94020  291.32806  293.49835  295.72714  289.06172  291.19825  293.39211  286.81176  288.91504  291.07451
 287.01740  289.10103  291.24032  284.79386  286.84521  288.95113  282.58654  284.60610  286.67915  289.07798  291.21475  293.40887  286.82253  288.92596  291.08560  284.58376  286.65437  288.78006  291.19168  293.38318  295.63379  288.90325  291.06031  293.27529  286.63202  288.75517  290.93507
 286.83832  288.94199  291.10186  284.59417  286.66493  288.79077  282.36699  284.40535  286.49769  288.91927  291.07657  293.29180  286.64257  288.76588  290.94595  284.38335  286.47320  288.61866  291.05382  293.26638  295.53866  288.74349  290.92093  293.15687  286.45116  288.59404  290.79422
 286.65812  288.78166  290.96197  284.39354  286.48354  288.62916  282.14671  284.20370  286.31518  288.75927  290.93695  293.17314  286.46150  288.60454  290.80488  284.18201  286.29095  288.45602  290.91452  293.14797  295.44176  288.58246  290.78012  293.03686  286.26923  288.43166  290.65196
 286.47682  288.62008  290.82066  284.19200  286.30109  288.46632  281.92571  284.00117  286.13162  288.59801  290.79590  293.05289  286.27936  288.44195  290.66241  283.97979  286.10765  288.29217  290.77378  293.02799  295.34312  288.42019  290.63791  292.91529  286.08623  288.26808  290.50832
 286.29445  288.45727  290.67796  283.98958  286.11759  288.30226  281.70401  283.79778  285.94703  288.43550  290.65346  292.93108  286.09617  288.27817  290.51857  283.77670  285.92333  288.12714  290.63164  292.90644  295.24276  288.25670  290.49432  292.79218  285.90221  288.10329  290.36333
 286.11104  288.29326  290.53389  283.78630  285.93307  288.13703  281.48164  283.59356  285.76146  288.27179  290.50965  292.80775  285.91195  288.11318  290.37337  283.57278  285.73801  287.96094  290.48812  292.78335  295.14069  288.09201  290.34938  292.66754  285.71718  287.93734  290.21699
 285.92659  288.12805  290.38848  283.58218  285.74755  287.97063  281.25863  283.38853  285.57492  288.10688  290.36448  292.68288  285.72672  287.94703  290.22684  283.36804  285.55171  287.79359  290.34323  292.65872  295.03693  287.92613  290.20308  292.54139  285.53116  287.77024  290.06935
 285.74115  287.96169  290.24173  283.37725  285.56106  287.80309  281.03500  283.18272  285.38742  287.94079  290.21797  292.55652  285.54051  287.77973  290.07900  283.16251  285.36445  287.62513  290.19701  292.53260  294.93151  287.75913  290.05548  292.41377  285.34419  287.60201  289.92041
 285.55473  287.79418  290.09368  283.17153  285.37361  287.63444  280.81077  282.97615  285.19900  287.77357  290.07016  292.42869  285.35335  287.61132  289.92987  282.95622  285.17627  287.45557  290.04947  292.40500  294.82444  287.59098  289.90659  292.28469  285.15627  287.43268  289.77021
 285.36737  287.62556  289.94435  282.96507  285.18525  287.46470  280.58599  282.76885  285.00968  287.60522  289.92106  292.29940  285.16525  287.44181  289.77948  282.74919  284.98718  287.28494  289.90064  292.27593  294.71574  287.42174  289.75642  292.15417  284.96746  287.26228  289.61876
 285.17907  287.45584  289.79375  282.75786  284.99599  287.29389  280.36065  282.56085  284.81949  287.43577  289.77068  292.16867  284.97626  287.27122  289.62785  282.54145  284.79721  287.11327  289.75053  292.14542  294.60543  287.25142  289.60501  292.02224  284.77775  287.09082  289.46608
 284.98987  287.28506  289.64192  282.54994  284.80584  287.12203  280.13481  282.35216  284.62845  287.26525  289.61907  292.03653  284.78637  287.09958  289.47500  282.33303  284.60639  286.94056  289.59918  292.01351  294.49354  287.08004  289.45238  291.88891  284.58718  286.91833  289.31222
 284.79980  287.11322  289.48886  282.34135  284.61485  286.94916  279.90848  282.14282  284.43659  287.09368  289.46624  291.90301  284.59564  286.92693  289.32096  282.12394  284.41475  286.76687  289.44660  291.88020  294.38008  286.90763  289.29855  291.75421  284.39579  286.74485  289.15717
 284.60887  286.94038  289.33463  282.13209  284.42303  286.77529  279.68169  281.93285  284.24393  286.92108  289.31221  291.76812  284.40407  286.75327  289.16573  281.91421  284.22229  286.59219  289.29282  291.74551  294.26507  286.73421  289.14353  291.61816  284.20357  286.57038  289.00097
 284.41712  286.76653  289.17922  281.92221  284.23042  286.60045  279.45446  281.72227  284.05049  286.74747  289.15702  291.63188  284.21170  286.57864  289.00937  281.70388  284.02906  286.41656  289.13786  291.60948  294.14855  286.55982  288.98737  291.48079  284.01058  286.39496  288.84365
 284.22455  286.59171  289.02267  281.71171  284.03702  286.42466  279.22682  281.51112  283.85630  286.57289  289.00067  291.49431  284.01854  286.40305  288.85188  281.49297  283.83508  286.24001  288.98175  291.47211  294.03051  286.38447  288.83008  291.34211  283.81684  286.21861  288.68522
 284.03122  286.41594  288.86500  281.50064  283.84288  286.24795  278.99880  281.29942  283.66140  286.39736  288.84320  291.35546  283.82463  286.22654  288.69329  281.28150  283.64038  286.06257  288.82451  291.33345  293.91101  286.20819  288.67169  291.20216  283.62236  286.04135  288.52572
 283.83713  286.23925  288.70622  281.28901  283.64802  286.07034  278.77042  281.08719  283.46579  286.22090  288.68462  291.21531  283.62999  286.04912  288.53363  281.06950  283.44496  285.88424  288.66616  291.19350  293.79004  286.03100  288.51221  291.06094  283.42717  285.86322  288.36516
 283.64232  286.06166  288.54638  281.07685  283.45244  285.89185  278.54172  280.87447  283.26952  286.04354  288.52497  291.07393  283.43465  285.87083  288.37290  280.85700  283.24888  285.70507  288.50674  291.05230  293.66764  285.85293  288.35168  290.91849  283.23131  285.68424  288.20357
 283.44682  285.88320  288.38549  280.86421  283.25621  285.71253  278.31271  280.66127  283.07260  285.86530  288.36427  290.93130  283.23864  285.69169  288.21116  280.64402  283.05214  285.52507  288.34625  290.90986  293.54382  285.67401  288.19011  290.77484  283.03478  285.50442  288.04097
 283.25063  285.70389  288.22358  280.65108  283.05933  285.53238  278.08343  280.44762  282.87505  285.68621  288.20253  290.78748  283.04197  285.51173  288.04842  280.43058  282.85478  285.34427  288.18473  290.76622  293.41862  285.49426  288.02755  290.63000  282.83764  285.32380  287.87740
 283.05379  285.52376  288.06066  280.43750  282.86182  285.35144  277.85389  280.23356  282.67692  285.50629  288.03980  290.64247  282.84468  285.33096  287.88469  280.21673  282.65683  285.16271  288.02222  290.62139  293.29205  285.31371  287.86401  290.48400  282.63990  285.14241  287.71288
 282.85635  285.34284  287.89678  280.22351  282.66373  285.16973  277.62414  280.01911  282.47823  285.32558  287.87610  290.49631  282.64679  285.14943  287.72002  280.00249  282.45831  284.98040  287.85871  290.47540  293.16414  285.13237  287.69951  290.33687  282.44157  284.96027  287.54743
 282.65830  285.16114  287.73195  280.00912  282.46507  284.98728  277.39420  279.80428  282.27899  285.14408  287.71143  290.34901  282.44833  284.96715  287.55442  279.78786  282.25924  284.79736  287.69425  290.32827  293.03490  284.95029  287.53408  290.18863  282.24271  284.77740  287.38107
 282.45968  284.97870  287.56619  279.79436  282.26586  284.80410  277.16407  279.58912  282.07924  284.96184  287.54584  290.20060  282.24932  284.78414  287.38792  279.57290  282.05965  284.61364  287.52886  290.18003  292.90437  284.76748  287.36774  290.03929  282.04332  284.59384  287.21383
 282.26052  284.79554  287.39953  279.57926  282.06614  284.62023  276.93382  279.37365  281.87900  284.77888  287.37935  290.05111  282.04980  284.60044  287.22055  279.35762  281.85959  284.42924  287.36257  290.03070  292.77257  284.58398  287.20053  289.88891  281.84344  284.40961  287.04575
 282.06084  284.61169  287.23200  279.36385  281.86593  284.43570  276.70345  279.15789  281.67830  284.59523  287.21199  289.90057  281.84979  284.41607  287.05233  279.14206  281.65905  284.24422  287.19539  289.88032  292.63952  284.39980  287.03247  289.73748  281.64309  284.22474  286.87684
 281.86069  284.42717  287.06364  279.14815  281.66526  284.25054  276.47300  278.94188  281.47718  284.41090  287.04377  289.74899  281.64930  284.23106  286.88328  278.92623  281.45808  284.05857  287.02737  289.72890  292.50526  284.21498  286.86358  289.58504  281.44231  284.03925  286.70714
 281.66005  284.24201  286.89444  278.93219  281.46416  284.06475  276.24248  278.72563  281.27564  284.22593  286.87474  289.59641  281.44838  284.04544  286.71344  278.71016  281.25670  283.87233  286.85852  289.57647  292.36980  284.02954  286.69390  289.43163  281.24111  283.85317  286.53666
 281.45900  284.05625  286.72445  278.71601  281.26266  283.87840  276.01193  278.50918  281.07372  284.04035  286.70491  289.44285  281.24707  283.85924  286.54284  278.49390  281.05494  283.68554  286.68887  289.42306  292.23316  283.84352  286.52344  289.27726  281.03953  283.66653  286.36544
 281.25754  283.86990  286.55371  278.49962  281.06077  283.69148  275.78138  278.29256  280.87146  283.85418  286.53431  289.28834  281.04536  283.67246  286.37149  278.27745  280.85282  283.49821  286.51845  289.26869  292.09538  283.65692  286.35224  289.12195  280.83759  283.47935  286.19350
 281.05569  283.68299  286.38221  278.28305  280.85853  283.50403  275.55086  278.07579  280.66888  283.66744  286.36296  289.13288  280.84330  283.48516  286.19942  278.06086  280.65039  283.31038  286.34728  289.11338  291.95648  283.46979  286.18032  288.96574  280.63532  283.29166  286.02087
 280.85349  283.49555  286.21001  278.06633  280.65597  283.31607  275.32039  277.85890  280.46599  283.48017  286.19090  288.97653  280.64090  283.29735  286.02667  277.84413  280.44765  283.12207  286.17539  288.95718  291.81649  283.28215  286.00771  288.80866  280.43275  283.10350  285.84758
 280.65097  283.30760  286.03712  277.84949  280.45311  283.12764  275.08999  277.64191  280.26285  283.29240  286.01816  288.81931  280.43822  283.10907  285.85326  277.62732  280.24464  282.93332  286.00281  288.80010  291.67542  283.09403  285.83443  288.65072  280.22991  282.91488  285.67365
 280.44815  283.11919  285.86357  277.63256  280.24999  282.93877  274.85971  277.42487  280.05946  283.10415  285.84475  288.66124  280.23526  282.92033  285.67921  277.41043  280.04139  282.74414  285.82957  288.64217  291.53332  282.90546  285.66053  288.49196  280.02682  282.72584  285.49912
 280.24506  282.93032  285.68939  277.41557  280.04662  282.74947  274.62955  277.20778  279.85586  282.91544  285.67071  288.50235  280.03205  282.73117  285.50455  277.19351  279.83793  282.55457  285.65569  288.48341  291.39020  282.71647  285.48601  288.33241  279.82352  282.53640  285.32400
 280.04172  282.74103  285.51460  277.19853  279.84305  282.55978  274.39957  276.99070  279.65208  282.72632  285.49606  288.34266  279.82864  282.54162  285.32932  276.97658  279.63428  282.36463  285.48120  288.32385  291.24609  282.52707  285.31091  288.17208  279.62003  282.34660  285.14834
 279.83818  282.55135  285.33924  276.98149  279.63929  282.36973  274.16978  276.77363  279.44813  282.53680  285.32083  288.18221  279.62503  282.35170  285.15354  276.75966  279.43047  282.17436  285.30613  288.16353  291.10102  282.33731  285.13526  288.01103  279.41637  282.15645  284.97215
 279.63445  282.36130  285.16334  276.76447  279.43537  282.17935  273.94020  276.55660  279.24407  282.34691  285.14505  288.02102  279.42127  282.16144  284.97724  276.54280  279.22653  281.98377  285.13051  288.00247  290.95502  282.14720  284.95908  287.84925  279.21259  281.96599  284.79546
 279.43056  282.17092  284.98691  276.54749  279.23132  281.98866  273.71087  276.33966  279.03991  282.15668  284.96875  287.85911  279.21737  281.97087  284.80044  276.32600  279.02249  281.79291  284.95435  287.84068  290.80811  281.95678  284.78240  287.68679  279.00869  281.77525  284.61831
 279.22655  281.98023  284.80999  276.33059  279.02717  281.79768  273.48182  276.12282  278.83567  281.96614  284.79195  287.69653  279.01337  281.78002  284.62318  276.10931  278.81838  281.60179  284.77771  287.67823  290.66032  281.76608  284.60527  287.52367  278.80473  281.58426  284.44072
 279.02243  281.78926  284.63260  276.11379  278.82295  281.60646  273.25306  275.90611  278.63140  281.77532  284.61469  287.53329  278.80930  281.58892  284.44548  275.89274  278.61423  281.41045  284.60059  287.51510  290.51168  281.57512  284.42769  287.35992  278.60072  281.39304  284.26272
 278.81824  281.59804  284.45478  275.89713  278.61870  281.41502  273.02465  275.68957  278.42711  281.58424  284.43699  287.36942  278.60519  281.39760  284.26738  275.67634  278.41006  281.21892  284.42304  287.35136  290.36221  281.38395  284.24971  287.19558  278.39670  281.20163  284.08434
 278.61401  281.40660  284.27656  275.68062  278.41442  281.22337  272.79659  275.47321  278.22283  281.39295  284.25889  287.20495  278.40106  281.20608  284.08888  275.46013  278.20591  281.02722  284.24508  287.18701  290.21196  281.19256  284.07133  287.03066  278.19268  281.01004  283.90561
 278.40977  281.21497  284.09796  275.46431  278.21017  281.03157  272.56893  275.25708  278.01861  281.20145  284.08040  287.03992  278.19694  281.01439  283.91005  275.24413  278.00179  280.83539  284.06673  287.02209  290.06094  281.00102  283.89261  286.86521  277.98870  280.81832  283.72655
 278.20554  281.02317  283.91901  275.24822  278.00596  280.83964  272.34168  275.04120  277.81446  281.00979  283.90156  286.87435  277.99287  280.82257  283.73090  275.02838  277.79776  280.64345  283.88803  286.85663  289.90918  280.80934  283.71357  286.69924  277.78480  280.62649  283.54721
 278.00136  280.83124  283.73974  275.03237  277.80183  280.64760  272.11487  274.82559  277.61041  280.81800  283.72241  286.70827  277.78887  280.63065  283.55145  274.81291  277.59382  280.45143  283.70901  286.69066  289.75672  280.61754  283.53423  286.53279  277.58099  280.43458  283.36760
 277.79725  280.63920  283.56018  274.81681  277.59779  280.45548  271.88855  274.61029  277.40650  280.62609  283.54296  286.54171  277.58496  280.43863  283.37174  274.59774  277.39001  280.25937  283.52970  286.52420  289.60357  280.42566  283.35462  286.36588  277.37732  280.24262  283.18775
 277.59324  280.44708  283.38037  274.60154  277.39389  280.26332  271.66272  274.39533  277.20275  280.43411  283.36325  286.37469  277.38120  280.24658  283.19180  274.38291  277.18637  280.06728  283.35011  286.35730  289.44978  280.23373  283.17479  286.19855  277.17380  280.05065  283.00771
 277.38937  280.25492  283.20031  274.38661  277.19015  280.07114  271.43743  274.18072  276.99918  280.24207  283.18331  286.20725  277.17758  280.05451  283.01165  274.16843  276.98291  279.87521  283.17030  286.18996  289.29537  280.04179  282.99475  286.03083  276.97047  279.85867  282.82749
 277.18566  280.06275  283.02007  274.17205  276.98661  279.87898  271.21271  273.96653  276.79585  280.05003  283.00316  286.03943  276.97417  279.86245  282.83135  273.95435  276.77968  279.68319  282.99029  286.02224  289.14037  279.84986  282.81454  285.86275  276.76736  279.66675  282.64713
 276.98213  279.87058  282.83964  273.95788  276.78328  279.68687  270.98857  273.75274  276.59277  279.85799  282.82284  285.87123  276.77097  279.67043  282.65089  273.74070  276.57669  279.49123  282.81009  285.85414  288.98480  279.65796  282.63418  285.69433  276.56450  279.47490  282.46665
 276.77883  279.67846  282.65909  273.74414  276.58020  279.49482  270.76505  273.53941  276.38996  279.66599  282.64238  285.70271  276.56801  279.47848  282.47032  273.52749  276.37399  279.29937  282.62976  285.68573  288.82871  279.46614  282.45371  285.52561  276.36191  279.28314  282.28609
 276.57578  279.48641  282.47841  273.53084  276.37741  279.30287  270.54218  273.32657  276.18747  279.47407  282.46181  285.53388  276.36534  279.28664  282.28966  273.31476  276.17159  279.10765  282.44930  285.51699  288.67212  279.27441  282.27316  285.35662  276.15964  279.09152  282.10548
 276.37301  279.29447  282.29767  273.31804  276.17494  279.11106  270.31999  273.11424  275.98531  279.28224  282.28116  285.36479  276.16298  279.09493  282.10897  273.10255  275.96954  278.91610  282.26877  285.34799  288.51507  279.08282  282.09255  285.18739  275.95769  278.90005  281.92485
 276.17055  279.10266  282.11687  273.10574  275.97279  278.91942  270.09851  272.90246  275.78354  279.09055  282.10045  285.19546  275.96095  278.90337  281.92825  272.89087  275.76785  278.72474  282.08818  285.17876  288.35758  278.89138  281.91193  285.01794  275.75613  278.70879  281.74424
 275.96843  278.91101  281.93605  272.89398  275.77102  278.72798  269.87777  272.69124  275.58217  278.89901  281.91973  285.02592  275.75930  278.71202  281.74755  272.67977  275.56657  278.53360  281.90757  285.00930  288.19968  278.70014  281.73131  284.84832  275.55496  278.51774  281.56366
 275.76668  278.71956  281.75525  272.68279  275.56966  278.53676  269.65779  272.48063  275.38123  278.70768  281.73902  284.85620  275.55805  278.52089  281.56688  272.46927  275.36572  278.34272  281.72698  284.83967  288.04141  278.50912  281.55074  284.67855  275.35422  278.32694  281.38315
 275.56534  278.52834  281.57449  272.47222  275.36873  278.34579  269.43861  272.27065  275.18075  278.51657  281.55835  284.68633  275.35722  278.33002  281.38629  272.25940  275.16533  278.15212  281.54642  284.66990  287.88279  278.31836  281.37023  284.50867  275.15393  278.13643  281.20275
 275.36442  278.33737  281.39381  272.26227  275.16826  278.15512  269.22026  272.06133  274.98077  278.32571  281.37775  284.51635  275.15686  278.13943  281.20581  272.05020  274.96544  277.96185  281.36593  284.50000  287.72386  278.12788  281.18984  284.33870  274.95415  277.94625  281.02249
 275.16397  278.14669  281.21323  272.05298  274.96828  277.96476  269.00276  271.85271  274.78131  278.13514  281.19726  284.34629  274.95699  277.94916  281.02546  271.84168  274.76606  277.77193  281.18555  284.33003  287.56466  277.93772  281.00958  284.16868  274.75488  277.75641  280.84239
 274.96401  277.95633  281.03279  271.84439  274.76883  277.77476  268.78615  271.64482  274.58241  277.94489  281.01691  284.17617  274.75765  277.75924  280.84528  271.63389  274.56725  277.58238  281.00530  284.16000  287.40520  277.74790  280.82948  283.99863  274.55617  277.56695  280.66249
 274.76458  277.76632  280.85252  271.63652  274.56994  277.58513  268.57046  271.43768  274.38410  277.75499  280.83672  284.00604  274.55886  277.56970  280.66530  271.42685  274.36902  277.39325  280.82522  283.98994  287.24553  277.55846  280.64958  283.82860  274.35804  277.37790  280.48282
 274.56571  277.57670  280.67246  271.42941  274.37163  277.39593  268.35570  271.23132  274.18640  277.56546  280.65674  283.83592  274.36065  277.38057  280.48555  271.22059  274.17140  277.20456  280.64534  283.81991  287.08568  277.36944  280.46992  283.65862  274.16052  277.18929  280.30342
 274.36741  277.38748  280.49262  271.22307  274.17394  277.20716  268.14193  271.02577  273.98936  277.37634  280.47698  283.66585  274.16306  277.19188  280.30607  271.01514  273.97443  277.01635  280.46568  283.64991  286.92568  277.18085  280.29051  283.48871  273.96366  277.00116  280.12431
 274.16974  277.19871  280.31305  271.01756  273.97690  277.01888  267.92916  270.82108  273.79300  277.18768  280.29749  283.49585  273.96613  277.00368  280.12689  270.81055  273.77815  276.82865  280.28630  283.47999  286.76556  276.99275  280.11141  283.31891  273.76747  276.81353  279.94553
 273.97272  277.01042  280.13378  270.81289  273.78055  276.83110  267.71743  270.61727  273.59735  276.99949  280.11830  283.32597  273.76987  276.81598  279.94804  270.60683  273.58258  276.64149  280.10720  283.31018  286.60536  276.80514  279.93263  283.14926  273.57199  276.62645  279.76712
 273.77638  276.82264  279.95485  270.60910  273.58490  276.64386  267.50677  270.41436  273.40245  276.81180  279.93944  283.15623  273.57431  276.62882  279.76955  270.40401  273.38775  276.45491  279.92844  283.14052  286.44511  276.61808  279.75421  282.97978  273.37726  276.43993  279.58909
 273.58075  276.63540  279.77628  270.40622  273.39000  276.45721  267.29720  270.21239  273.20832  276.62466  279.76094  282.98666  273.37951  276.44223  279.59145  270.20214  273.19369  276.26892  279.75003  282.97102  286.28484  276.43159  279.57618  282.81051  273.18330  276.25401  279.41150
 273.38586  276.44873  279.59809  270.20428  273.19588  276.27115  267.08876  270.01140  273.01500  276.43808  279.58283  282.81731  273.18548  276.25625  279.41378  270.00124  273.00044  276.08358  279.57202  282.80174  286.12458  276.24570  279.39858  282.64148  272.99014  276.06874  279.23436
 273.19176  276.26267  279.42035  270.00331  273.00256  276.08574  266.88148  269.81140  272.82252  276.25211  279.40515  282.64820  272.99226  276.07090  279.23658  269.80134  272.80804  275.89890  279.39444  282.63270  285.96438  276.06044  279.22145  282.47273  272.79782  275.88414  279.05772
 272.99846  276.07725  279.24306  269.80334  272.81008  275.90100  266.67539  269.61245  272.63092  276.06678  279.22794  282.47937  272.79987  275.88623  279.05986  269.60247  272.61650  275.71493  279.21731  282.46394  285.80427  275.87586  279.04480  282.30428  272.60637  275.70023  278.88160
 272.80599  275.89249  279.06627  269.60441  272.61848  275.71696  266.47052  269.41456  272.44022  275.88212  279.05121  282.31084  272.60835  275.70226  278.88368  269.40466  272.42587  275.53170  279.04068  282.29549  285.64427  275.69198  278.86869  282.13619  272.41583  275.51707  278.70605
 272.61440  275.70845  278.89001  269.40654  272.42779  275.53366  266.26690  269.21776  272.25046  275.69816  278.87502  282.14267  272.41775  275.51903  278.70806  269.20796  272.23618  275.34924  278.86457  282.12737  285.48442  275.50883  278.69313  281.96848  272.22622  275.33467  278.53109
 272.42372  275.52514  278.71431  269.20977  272.23803  275.35113  266.06457  269.02210  272.06168  275.51494  278.69939  281.97488  272.22808  275.33656  278.53303  269.01238  272.04745  275.16758  278.68903  281.95965  285.32476  275.32645  278.51817  281.80117  272.03758  275.15307  278.35676
 272.23398  275.34260  278.53921  269.01413  272.04924  275.16940  265.86356  268.82760  271.87389  275.33249  278.52435  281.80749  272.03937  275.15490  278.35863  268.81796  271.85973  274.98675  278.51408  281.79233  285.16533  275.14487  278.34384  281.63431  271.84995  274.97232  278.18310
 272.04520  275.16087  278.36474  268.81965  271.86146  274.98852  265.66388  268.63430  271.68714  275.15084  278.34995  281.64056  271.85167  274.97408  278.18491  268.62474  271.67305  274.80680  278.33975  281.62546  285.00616  274.96413  278.17017  281.46794  271.66334  274.79242  278.01012
 271.85743  274.97997  278.19094  268.62637  271.67471  274.80851  265.46559  268.44222  271.50147  274.97003  278.17620  281.47411  271.66501  274.79413  278.01187  268.43274  271.48743  274.62776  278.16609  281.45907  284.84728  274.78426  277.99719  281.30208  271.47780  274.61343  277.83789
 271.67070  274.79995  278.01783  268.43431  271.48903  274.62940  265.26870  268.25140  271.31689  274.79008  278.00315  281.30818  271.47940  274.61507  277.83957  268.24200  271.30291  274.44965  277.99313  281.29320  284.68872  274.60529  277.82495  281.13677  271.29337  274.43538  277.66641
 271.48503  274.62083  277.84546  268.24351  271.30446  274.45123  265.07326  268.06188  271.13345  274.61105  277.83084  281.14280  271.29491  274.43697  277.66803  268.05256  271.11953  274.27251  277.82089  281.12787  284.53053  274.42726  277.65347  280.97205  271.11006  274.25830  277.49575
 271.30046  274.44265  277.67385  268.05401  271.12102  274.27403  264.87929  267.87368  270.95118  274.43294  277.65929  280.97801  271.11154  274.25982  277.49730  267.86443  270.93731  274.09638  277.64942  280.96314  284.37275  274.25019  277.48279  280.80795  270.92792  274.08223  277.32591
 271.11703  274.26543  277.50305  267.86582  270.93874  274.09784  264.68683  267.68683  270.77012  274.25581  277.48854  280.81384  270.92935  274.08369  277.32740  267.67766  270.75631  273.92129  277.47875  280.79902  284.21539  274.07413  277.31295  280.64451  270.74699  273.90719  277.15695
 270.93477  274.08924  277.33309  267.67900  270.75768  273.92269  264.49590  267.50138  270.59029  274.07969  277.31863  280.65034  270.74836  273.90859  277.15838  267.49228  270.57653  273.74728  277.30893  280.63557  284.05851  273.89912  277.14398  280.48177  270.56729  273.73323  276.98889
 270.75371  273.91408  277.16399  267.49356  270.57784  273.74862  264.30654  267.31735  270.41173  273.90460  277.14960  280.48752  270.56860  273.73457  276.99026  267.30833  270.39803  273.57437  277.13996  280.47281  283.90214  273.72518  276.97592  280.31976  270.38886  273.56038  276.82177
 270.57390  273.73999  276.99581  267.30956  270.39929  273.57566  264.11879  267.13478  270.23449  273.73060  276.98147  280.32545  270.39012  273.56167  276.82310  267.12583  270.22083  273.40262  276.97191  280.31079  283.74632  273.55235  276.80880  280.15851  270.21174  273.38868  276.65564
 270.39535  273.56702  276.82857  267.12701  270.22204  273.40385  263.93267  266.95370  270.05857  273.55770  276.81428  280.16413  270.21294  273.38991  276.65690  266.94482  270.04497  273.23204  276.80479  280.14952  283.59108  273.38065  276.64266  279.99807  270.03594  273.21815  276.49051
 270.21811  273.39520  276.66232  266.94595  270.04612  273.23322  263.74823  266.77415  269.88404  273.38595  276.64807  280.00362  270.03709  273.21933  276.49172  266.76534  269.87048  273.06268  276.63866  279.98907  283.43646  273.21015  276.47753  279.83847  269.86153  273.04884  276.32644
 270.04220  273.22456  276.49708  266.76641  269.87158  273.06381  263.56548  266.59615  269.71092  273.21538  276.48288  279.84396  269.86263  273.04996  276.32760  266.58742  269.69741  272.89458  276.47354  279.82945  283.28250  273.04085  276.31345  279.67975  269.68852  272.88078  276.16346
 269.86767  273.05513  276.33288  266.58844  269.69845  272.89564  263.38447  266.41975  269.53923  273.04602  276.31874  279.68516  269.68956  272.88185  276.16455  266.41108  269.52577  272.72776        nan        nan        nan        nan        nan        nan        nan        nan        nan
