       nan        nan        nan        nan        nan        nan        nan        nan        nan 23027.33400        nan        nan        nan        nan        nan        nan        nan        nan 23024.45050 22981.54300        nan        nan        nan        nan        nan        nan        nan
23030.62700        nan        nan 23069.97650        nan        nan        nan        nan        nan 23027.74350 22984.83600        nan 23067.09300 23024.18550        nan        nan        nan        nan 23021.97250 22978.70950 22942.92350 23061.32200 23018.05900 22982.27300        nan        nan        nan
23034.33650 22991.42900        nan 23074.21350 23031.30600        nan 23107.16050 23064.25300        nan 23028.56550 22985.30250 22949.51650 23068.44250 23025.17950 22989.39350 23101.38950 23058.12650 23022.34050 23019.90250 22976.10400 22939.38700 23059.77950 23015.98100 22979.26400 23092.72650 23048.92800 23012.21100
23038.47350 22995.21050 22959.42450 23079.14350 23035.88050 23000.09450 23113.45400 23070.19100 23034.40500 23029.81050 22986.01200 22949.29500 23070.48050 23026.68200 22989.96500 23104.79100 23060.99250 23024.27550 23018.24500 22973.73400 22935.81850 23058.91500 23014.40400 22976.48850 23093.22550 23048.71450 23010.79900
23043.05400 22999.25550 22962.53850 23084.77900 23040.98050 23004.26350 23120.81050 23077.01200 23040.29500 23031.48850 22986.97750 22949.06200 23073.21350 23028.70250 22990.78700 23109.24500 23064.73400 23026.81850 23017.01150 22971.61100 22932.25900 23058.73650 23013.33600 22973.98400 23094.76800 23049.36750 23010.01550
23048.09100 23003.58000 22965.66450 23091.12650 23046.61550 23008.70000 23129.17900 23084.66800 23046.75250 23033.61400 22988.21350 22948.86150 23076.64950 23031.24900 22991.89700 23114.70200 23069.30150 23029.94950 23016.21250 22969.75050 22928.75500 23059.24800 23012.78600 22971.79050 23097.30050 23050.83850 23009.84300
23053.60150 23008.20100 22968.84900 23098.18900 23052.78850 23013.43650 23138.50850 23093.10800 23053.75600 23036.20000 22989.73800 22948.74250 23080.78750 23034.32550 22993.33000 23121.10700 23074.64500 23033.64950 23015.86150 22968.17250 22925.35450 23060.44900 23012.76000 22969.94200 23100.76850 23053.07950 23010.26150
23059.59900 23013.13700 22972.14150 23105.96400 23059.50200 23018.50650 23148.74950 23102.28750 23061.29200 23039.26050 22991.57150 22948.75350 23085.62550 23037.93650 22995.11850 23128.41100 23080.72200 23037.90400 23015.97150 22966.89750 22922.10500 23062.33650 23013.26250 22968.47000 23105.12200 23056.04800 23011.25550
23066.09550 23018.40650 22975.58850 23114.44300 23066.75400 23023.93600 23159.85500 23112.16600 23069.34800 23042.80650 22993.73250 22948.94000 23091.15400 23042.08000 22997.28750 23136.56600 23087.49200 23042.69950 23016.55400 22965.94700 22919.05100 23064.90150 23014.29450 22967.39850 23110.31350 23059.70650 23012.81050
23073.10100 23024.02700 22979.23450 23123.61450 23074.54050 23029.74800 23171.78400 23122.71000 23077.91750 23046.84850 22996.24150 22949.34550 23097.36200 23046.75500 22999.85900 23145.53150 23094.92450 23048.02850 23017.61950 22965.34300 22916.23400 23068.13300 23015.85650 22966.74750 23116.30250 23064.02600 23014.91700
23080.62350 23030.01650 22983.12050 23133.46500 23082.85800 23035.96200 23184.49800 23133.89100 23086.99500 23051.39450 22999.11800 22950.00900 23104.23600 23051.95950 23002.85050 23155.26900 23102.99250 23053.88350 23019.17900 22965.10600 22913.69050 23072.02050 23017.94750 22966.53200 23123.05350 23068.98050 23017.56500
23088.66750 23036.39100 22987.28200 23143.98050 23091.70400 23042.59500 23197.96500 23145.68850 23096.57950 23056.45200 23002.37900 22950.96350 23111.76500 23057.69200 23006.27650 23165.74950 23111.67650 23060.26100 23021.23800 22965.25350 22911.45400 23076.55100 23020.56650 22966.76700 23130.53550 23074.55100 23020.75150
23097.23900 23043.16600 22991.75050 23155.14850 23101.07550 23049.66000 23212.15600 23158.08300 23106.66750 23062.02500 23006.04050 22952.24100 23119.93450 23063.95000 23010.15050 23176.94200 23120.95750 23067.15800 23023.80350 22965.80400 22909.55200 23081.71300 23023.71350 22967.46150 23138.72050 23080.72100 23024.46900
23106.33900 23050.35450 22996.55500 23166.95250 23110.96800 23057.16850 23227.04400 23171.05950 23117.26000 23068.11750 23010.11800 22953.86600 23128.73100 23070.73150 23014.47950 23188.82250 23130.82300 23074.57100 23026.88100 22966.77300 22908.01100 23087.49450 23027.38650 22968.62450 23147.58600 23087.47800 23028.71600
23115.96850 23057.96900 23001.71700 23179.38200 23121.38250 23065.13050 23242.60800 23184.60850 23128.35650 23074.73200 23014.62400 22955.86200 23138.14550 23078.03750 23019.27550 23201.37150 23141.26350 23082.50150 23030.47250 22968.17100 22906.85050 23093.88600 23031.58450 22970.26400 23157.11200 23094.81050 23033.49000
23126.13050 23066.02250 23007.26050 23192.42400 23132.31600 23073.55400 23258.82850 23198.72050 23139.95850 23081.87100 23019.56950 22958.24900 23148.16450 23085.86300 23024.54250 23214.56900 23152.26750 23090.94700 23034.58250 22970.01300 22906.09050 23100.87600 23036.30650 22972.38400 23167.28050 23102.71100 23038.78850
23136.82250 23074.52100 23013.20050 23206.06850 23143.76700 23082.44650 23275.68700 23213.38550 23152.06500 23089.53400 23024.96450 22961.04200 23158.78000 23094.21050 23030.28800 23228.39850 23163.82900 23099.90650 23039.21200 22972.30800 22905.74550 23108.45800 23041.55400 22974.99150 23178.07650 23111.17250 23044.61000
23148.04600 23083.47650 23019.55400 23220.30500 23155.73550 23091.81300 23293.16950 23228.60000 23164.67750 23097.72400 23030.82000 22964.25750 23169.98300 23103.07900 23036.51650 23242.84750 23175.94350 23109.38100 23044.36500 22975.06500 22905.83100 23116.62400 23047.32400 22978.09000 23189.48850 23120.18850 23050.95450
23159.79950 23092.89550 23026.33300 23235.12500 23168.22100 23101.65850 23311.26350 23244.35950 23177.79700 23106.44050 23037.14050 22967.90650 23181.76600 23112.46600 23043.23200 23257.90450 23188.60450 23119.37050 23050.04100 22978.29150 22906.35750 23125.36650 23053.61700 22981.68300 23201.50500 23129.75550 23057.82150
23172.08300 23102.78300 23033.54900 23250.52250 23181.22250 23111.98850 23329.95750 23260.65750 23191.42350 23115.68350 23043.93400 22972.00000 23194.12300 23122.37350 23050.43950 23273.55800 23201.80850 23129.87450 23056.24000 22981.99400 22907.33600 23134.67950 23060.43350 22985.77550 23214.11450 23139.86850 23065.21050
23184.89600 23113.14650 23041.21250 23266.48900 23194.73950 23122.80550 23349.24150 23277.49200 23205.55800 23125.45250 23051.20650 22976.54850 23207.04550 23132.79950 23058.14150 23289.79800 23215.55200 23140.89400 23062.96500 22986.18000 22908.77500 23144.55800 23067.77300 22990.36800 23227.31050 23150.52550 23073.12050
23198.23600 23123.99000 23049.33200 23283.01800 23208.77200 23134.11400 23369.10550 23294.85950 23220.20150 23135.74850 23058.96350 22981.55850 23220.53050 23143.74550 23066.34050 23306.61800 23229.83300 23152.42800 23070.21500 22990.85350 22910.68300 23154.99700 23075.63550 22995.46500 23241.08450 23161.72300 23081.55250
23212.10350 23135.31850 23057.91350 23300.10500 23223.32000 23145.91500 23389.54400 23312.75900 23235.35400 23146.57000 23067.20850 22987.03800 23234.57150 23155.21000 23075.03950 23324.01050 23244.64900 23164.47850 23077.99100 22996.01850 22913.06550 23165.99250 23084.02000 23001.06700 23255.43150 23173.45900 23090.50600
23226.49750 23147.13600 23066.96550 23317.74550 23238.38400 23158.21350 23410.54900 23331.18750 23251.01700 23157.91850 23075.94600 22992.99300 23249.16650 23167.19400 23084.24100 23341.97000 23259.99750 23177.04450 23086.29350 23001.68000 22915.93000 23177.54150 23092.92800 23007.17800 23270.34500 23185.73150 23099.98150
23241.41700 23159.44450 23076.49150 23335.93600 23253.96350 23171.01050 23432.11500 23350.14250 23267.18950 23169.79200 23085.17850 22999.42850 23264.31100 23179.69750 23093.94750 23360.49000 23275.87650 23190.12650 23095.12150 23007.84150 22919.28100 23189.64050 23102.36050 23013.80000 23285.81950 23198.53950 23109.97900
23256.86150 23172.24800 23086.49800 23354.67100 23270.05750 23184.30750 23454.23600 23369.62250 23283.87250 23182.19100 23094.91100 23006.35050 23280.00050 23192.72050 23104.16000 23379.56550 23292.28550 23203.72500 23104.47700 23014.50550 22923.12450 23202.28650 23112.31500 23020.93400 23301.85150 23211.88000 23120.49900
23272.83000 23185.55000 23096.98950 23373.94800 23286.66800 23198.10750 23476.90700 23389.62700 23301.06650 23195.11600 23105.14450 23013.76350 23296.23400 23206.26250 23114.88150 23399.19300 23309.22150 23217.84050 23114.35950 23021.67550 22927.46300 23215.47750 23122.79350 23028.58100 23318.43650 23225.75250 23131.54000
23289.32200 23199.35050 23107.96950 23393.76500 23303.79350 23212.41250 23500.12600 23410.15450 23318.77350 23208.56550 23115.88150 23021.66900 23313.00850 23220.32450 23126.11200 23419.36950 23326.68550 23232.47300 23124.76750 23029.35300 22932.30050 23229.21050 23133.79600 23036.74350 23335.57150 23240.15700 23143.10450
23306.33700 23213.65300 23119.44050 23414.11750 23321.43350 23227.22100 23523.88650 23431.20250 23336.99000 23222.53900 23127.12450 23030.07200 23330.31950 23234.90500 23137.85250 23440.08850 23344.67400 23247.62150 23135.70300 23037.54150 22937.64100 23243.48350 23145.32200 23045.42150 23353.25250 23255.09100 23155.19050
23323.87400 23228.45950 23131.40700 23435.00450 23339.59000 23242.53750 23548.18700 23452.77250 23355.72000 23237.03800 23138.87650 23038.97600 23348.16850 23250.00700 23150.10650 23461.35100 23363.18950 23263.28900 23147.16550 23046.24200 22943.48850 23258.29600 23157.37250 23054.61900 23371.47850 23270.55500 23167.80150
23341.93250 23243.77100 23143.87050 23456.42300 23358.26150 23258.36100 23573.02300 23474.86150 23374.96100 23252.06000 23151.13650 23048.38300 23366.55050 23265.62700 23162.87350 23483.15050 23382.22700 23279.47350 23159.15500 23055.45600 22949.84350 23273.64550 23169.94650 23064.33400 23390.24550 23286.54650 23180.93400
23360.51150 23259.58800 23156.83450 23478.37150 23377.44800 23274.69450 23598.39250 23497.46900 23394.71550 23267.60650 23163.90750 23058.29500 23385.46650 23281.76750 23176.15500 23505.48750 23401.78850 23296.17600 23171.67100 23065.18600 22956.70950 23289.53100 23183.04600 23074.56950 23409.55200 23303.06700 23194.59050
23379.61250 23275.91350 23170.30100 23500.84850 23397.14950 23291.53700 23624.29350 23520.59450 23414.98200 23283.67700 23177.19200 23068.71550 23404.91300 23298.42800 23189.95150 23528.35800 23421.87300 23313.39650 23184.71550 23075.43350 22964.08950 23305.95150 23196.66950 23085.32550 23429.39650 23320.11450 23208.77050
23399.23250 23292.74750 23184.27100 23523.85100 23417.36600 23308.88950 23650.72250 23544.23750 23435.76100 23300.27100 23190.98900 23079.64500 23424.88950 23315.60750 23204.26350 23551.76100 23442.47900 23331.13500 23198.28550 23086.19950 22971.98500 23322.90400 23210.81800 23096.60350 23449.77550 23337.68950 23223.47500
23419.37350 23310.09150 23198.74750 23547.37950 23438.09750 23326.75350 23677.67800 23568.39600 23457.05200 23317.38800 23205.30200 23091.08750 23445.39400 23333.30800 23219.09350 23575.69250 23463.60650 23349.39200 23212.38350 23097.48550 22980.39850 23340.38950 23225.49150 23108.40450 23470.68800 23355.79000 23238.70300
23440.03300 23327.94700 23213.73250 23571.43100 23459.34500 23345.13050 23705.15800 23593.07200 23478.85750 23335.02850 23220.13050 23103.04350 23466.42650 23351.52850 23234.44150 23600.15350 23485.25550 23368.16850 23227.00900 23109.29200 22989.33050 23358.40700 23240.69000 23120.72850 23492.13400 23374.41700 23254.45550
23461.21100 23346.31300 23229.22600 23596.00550 23481.10750 23364.02050 23733.16050 23618.26250 23501.17550 23353.19150 23235.47450 23115.51300 23487.98600 23370.26900 23250.30750 23625.14100 23507.42400 23387.46250 23242.16150 23121.62050 22998.78300 23376.95600 23256.41500 23133.57750 23514.11100 23393.57000 23270.73250
23482.90850 23365.19150 23245.23000 23621.10100 23503.38400 23383.42250 23761.68400 23643.96700 23524.00550 23371.87850 23251.33750 23128.50000 23510.07100 23389.53000 23266.69250 23650.65400 23530.11300 23407.27550 23257.84150 23134.47250 23008.75900 23396.03400 23272.66500 23146.95150 23536.61700 23413.24800 23287.53450
23505.12450 23384.58350 23261.74600 23646.71650 23526.17550 23403.33800 23790.72750 23670.18650 23547.34900 23391.08750 23267.71850 23142.00500 23532.67950 23409.31050 23283.59700 23676.69050 23553.32150 23427.60800 23274.04950 23147.84850 23019.25900 23415.64150 23289.44050 23160.85100 23559.65250 23433.45150 23304.86200
23527.85700 23404.48800 23278.77450 23672.85100 23549.48200 23423.76850 23820.28800 23696.91900 23571.20550 23410.81900 23284.61800 23156.02850 23555.81300 23429.61200 23301.02250 23703.25000 23577.04900 23448.45950 23290.78450 23161.74800 23030.28350 23435.77850 23306.74200 23175.27750 23583.21550 23454.17900 23322.71450
23551.10850 23424.90750 23296.31800 23699.50450 23573.30350 23444.71400 23850.36600 23724.16500 23595.57550 23431.07400 23302.03750 23170.57300 23579.47000 23450.43350 23318.96900 23730.33150 23601.29500 23469.83050 23308.04750 23176.17450 23041.83500 23456.44350 23324.57050 23190.23100 23607.30500 23475.43200 23341.09250
23574.87750 23445.84100 23314.37650 23726.67500 23597.63850 23466.17400 23880.95950 23751.92300 23620.45850 23451.85100 23319.97800 23185.63850 23603.64850 23471.77550 23337.43600 23757.93300 23626.06000 23491.72050 23325.83850 23191.12700 23053.91450 23477.63600 23342.92450 23205.71200 23631.92050 23497.20900 23359.99650
23599.16350 23467.29050 23332.95100 23754.36250 23622.48950 23488.15000 23912.06650 23780.19350 23645.85400 23473.15100 23338.43950 23201.22700 23628.35000 23493.63850 23356.42600 23786.05400 23651.34250 23514.13000 23344.15750 23206.60650 23066.52300 23499.35650 23361.80550 23221.72200 23657.06050 23519.50950 23379.42600
23623.96650 23489.25500 23352.04250 23782.56600 23647.85450 23510.64200 23943.68750 23808.97600 23671.76350 23494.97300 23357.42200 23217.33850 23653.57250 23516.02150 23375.93800 23814.69400 23677.14300 23537.05950 23363.00450 23222.61400 23079.66150 23521.60400 23381.21350 23238.26100 23682.72550 23542.33500 23399.38250
23649.28600 23511.73500 23371.65150 23811.28400 23673.73300 23533.64950 23975.82000 23838.26900 23698.18550 23517.31750 23376.92700 23233.97450 23679.31550 23538.92500 23395.97250 23843.85150 23703.46100 23560.50850 23382.37950 23239.15000 23093.33100 23544.37750 23401.14800 23255.32900 23708.91350 23565.68400 23419.86500
23675.12250 23534.73200 23391.77950 23840.51650 23700.12600 23557.17350 24008.46350 23868.07300 23725.12050 23540.18450 23396.95500 23251.13600 23705.57850 23562.34900 23416.53000 23873.52550 23730.29600 23584.47700 23402.28300 23256.21550 23107.53300 23567.67700 23421.60950 23272.92700 23735.62400 23589.55650 23440.87400
23701.47450 23558.24500 23412.42600 23870.26350 23727.03400 23581.21500 24041.61700 23898.38750 23752.56850 23563.57300 23417.50550 23268.82300 23732.36200 23586.29450 23437.61200 23903.71550 23757.64800 23608.96550 23422.71450 23273.81050 23122.26750 23591.50350 23442.59950 23291.05650 23762.85700 23613.95300 23462.41000
23728.34300 23582.27550 23433.59300 23900.52300 23754.45550 23605.77300 24075.27950 23929.21200 23780.52950 23587.48450 23438.58050 23287.03750 23759.66450 23610.76050 23459.21750 23934.42100 23785.51700 23633.97400 23443.67550 23291.93600 23137.53650 23615.85550 23464.11600 23309.71650 23790.61200 23638.87250 23484.47300
23755.72700 23606.82300 23455.28000 23931.29550 23782.39150 23630.84850 24109.45100 23960.54700 23809.00400 23611.91800 23460.17850 23305.77900 23787.48650 23635.74700 23481.34750 23965.64200 23813.90250 23659.50300 23465.16450 23310.59200 23153.34000 23640.73300 23486.16050 23328.90850 23818.88850 23664.31600 23507.06400
23783.62650 23631.88700 23477.48750 23962.58050 23810.84100 23656.44150 24144.13000 23992.39050 23837.99100 23636.87300 23482.30050 23325.04850 23815.82700 23661.25450 23504.00250 23997.37650 23842.80400 23685.55200 23487.18100 23329.77850 23169.67850 23666.13500 23508.73250 23348.63250 23847.68450 23690.28200 23530.18200
23812.04250 23657.47000 23500.21800 23994.37700 23839.80450 23682.55250 24179.31550 24024.74300 23867.49100 23662.35050 23504.94800 23344.84800 23844.68500 23687.28250 23527.18250 24029.62350 23872.22100 23712.12100 23509.72850 23349.49850 23186.55500 23692.06300 23531.83300 23368.88950 23877.00150 23716.77150 23553.82800
23840.97200 23683.56950 23523.46950 24026.68350 23869.28100 23709.18100 24215.00650 24057.60400 23897.50400 23688.35000 23528.12000 23365.17650 23874.06150 23713.83150 23550.88800 24062.38450 23902.15450 23739.21100 23532.80400 23369.75050 23203.96750 23718.51550 23555.46200 23389.67900 23906.83850 23743.78500 23578.00200
23870.41800 23710.18800 23547.24450 24059.50200 23899.27200 23736.32850 24251.20250 24090.97250 23928.02900 23714.87200 23551.81850 23386.03550 23903.95600 23740.90250 23575.11950 24095.65650 23932.60300 23766.82000 23556.40900 23390.53550 23221.91900 23745.49300 23579.61950 23411.00300 23937.19350 23771.32000 23602.70350
23900.37850 23737.32500 23571.54200 24092.83000 23929.77650 23763.99350 24287.90400 24124.85050 23959.06750 23741.91550 23576.04200 23407.42550 23934.36700 23768.49350 23599.87700 24129.44100 23963.56750 23794.95100 23580.54300 23411.85350 23240.40900 23772.99450 23604.30500 23432.86050 23968.06850 23799.37900 23627.93450
23930.85400 23764.98050 23596.36400 24126.66800 23960.79450 23792.17800 24325.10850 24159.23500 23990.61850 23769.48150 23600.79200 23429.34750 23965.29550 23796.60600 23625.16150 24163.73600 23995.04650 23823.60200 23605.20700 23433.70650 23259.43900 23801.02100 23629.52050 23455.25300 23999.46150 23827.96100 23653.69350
23961.84400 23793.15450 23621.71000 24161.01500 23992.32550 23820.88100 24362.81600 24194.12650 24022.68200 23797.56950 23626.06900 23451.80150 23996.74050 23825.24000 23650.97250 24198.54150 24027.04100 23852.77350 23630.40050 23456.09350 23279.00850 23829.57150 23655.26450 23478.17950 24031.37250 23857.06550 23679.98050
23993.34800 23821.84750 23647.58000 24195.87050 24024.37000 23850.10250 24401.02650 24229.52600 24055.25850 23826.17900 23651.87200 23474.78700 24028.70150 23854.39450 23677.30950 24233.85750 24059.55050 23882.46550 23656.12350 23479.01450 23299.11950 23858.64600 23681.53700 23501.64200 24063.80200 23886.69300 23706.79800
24025.36700 23851.06000 23673.97500 24231.23500 24056.92800 23879.84300 24439.73800 24265.43100 24088.34600 23855.31150 23678.20250 23498.30750 24061.17950 23884.07050 23704.17550 24269.68250 24092.57350 23912.67850 23682.37700 23502.47200 23319.77200 23888.24500 23708.34000 23525.64000 24096.74800 23916.84300 23734.14300
24057.90000 23880.79100 23700.89600 24267.10700 24089.99800 23910.10300 24478.95150 24301.84250 24121.94750 23884.96550 23705.06050 23522.36050 24094.17250 23914.26750 23731.56750 24306.01700 24126.11200 23943.41200 23709.16000 23526.46500 23340.96750 23918.36700 23735.67200 23550.17450 24130.21150 23947.51650 23762.01900
24090.94650 23911.04150 23728.34150 24303.48700 24123.58200 23940.88200 24518.66500 24338.76000 24156.06000 23915.14100 23732.44600 23546.94850 24127.68150 23944.98650 23759.48900 24342.85950 24160.16450 23974.66700 23736.47350 23550.99400 23362.70500 23949.01400 23763.53450 23575.24550 24164.19200 23978.71250 23790.42350
24124.50700 23941.81200 23756.31450 24340.37350 24157.67850 23972.18100 24558.87850 24376.18350 24190.68600 23945.83950 23760.36000 23572.07100 24161.70600 23976.22650 23787.93750 24380.21100 24194.73150 24006.44250 23764.31750 23576.05950 23384.98650 23980.18400 23791.92600 23600.85300 24198.68900 24010.43100 23819.35800
24158.58200 23973.10250 23784.81350 24377.76750 24192.28800 24003.99900 24599.59250 24414.11300 24225.82400 23977.06000 23788.80200 23597.72900 24196.24550 24007.98750 23816.91450 24418.07050 24229.81250 24038.73950 23792.69250 23601.66300 23407.81300 24011.87800 23820.84850 23626.99850 24233.70300 24042.67350 23848.82350
24193.16950 24004.91150 23813.83850 24415.66750 24227.40950 24036.33650 24640.80450 24452.54650 24261.47350 24008.80200 23817.77250 23623.92250 24231.30000 24040.27050 23846.42050 24456.43700 24265.40750 24071.55750 23821.59750 23627.80300 23431.18350 24044.09550 23850.30100 23653.68150 24269.23250 24075.43800 23878.81850
24228.27050 24037.24100 23843.39100 24454.07450 24263.04500 24069.19500 24682.51450 24491.48500 24297.63500 24041.06600 23847.27150 23650.65200 24266.87000 24073.07550 23876.45600 24495.31000 24301.51550 24104.89600 23851.03300 23654.48050 23455.09950 24076.83700 23880.28450 23680.90350 24305.27700 24108.72450 23909.34350
24263.88550 24070.09100 23873.47150 24492.98700 24299.19250 24102.57300 24724.72300 24530.92850 24334.30900 24073.85250 23877.30000 23677.91900 24302.95400 24106.40150 23907.02050 24534.69000 24338.13750 24138.75650 23881.00100 23681.69700 23479.56250 24110.10250 23910.79850 23708.66400 24341.83850 24142.53450 23940.40000
24300.01350 24103.46100 23904.08000 24532.40450 24335.85200 24136.47100 24767.42850 24570.87600 24371.49500 24107.16200 23907.85800 23705.72350 24339.55300 24140.24900 23938.11450 24574.57700 24375.27300 24173.13850 23911.49950 23709.45200 23504.57200 24143.89050 23941.84300 23736.96300 24378.91450 24176.86700 23971.98700
24336.65500 24137.35100 23935.21650 24572.32800 24373.02400 24170.88950 24810.63050 24611.32650 24409.19200 24140.99250 23938.94500 23734.06500 24376.66550 24174.61800 23969.73800 24614.96800 24412.92050 24208.04050 23942.52950 23737.74650 23530.12900 24178.20250 23973.41950 23765.80200 24416.50500 24211.72200 24004.10450
24373.80850 24171.76100 23966.88100 24612.75500 24410.70750 24205.82750 24854.32900 24652.28150 24447.40150 24175.34550 23970.56250 23762.94500 24414.29200 24209.50900 24001.89150 24655.86600 24451.08300 24243.46550 23974.09100 23766.58000 23556.23350 24213.03750 24005.52650 23795.18000 24454.61150 24247.10050 24036.75400
24411.47550 24206.69250 23999.07500 24653.68700 24448.90400 24241.28650 24898.52300 24693.74000 24486.12250 24210.22100 24002.71000 23792.36350 24452.43250 24244.92150 24034.57500 24697.26850 24489.75750 24279.41100 24006.18450 23795.95400 23582.88700 24248.39600 24038.16550 23825.09850 24493.23200 24283.00150 24069.93450
24449.65500 24242.14400 24031.79750 24695.12350 24487.61250 24277.26600 24943.21250 24735.70150 24525.35500 24245.61850 24035.38800 23822.32100 24491.08700 24280.85650 24067.78950 24739.17600 24528.94550 24315.87850 24038.81000 23825.86750 23610.09000 24284.27850 24071.33600 23855.55850 24532.36750 24319.42500 24103.64750
24488.34700 24278.11650 24065.04950 24737.06400 24526.83350 24313.76650 24988.39650 24778.16600 24565.09900 24281.53850 24068.59600 23852.81850 24530.25550 24317.31300 24101.53550 24781.58800 24568.64550 24352.86800 24071.96750 23856.32200 23637.84150 24320.68450 24105.03900 23886.55850 24572.01700 24356.37150 24137.89100
24527.55150 24314.60900 24098.83150 24779.50800 24566.56550 24350.78800 25034.07500 24821.13250 24605.35500 24317.98050 24102.33500 23883.85450 24569.93700 24354.29150 24135.81100 24824.50400 24608.85850 24390.37800 24105.65700 23887.31750 23666.14450 24357.61350 24139.27400 23918.10100 24612.18050 24393.84100 24172.66800
24567.26900 24351.62350 24133.14300 24822.45500 24606.80950 24388.32900 25080.24750 24864.60200 24646.12150 24354.94550 24136.60600 23915.43300 24610.13150 24391.79200 24170.61900 24867.92400 24649.58450 24428.41150 24139.88050 23918.85450 23694.99800 24395.06650 24174.04050 23950.18400 24652.85900 24431.83300 24207.97650
24607.49800 24389.15850 24167.98550 24865.90500 24647.56550 24426.39250 25126.91300 24908.57350 24687.40050 24392.43300 24171.40700 23947.55050 24650.84000 24429.81400 24205.95750 24911.84800 24690.82200 24466.96550 24174.63500 23950.93350 23724.40250 24433.04200 24209.34050 23982.80950 24694.05000 24470.34850 24243.81750
24648.24000 24427.21400 24203.35750 24909.85850 24688.83250 24464.97600 25174.07200 24953.04600 24729.18950 24430.44200 24206.74050 23980.20950 24692.06050 24468.35900 24241.82800 24956.27400 24732.57250 24506.04150 24209.92300 23983.55450 23754.35950 24471.54150 24245.17300 24015.97800 24735.75500 24509.38650 24280.19150
24689.49300 24465.79150 24239.26050 24954.31350 24730.61200 24504.08100 25221.72250 24998.02100 24771.49000 24468.97400 24242.60550 24013.41050 24733.79450 24507.42600 24278.23100 25001.20350 24774.83500 24545.64000 24245.74400 24016.71800 23784.86850 24510.56450 24281.53850 24049.68900 24777.97350 24548.94750 24317.09800
24731.25850 24504.89000 24275.69500 24999.27100 24772.90250 24543.70750 25269.86550 25043.49700 24814.30200 24508.02850 24279.00250 24047.15300 24776.04100 24547.01500 24315.16550 25046.63550 24817.60950 24585.76000 24282.09800 24050.42450 23815.93100 24550.11050 24318.43700 24083.94350 24820.70500 24589.03150 24354.53800
24773.53600 24544.51000 24312.66050 25044.73000 24815.70400 24583.85450 25318.50000 25089.47400 24857.62450 24547.60550 24315.93200 24081.43850 24818.79950 24587.12600 24352.63250 25092.56950 24860.89600 24626.40250 24318.98600 24084.67400 23847.54700 24590.18000 24355.86800 24118.74100 24863.95000 24629.63800 24392.51100
24816.32500 24584.65150 24350.15800 25090.69050 24859.01700 24624.52350 25367.62550 25135.95200 24901.45850 24587.70550 24353.39350 24116.26650 24862.07100 24627.75900 24390.63200 25139.00600 24904.69400 24667.56700 24356.40700 24119.46800 23879.71800 24630.77250 24393.83350 24154.08350 24907.70750 24670.76850 24431.01850
24859.62600 24625.31400 24388.18700 25137.15250 24902.84050 24665.71350 25417.24100 25182.92900 24945.80200 24628.32750 24391.38850 24151.63850 24905.85400 24668.91500 24429.16500 25185.94250 24949.00350 24709.25350 24394.36250 24154.80600 23912.44300 24671.88900 24432.33250 24189.96950 24951.97750 24712.42100 24470.05800
24903.43750 24666.49850 24426.74850 25184.11550 24947.17650 24707.42650 25467.34750 25230.40850 24990.65850 24669.47250 24429.91600 24187.55300 24950.15050 24710.59400 24468.23100 25233.38250 24993.82600 24751.46300 24432.85100 24190.68750 23945.72300 24713.52900 24471.36550 24226.40100 24996.76100 24754.59750 24509.63300
24947.76200 24708.20550 24465.84250 25231.58000 24992.02350 24749.66050 25517.94350 25278.38700 25036.02400 24711.14050 24468.97700 24224.01250 24994.95850 24752.79500 24507.83050 25281.32200 25039.15850 24794.19400 24471.87450 24227.11550 23979.55950 24755.69250 24510.93350 24263.37750 25042.05600 24797.29700 24549.74100
24992.59650 24750.43300 24505.46850 25279.54350 25037.38000 24792.41550 25569.02850 25326.86500 25081.90050 24753.33050 24508.57150 24261.01550 25040.27750 24795.51850 24547.96250 25329.76250 25085.00350 24837.44750 24511.43250 24264.08700 24013.95200 24798.37950 24551.03400 24300.89900 25087.86450 24840.51900 24590.38400
25037.94300 24793.18400 24545.62800 25328.00800 25083.24900 24835.69300 25620.60250 25375.84350 25128.28750 24796.04500 24548.69950 24298.56450 25086.11000 24838.76450 24588.62950 25378.70450 25131.35900 24881.22400 24551.52500 24301.60550 24048.90200 24841.59000 24591.67050 24338.96700 25134.18450 24884.26500 24631.56150
25083.80100 24836.45550 24586.32050 25376.97250 25129.62700 24879.49200 25672.66550 25425.32000 25175.18500 24839.28100 24589.36150 24336.65800 25132.45250 24882.53300 24629.82950 25428.14550 25178.22600 24925.52250 24592.15250 24339.66950 24084.40950 24885.32400 24632.84100 24377.58100 25181.01700 24928.53400 24673.27400
25130.16900 24880.24950 24627.54600 25426.43600 25176.51650 24923.81300 25725.21600 25475.29650 25222.59300 24883.04050 24630.55750 24375.29750 25179.30750 24926.82450 24671.56450 25478.08750 25225.60450 24970.34450 24633.31400 24378.27900 24120.47400 24929.58100 24674.54600 24416.74100 25228.36100 24973.32600 24715.52100
25177.04900 24924.56600 24669.30600 25476.40000 25223.91700 24968.65700 25778.25500 25525.77200 25270.51200 24927.32250 24672.28750 24414.48250 25226.67350 24971.63850 24713.83350 25528.52850 25273.49350 25015.68850 24675.01100 24417.43600 24157.09750 24974.36200 24716.78700 24456.44850 25276.21700 25018.64200 24758.30350
25224.43900 24969.40400 24711.59900 25526.86250 25271.82750 25014.02250 25831.78050 25576.74550 25318.94050 24972.12750 24714.55250 24454.21400 25274.55100 25016.97600 24756.63750 25579.46900 25321.89400 25061.55550 24717.24400 24457.13950 24194.28000 25019.66750 24759.56300 24496.70350 25324.58550 25064.48100 24801.62150
25272.33950 25014.76450 24754.42600 25577.82400 25320.24900 25059.91050 25885.79250 25628.21750 25367.87900 25017.45600 24757.35150 24494.49200 25322.94050 25062.83600 24799.97650 25630.90900 25370.80450 25107.94500 24760.01150 24497.39050 24232.02200 25065.49600 24802.87500 24537.50650 25373.46450 25110.84350 24845.47500
25320.75200 25060.64750 24797.78800 25629.28450 25369.18000 25106.32050 25940.29150 25680.18700 25417.32750 25063.30750 24800.68650 24535.31800 25371.84000 25109.21900 24843.85050 25682.84700 25420.22600 25154.85750 24803.31600 24538.19000 24270.32450 25111.84850 24846.72250 24578.85700 25422.85550 25157.72950 24889.86400
25369.67400 25107.05300 24841.68450 25681.24250 25418.62150 25153.25300 25995.27600 25732.65500 25467.28650 25109.68250 24844.55650 24576.69100 25421.25100 25156.12500 24888.25950 25735.28450 25470.15850 25202.29300 24847.15550 24579.53700 24309.18750 25158.72400 24891.10550 24620.75600 25472.75750 25205.13900 24934.78950
25419.10750 25153.98150 24886.11600 25733.70000 25468.57400 25200.70850 26050.74650 25785.62050 25517.75500 25156.58050 24888.96200 24618.61250 25471.17300 25203.55450 24933.20500 25788.21950 25520.60100 25250.25150 24891.53150 24621.43300 24348.61150 25206.12400 24936.02550 24663.20400 25523.17050 25253.07200 24980.25050
25469.05050 25201.43200 24931.08250 25786.65450 25519.03600 25248.68650 26106.70250 25839.08400 25568.73450 25204.00150 24933.90300 24661.08150 25521.60550 25251.50700 24978.68550 25841.65350 25571.55500 25298.73350 24936.44400 24663.87700 24388.59750 25254.04800 24981.48100 24706.20150 25574.09600 25301.52900 25026.24950
25519.50400 25249.40550 24976.58400 25840.10700 25570.00850 25297.18700 26163.14250 25893.04400 25620.22250 25251.94650 24979.37950 24704.10000 25572.54950 25299.98250 25024.70300 25895.58500 25623.01800 25347.73850 24981.89300 24706.87100 24429.14550 25302.49600 25027.47400 24749.74850 25625.53150 25350.50950 25072.78400
25570.46850 25297.90150 25022.62200 25894.05750 25621.49050 25346.21100 26220.06750 25947.50050 25672.22100 25300.41500 25025.39300 24747.66750 25624.00400 25348.98200 25071.25650 25950.01400 25674.99200 25397.26650 25027.87900 24750.41450 24470.25650 25351.46800 25074.00350 24793.84550 25677.47800 25400.01350 25119.85550
25621.94250 25346.92050 25069.19500 25948.50450 25673.48250 25395.75700 26277.47650 26002.45450 25724.72900 25349.40650 25071.94200 24791.78400 25675.96850 25398.50400 25118.34600 26004.94050 25727.47600 25447.31800 25074.40150 24794.50800 24511.93050 25400.96350 25121.07000 24838.49250 25729.93550 25450.04200 25167.46450
25673.92700 25396.46250 25116.30450 26003.44850 25725.98400 25445.82600 26335.36850 26057.90400 25777.74600 25398.92200 25119.02850 24836.45100 25728.44350 25448.55000 25165.97250 26060.36350 25780.47000 25497.89250 25121.46150 24839.15200 24554.16850 25450.98300 25168.67350 24883.69000 25782.90300 25500.59350 25215.61000
25726.42100 25446.52750 25163.95000 26058.88950 25778.99600 25496.41850 26393.74450 26113.85100 25831.27350 25448.96050 25166.65100 24881.66750 25781.42900 25499.11950 25214.13600 26116.28400 25833.97450 25548.99100 25169.05900 24884.34650 24596.97100 25501.52750 25216.81500 24929.43950 25836.38250 25551.67000 25264.29450
25779.42550 25497.11600 25212.13250 26114.82650 25832.51700 25547.53350 26452.60300 26170.29350 25885.31000 25499.52400 25214.81150 24927.43600 25834.92500 25550.21250 25262.83700 26172.70150 25887.98900 25600.61350 25217.19400 24930.09250 24640.33850 25552.59500 25265.49350 24975.73950 25890.37150 25603.27000 25313.51600
25832.94000 25548.22750 25260.85200 26171.26050 25886.54800 25599.17250 26511.94450 26227.23200 25939.85650 25550.61000 25263.50850 24973.75450 25888.93050 25601.82900 25312.07500 26229.61450 25942.51300 25652.75900 25265.86650 24976.39000 24684.27050 25604.18700 25314.71050 25022.59100 25944.87100 25655.39450 25363.27500
25886.96400 25599.86250 25310.10850 26228.19000 25941.08850 25651.33450 26571.76700 26284.66550 25994.91150 25602.22050 25312.74400 25020.62450 25943.44650 25653.97000 25361.85050 26287.02350 25997.54700 25705.42750 25315.07850 25023.23950 24728.76950 25656.30450 25364.46550 25069.99550 25999.88150 25708.04250 25413.57250
25941.49700 25652.02050 25359.90100 26285.61500 25996.13850 25704.01900 26632.07150 26342.59500 26050.47550 25654.35500 25362.51600 25068.04600 25998.47300 25706.63400 25412.16400 26344.92950 26053.09050 25758.62050 25364.82700 25070.64000 24773.83400 25708.94500 25414.75800 25117.95200 26055.40150 25761.21450 25464.40850
25996.54150 25704.70250 25410.23250 26343.53700 26051.69800 25757.22800 26692.85850 26401.01950 26106.54950 25707.01350 25412.82650 25116.02050 26054.00900 25759.82200 25463.01600 26403.33050 26109.14350 25812.33750 25415.11450 25118.59500 24819.46650 25762.11000 25465.59050 25166.46200 26111.43150 25814.91200 25515.78350
26052.09400 25757.90700 25461.10100 26401.95350 26107.76650 25810.96050 26754.12550 26459.93850 26163.13250 25760.19500 25463.67550 25164.54700 26110.05450 25813.53500 25514.40650 26462.22650 26165.70700 25866.57850 25465.94100 25167.10150 24865.66550 25815.80050 25516.96100 25215.52500 26167.97250 25869.13300 25567.69700
26108.15650 25811.63700 25512.50850 26460.86450 26164.34500 25865.21650 26815.87250 26519.35300 26220.22450 25813.90250 25515.06300 25213.62700 26166.61050 25867.77100 25566.33500 26521.61850 26222.77900 25921.34300 25517.30650 25216.16200 24912.43350 25870.01450 25568.87000 25265.14150 26225.02250 25923.87800 25620.14950
26164.72850 25865.88900 25564.45300 26520.27150 26221.43200 25919.99600 26878.10100 26579.26150 26277.82550 25868.13250 25566.98800 25263.25950 26223.67550 25922.53100 25618.80250 26581.50500 26280.36050 25976.63200 25569.21050 25265.77600 24959.76950 25924.75350 25621.31900 25315.31250 26282.58300 25979.14850 25673.14200
26221.80950 25920.66500 25616.93650 26580.17200 26279.02750 25975.29900 26940.80850 26639.66400 26335.93550 25922.88750 25619.45300 25313.44650 26281.25000 25977.81550 25671.80900 26641.88650 26338.45200 26032.44550 25621.65450 25315.94400 25007.67450 25980.01700 25674.30650 25366.03700 26340.65350 26034.94300 25726.67350
26279.40000 25975.96550 25669.95900 26640.56800 26337.13350 26031.12700 27003.99500 26700.56050 26394.55400 25978.16700 25672.45650 25364.18700 26339.33500 26033.62450 25725.35500 26702.76200 26397.05150 26088.78200 25674.63750 25366.66650 25056.14900 26035.80550 25727.83450 25417.31700 26399.23250 26091.26150 25780.74400
26337.50000 26031.78950 25723.52000 26701.45800 26395.74750 26087.47800 27067.66150 26761.95100 26453.68150 26033.97050 25725.99950 25415.48200 26397.92850 26089.95750 25779.44000 26764.13200 26456.16100 26145.64350 25728.16000 25417.94400 25105.19400 26092.11800 25781.90200 25469.15200 26458.32150 26148.10550 25835.35550
26396.10850 26088.13750 25777.62000 26762.84150 26454.87050 26144.35300 27131.80600 26823.83500 26513.31750 26090.29800 25780.08200 25467.33200 26457.03100 26146.81500 25834.06500 26825.99550 26515.77950 26203.02950 25782.22300 25469.77650 25154.80950 26148.95600 25836.50950 25521.54250 26517.92050 26205.47400 25890.50700
26455.22600 26145.01000 25832.26000 26824.71900 26514.50300 26201.75300 27196.42950 26886.21350 26573.46350 26147.15100 25834.70450 25519.73750 26516.64400 26204.19750 25889.23050 26888.35450 26575.90800 26260.94100 25836.82550 25522.16450 25204.99600 26206.31850 25891.65750 25574.48900 26578.02900 26263.36800 25946.19950
26514.85350 26202.40700 25887.44000 26887.09000 26574.64350 26259.67650 27261.53050 26949.08400 26634.11700 26204.52800 25889.86700 25572.69850 26576.76450 26262.10350 25944.93500 26951.20500 26636.54400 26319.37550 25891.96950 25575.10900 25255.75500 26264.20600 25947.34550 25627.99150 26638.64650 26321.78600 26002.43200
26574.98850 26260.32750 25943.15900 26949.95400 26635.29300 26318.12450 27327.10850 27012.44750 26695.27900 26262.43000 25945.56950 25626.21550 26637.39550 26320.53500 26001.18100 27014.55000 26697.68950 26378.33550 25947.65350 25628.60950 25307.08500 26322.61900 26003.57500 25682.05050 26699.77350 26380.72950 26059.20500
26635.63350 26318.77300 25999.41900 27013.31200 26696.45150 26377.09750 27393.16450 27076.30400 26756.95000 26320.85700 26001.81300 25680.28850 26698.53550 26379.49150 26057.96700 27078.38800 26759.34400 26437.81950 26003.87800 25682.66650 25358.98850 26381.55650 26060.34500 25736.66700 26761.40900 26440.19750 26116.51950
26696.78700 26377.74300 26056.21850 27077.16250 26758.11850 26436.59400 27459.69750 27140.65350 26819.12900 26379.80800 26058.59650 25734.91850 26760.18350 26438.97200 26115.29400 27142.71850 26821.50700 26497.82900 26060.64450 25737.28050 25411.46500 26441.02000 26117.65600 25791.84050 26823.55500 26500.19100 26174.37550
26758.44900 26437.23750 26113.55950 27141.50550 26820.29400 26496.61600 27526.70650 27205.49500 26881.81700 26439.28550 26115.92150 25790.10600 26822.34200 26498.97800 26173.16250 27207.54300 26884.17900 26558.36350 26117.95150 25792.45250 25464.51550 26501.00800 26175.50900 25847.57200 26886.20900 26560.71000 26232.77300
26820.62000 26497.25600 26171.44050 27206.34150 26882.97750 26557.16200 27594.19200 27270.82800 26945.01250 26499.28600 26173.78700 25845.85000 26885.00750 26559.50850 26231.57150 27272.85800 26947.35900 26619.42200 26175.80050 25848.18150 25518.14000 26561.52200 26233.90300 25903.86150 26949.37250 26621.75350 26291.71200
26883.29900 26557.80000 26229.86300 27271.66900 26946.17000 26618.23300 27662.15300 27336.65400 27008.71700 26559.81350 26232.19450 25902.15300 26948.18350 26620.56450 26290.52300 27338.66750 27011.04850 26681.00700 26234.19100 25904.46950 25572.33950 26622.56100 26292.83950 25960.70950 27013.04500 26683.32350 26351.19350
26946.48750 26618.86850 26288.82700 27337.49000 27009.87100 26679.82950 27730.59000 27402.97100 27072.92950 26620.86500 26291.14350 25959.01350 27011.86750 26682.14600 26350.01600 27404.96750 27075.24600 26743.11600 26293.12350 25961.31550 25627.11450 26684.12600 26352.31800 26018.11700 27077.22600 26745.41800 26411.21700
27010.18400 26680.46250 26348.33250 27403.80150 27074.08000 26741.95000 27799.50150 27469.78000 27137.65000 26682.44250 26350.63450 26016.43350 27076.06000 26744.25200 26410.05100 27471.76000 27139.95200 26805.75100 26352.59800 26018.72100 25682.46550 26746.21550 26412.33850 26076.08300 27141.91550 26808.03850 26471.78300
27074.38900 26742.58100 26408.38000 27470.60550 27138.79750 26804.59650 27868.88800 27537.08000 27202.87900 26744.54450 26410.66750 26074.41200 27140.76100 26806.88400 26470.62850 27539.04350 27205.16650 26868.91100 26412.61500 26076.68550 25738.39300 26808.83150 26472.90200 26134.60950 27207.11400 26871.18450 26532.89200
27139.10150 26805.22450 26468.96900 27537.89950 27204.02250 26867.76700 27938.74800 27604.87100 27268.61550 26807.17200 26471.24250 26132.95000 27205.97000 26870.04050 26531.74800 27606.81850 27270.88900 26932.59650 26473.17500 26135.20950 25794.89700 26871.97300 26534.00750 26193.69500 27272.82150 26934.85600 26594.54350
27204.32300 26868.39350 26530.10100 27605.68600 27269.75650 26931.46400 28009.08250 27673.15300 27334.86050 26870.32600 26532.36050 26192.04800 27271.68900 26933.72350 26593.41100 27675.08550 27337.12000 26996.80750 26534.27750 26194.29400 25851.97850 26935.64050 26595.65700 26253.34150 27339.03700 26999.05350 26656.73800
27270.05350 26932.08800 26591.77550 27673.96350 27335.99800 26995.68550 28079.89150 27741.92600 27401.61350 26934.00500 26594.02150 26251.70600 27337.91500 26997.93150 26655.61600 27743.84300 27403.85950 27061.54400 26595.92350 26253.93900 25909.63850 26999.83350 26657.84900 26313.54850 27405.76150 27063.77700 26719.47650
27336.29100 26996.30750 26653.99200 27742.73150 27402.74800 27060.43250 28151.17300 27811.18950 27468.87400 26998.20950 26656.22500 26311.92450 27404.65000 27062.66550 26718.36500 27813.09150 27471.10700 27126.80650 26658.11250 26314.14400 25967.87650 27064.55300 26720.58450 26374.31700 27472.99450 27129.02600 26782.75850
27403.03700 27061.05250 26716.75200 27811.99050 27470.00600 27125.70550 28222.92750 27880.94300 27536.64250 27062.94000 26718.97150 26372.70400 27471.89350 27127.92500 26781.65750 27882.83050 27538.86200 27192.59450 26720.84500 26374.91100 26026.69350 27129.79850 26783.86450 26435.64700 27540.73550 27194.80150 26846.58400
27470.29150 27126.32300 26780.05550 27881.73950 27537.77100 27191.50350 28295.15500 27951.18650 27604.91900 27128.19650 26782.26250 26434.04500 27539.64450 27193.71050 26845.49300 27953.06000 27607.12600 27258.90850 26784.12150 26436.23950 26086.09050 27195.56950 26847.68750 26497.53850 27608.98500 27261.10300 26910.95400
27538.05350 27192.11950 26843.90200 27951.97900 27606.04500 27257.82750 28367.85450 28021.92050 27673.70300 27193.97850 26846.09650 26495.94750 27607.90400 27260.02200 26909.87300 28023.77950 27675.89750 27325.74850 26847.94200 26498.12950 26146.06800 27261.86750 26912.05500 26559.99350 27677.74300 27327.93050 26975.86900
27606.32400 27258.44200 26908.29300 28022.70850 27674.82650 27324.67750 28441.02550 28093.14350 27742.99450 27260.28750 26910.47500 26558.41350 27676.67200 27326.85950 26974.79800 28094.98900 27745.17650 27393.11500 26912.30700 26560.58300 26206.62600 27328.69150 26976.96750 26623.01050 27747.00850 27395.28450 27041.32750
27675.10200 27325.28950 26973.22800 28093.92750 27744.11500 27392.05350 28514.66850 28164.85600 27812.79450 27327.12150 26975.39750 26621.44050 27745.94700 27394.22300 27040.26600 28166.68800 27814.96400 27461.00700 26977.21600 26623.59850 26267.76450 27396.04150 27042.42400 26686.59000 27816.78250 27463.16500 27107.33100
27744.38750 27392.66350 27038.70650 28165.63600 27813.91200 27459.95500 28588.78250 28237.05850 27883.10150 27394.48200 27040.86450 26685.03050 27815.73050 27462.11300 27106.27900 28238.87700 27885.25950 27529.42550 27042.67000 26687.17650 26329.48500 27463.91850 27108.42500 26750.73350 27887.06500 27531.57150 27173.88000
27814.18150 27460.56400 27104.73000 28237.83450 27884.21700 27528.38300 28663.36750 28309.75000 27953.91600 27462.36950 27106.87600 26749.18450 27886.02250 27530.52900 27172.83750 28311.55550 27956.06200 27598.37050 27108.66900 26751.31900 26391.78750 27532.32200 27174.97200 26815.44050 27957.85500 27600.50500 27240.97350
27884.48300 27528.98950 27171.29800 28310.52200 27955.02850 27597.33700 28738.42300 28382.92950 28025.23800 27530.78250 27173.43250 26813.90100 27956.82150 27599.47150 27239.94000 28384.72250 28027.37250 27667.84100 27175.21250 26816.02500 26454.67300 27601.25150 27242.06400 26880.71200 28029.15250 27669.96500 27308.61300
27955.29200 27597.94200 27238.41050 28383.69850 28026.34850 27666.81700 28813.94850 28456.59850 28097.06700 27599.72200 27240.53450 26879.18250 28028.12850 27668.94100 27307.58900 28458.37850 28099.19100 27737.83900 27242.30250 26881.29550 26518.14250 27670.70900 27309.70200 26946.54900 28100.95900 27739.95200 27376.79900
28026.60850 27667.42100 27306.06900 28457.36300 28098.17550 27736.82350 28889.94350 28530.75600 28169.40400 27669.18900 27308.18200 26945.02900 28099.94350 27738.93650 27375.78350 28532.52400 28171.51700 27808.36400 27309.93750 26947.13050 26582.19500 27740.69200 27377.88500 27012.94950 28173.27250 27810.46550 27445.53000
28098.43350 27737.42650 27374.27350 28531.51750 28170.51050 27807.35750 28966.40900 28605.40200 28242.24900 27739.18200 27376.37500 27011.43950 28172.26600 27809.45900 27444.52350 28607.15750 28244.35050 27879.41500 27378.11900 27013.53100 26646.83250 27811.20300 27446.61500 27079.91650 28246.09450 27881.50650 27514.80800
28170.76500 27807.95800 27443.02250 28606.15950 28243.35250 27878.41700 29043.34250 28680.53550 28315.60000 27809.70200 27445.11400 27078.41550 28245.09650 27880.50850 27513.81000 28682.27950 28317.69150 27950.99300 27446.84600 27080.49650 26712.05450 27882.24050 27515.89100 27147.44900 28319.42350 27953.07400 27584.63200
28243.60450 27879.01650 27512.31800 28681.29050 28316.70250 27950.00400 29120.74600 28756.15800 28389.45950 27880.74850 27514.39900 27145.95700 28318.43450 27952.08500 27583.64300 28757.89000 28391.54050 28023.09850 27516.11950 27148.02750 26777.86150 27953.80550 27585.71350 27215.54750 28393.26100 28025.16900 27655.00300
28316.95150 27950.60200 27582.16000 28756.90850 28390.55900 28022.11700 29198.61650 28832.26700 28463.82500 27952.32250 27584.23050 27214.06450 28392.27950 28024.18750 27654.02150 28833.98750 28465.89550 28095.72950 27585.94050 27216.12550 26844.25600 28025.89750 27656.08250 27284.21300 28467.60550 28097.79050 27725.92100
28390.80550 28022.71350 27652.54750 28833.01550 28464.92350 28094.75750 29276.95600 28908.86400 28538.69800 28024.42350 27654.60850 27282.73900 28466.63350 28096.81850 27724.94900 28910.57400 28540.75900 28168.88950 27656.30700 27284.78900 26911.23550 28098.51700 27726.99900 27353.44550 28542.45750 28170.93950 27797.38600
28465.16800 28095.35300 27723.48350 28909.61000 28539.79500 28167.92550 29355.76400 28985.94900 28614.07950 28097.05150 27725.53350 27351.98000 28541.49350 28169.97550 27796.42200 28987.64750 28616.12950 28242.57600 27727.22200 27354.02100 26978.80250 28171.66400 27798.46300 27423.24450 28617.81800 28244.61700 27869.39850
28540.03650 28168.51850 27794.96500 28986.69100 28615.17300 28241.61950 29435.03800 29063.52000 28689.96650 28170.20700 27797.00600 27421.78750 28616.86150 28243.66050 27868.44200 29065.20850 28692.00750 28316.78900 27798.68350 27423.81950 27046.95700 28245.33800 27870.47400 27493.61150 28693.68500 28318.82100 27941.95850
28615.41300 28242.21200 27866.99350 29064.26000 28691.05900 28315.84050 29514.78050 29141.57950 28766.36100 28243.88950 27869.02550 27492.16300 28692.73650 28317.87250 27941.01000 29143.25700 28768.39300 28391.53050 27870.69250 27494.18600 27115.69950 28319.53950 27943.03300 27564.54650 28770.06000 28393.55350 28015.06700
28691.29650 28316.43250 27939.57000 29142.31600 28767.45200 28390.58950 29594.98950 29220.12550 28843.26300 28318.09950 27941.59300 27563.10650 28769.11900 28392.61250 28014.12600 29221.79250 28845.28600 28466.79950 27943.24950 27565.12000 27185.03150 28394.26900 28016.13950 27636.05100 28846.94250 28468.81300 28088.72450
28767.68700 28391.18050 28012.69400 29220.85850 28844.35200 28465.86550 29675.66450 29299.15800 28920.67150 28392.83700 28014.70750 27634.61900 28846.00850 28467.87900 28087.79050 29300.81450 28922.68500 28542.59650 28016.35450 27636.62350 27254.95150 28469.52600 28089.79500 27708.12300 28924.33200 28544.60100 28162.92900
28844.58500 28466.45550 28086.36700 29299.88850 28921.75900 28541.67050 29756.80550 29378.67600 28998.58750 28468.10250 28088.37150 27706.69950 28923.40600 28543.67500 28162.00300 29380.32300 29000.59200 28618.92000 28090.00850 27708.69550 27325.46250 28545.31200 28163.99900 27780.76600 29002.22900 28620.91600 28237.68300
28921.98950 28542.25850 28160.58650 29379.40400 28999.67300 28618.00100 29838.41250 29458.68150 29077.00950 28543.89550 28162.58250 27779.34950 29001.31000 28619.99700 28236.76400 29460.31850 29079.00550 28695.77250 28164.21050 27781.33700 27396.56250 28621.62500 28238.75150 27853.97700 29080.63350 28697.76000 28312.98550
28999.90200 28618.58900 28235.35600 29459.40700 29078.09400 28694.86100 29920.48550 29539.17250 29155.93950 28620.21700 28237.34350 27852.56900 29079.72200 28696.84850 28312.07400 29540.80050 29157.92700 28773.15250 28238.96100 27854.54800 27468.25400 28698.46600 28314.05300 27927.75900 29159.54450 28775.13150 28388.83750
29078.32150 28695.44800 28310.67350 29539.89600 29157.02250 28772.24800 30003.02300 29620.14950 29235.37500 28697.06550 28312.65250 27926.35850 29158.64000 28774.22700 28387.93300 29621.76700 29237.35400 28851.06000 28314.26150 27928.32950 27540.53750 28775.83600 28389.90400 28002.11200 29238.96300 28853.03100 28465.23900
29157.24700 28772.83400 28386.54000 29620.87000 29236.45700 28850.16300 30086.02550 29701.61250 29315.31850 28774.44300 28388.51100 28000.71900 29238.06600 28852.13400 28464.34200 29703.22150 29317.28950 28929.49750 28390.11100 28002.68150 27613.41200 28853.73400 28466.30450 28077.03500 29318.88950 28931.46000 28542.19050
29236.68000 28850.74800 28462.95600 29702.33050 29316.39850 28928.60650 30169.49250 29783.56050 29395.76850 28852.34800 28464.91850 28075.64900 29317.99850 28930.56900 28541.29950 29785.16050 29397.73100 29008.46150 28466.50950 28077.60350 27686.87850 28932.16000 28543.25400 28152.52900 29399.32200 29010.41600 28619.69100
29316.62050 28929.19100 28539.92150 29784.27700 29396.84750 29007.57800 30253.42400 29865.99450 29476.72500 28930.78200 28541.87600 28151.15100 29398.43850 29009.53250 28618.80750 29867.58550 29478.67950 29087.95450 28543.45850 28153.09800 27760.93900 29011.11500 28620.75450 28228.59550 29480.26200 29089.90150 28697.74250
29397.06700 29008.16100 28617.43600 29866.70850 29477.80250 29087.07750 30337.81900 29948.91300 29558.18800 29009.74350 28619.38300 28227.22400 29479.38500 29089.02450 28696.86550 29950.49550 29560.13500 29167.97600 28620.95750 28229.16350 27835.59250 29090.59900 28698.80500 28305.23400 29561.70950 29169.91550 28776.34450
29478.02050 29087.66000 28695.50100 29949.62500 29559.26450 29167.10550 30422.67750 30032.31700 29640.15800 29089.23450 28697.44050 28303.86950 29560.83900 29169.04500 28775.47400 30033.89150 29642.09750 29248.52650 28699.00600 28305.80150 27910.84000 29170.61050 28777.40600 28382.44450 29643.66300 29250.45850 28855.49700
29559.48150 29167.68750 28774.11650 30033.02700 29641.23300 29247.66200 30507.99950 30116.20550 29722.63450 29169.25300 28776.04850 28381.08700 29642.79850 29249.59400 28854.63250 30117.77100 29724.56650 29329.60500 28777.60600 28383.01150 27986.68250 29251.15150 28856.55700 28460.22800 29726.12400 29331.52950 28935.20050
29641.44800 29248.24350 28853.28200 30116.91300 29723.70850 29328.74700 30593.78350 30200.57900 29805.61750 29249.80100 28855.20650 28458.87750 29725.26600 29330.67150 28934.34250 30202.13650 29807.54200 29411.21300 28856.75650 28460.79550 28063.12000 29332.22150 28936.26050 28538.58500 29809.09200 29413.13100 29015.45550
29723.92300 29329.32850 28932.99950 30201.28500 29806.69050 29410.36150 30680.03100 30285.43650 29889.10750 29330.87850 28934.91750 28537.24200 29808.24050 29412.27950 29014.60400 30286.98650 29891.02550 29493.35000 28936.45900 28539.15250 28140.15400 29413.82100 29016.51450 28617.51600 29892.56700 29495.26050 29096.26200
29806.90350 29410.94250 29013.26700 30286.14100 29890.18000 29492.50450 30766.74000 30370.77900 29973.10350 29412.48400 29015.17750 28616.17900 29891.72150 29494.41500 29095.41650 30372.32050 29975.01400 29576.01550 29016.71150 28618.08250 28217.78300 29495.94900 29097.32000 28697.02050 29976.54800 29577.91900 29177.61950
29890.39100 29493.08450 29094.08600 30371.48150 29974.17500 29575.17650 30853.91200 30456.60550 30057.60700 29494.61850 29095.98950 28695.69000 29975.70900 29577.08000 29176.78050 30458.13950 30059.51050 29659.21100 29097.51600 28697.58700 28296.00900 29578.60650 29178.67750 28777.09950 30061.03700 29661.10800 29259.53000
29974.38500 29575.75600 29175.45650 30457.30550 30058.67650 29658.37700 30941.54450 30542.91550 30142.61600 29577.28250 29177.35350 28775.77550 30060.20300 29660.27400 29258.69600 30544.44200 30144.51300 29742.93500 29178.87300 28777.66600 28374.83250 29661.79350 29260.58650 28857.75300 30146.03250 29744.82550 29341.99200
30058.88550 29658.95650 29257.37850 30543.61450 30143.68550 29742.10750 31029.63850 30629.70950 30228.13150 29660.47600 29259.26900 28856.43550 30145.20500 29743.99800 29341.16450 30631.22900 30230.02200 29827.18850 29260.78100 28858.32000 28454.25450 29745.51000 29343.04900 28938.98350 30231.53400 29829.07300 29425.00750
30143.89300 29742.68600 29339.85250 30630.40750 30229.20050 29826.36700 31118.19400 30716.98700 30314.15350 29744.19800 29341.73700 28937.67150 30230.71250 29828.25150 29424.18600 30718.49900 30316.03800 29911.97250 29343.24200 28939.54900 28534.27350 29829.75650 29426.06350 29020.78800 30317.54300 29913.85000 29508.57450
30229.40650 29826.94550 29422.88000 30717.68300 30315.22200 29911.15650 31207.20900 30804.74800 30400.68250 29828.45050 29424.75750 29019.48200 30316.72700 29913.03400 29507.75850 30806.25300 30402.56000 29997.28450 29426.25600 29021.35400 28614.89300 29914.53250 29509.63050 29103.16950 30404.05850 29999.15650 29592.69550
30315.42750 29911.73450 29506.45900 30805.44300 30401.75000 29996.47450 31296.68550 30892.99250 30487.71700 29913.23300 29508.33100 29101.87000 30403.24850 29998.34650 29591.88550 30894.49100 30489.58900 30083.12800 29509.82250 29103.73550 28696.11150 29999.83800 29593.75100 29186.12700 30491.08050 30084.99350 29677.36950
30401.95450 29997.05250 29590.59150 30893.68600 30488.78400 30082.32300 31386.62200 30981.72000 30575.25900 29998.54400 29592.45700 29184.83300 30490.27550 30084.18850 29676.56450 30983.21150 30577.12450 30169.50050 29593.94200 29186.69250 28777.93000 30085.67350 29678.42400 29269.66150 30578.60950 30171.36000 29762.59750
30488.98750 30082.90050 29675.27650 30982.41200 30576.32500 30168.70100 31477.01750 31070.93050 30663.30650 30084.38550 29677.13600 29268.37350 30577.81000 30170.56050 29761.79800 31072.41550 30665.16600 30256.40350 29678.61500 29270.22750 28860.34900 30172.03950 29763.65200 29353.77350 30666.64500 30258.25750 29848.37900
30576.52750 30169.27800 29760.51550 31071.62100 30664.37150 30255.60900 31567.87250 31160.62300 30751.86050 30170.75700 29762.36950 29352.49100 30665.85050 30257.46300 29847.58450 31162.10200 30753.71450 30343.83600 29763.84200 29354.33950 28943.36900 30258.93550 29849.43300 29438.46250 30755.18700 30345.68450 29934.71400
30664.57400 30256.18650 29846.30800 31161.31300 30752.92550 30343.04700 31659.18650 31250.79900 30840.92050 30257.65900 29848.15650 29437.18600 30754.39800 30344.89550 29933.92500 31252.27150 30842.76900 30431.79850 29849.62250 29439.02950 29026.99150 30346.36150 29935.76850 29523.73050 30844.23500 30433.64200 30021.60400
30753.12700 30343.62450 29932.65400 31251.48800 30841.98550 30431.01500 31750.96000 31341.45750 30930.48700 30345.09050 29934.49750 29522.45950 30843.45150 30432.85850 30020.82050 31342.92350 30932.33050 30520.29250 29935.95800 29524.29700 29111.21600 30434.31900 30022.65800 29609.57700 30933.79100 30522.13000 30109.04900
30842.18550 30431.59250 30019.55450 31342.14400 30931.55100 30519.51300 31843.19100 31432.59800 31020.56000 30433.05300 30021.39200 29608.31100 30933.01150 30521.35050 30108.26950 31434.05850 31022.39750 30609.31650 30022.84700 29610.14350 29196.04300 30522.80550 30110.10200 29696.00150 31023.85250 30611.14900 30197.04850
30931.75150 30520.09050 30107.00950 31433.28450 31021.62350 30608.54250 31935.88100 31524.22000 31111.13900 30521.54550 30108.84200 29694.74150 31023.07850 30610.37500 30196.27450 31525.67500 31112.97150 30698.87100        nan        nan        nan        nan        nan        nan        nan        nan        nan
