       nan        nan        nan        nan        nan        nan        nan        nan        nan  326.56141        nan        nan        nan        nan        nan        nan        nan        nan  326.59217  327.05047        nan        nan        nan        nan        nan        nan        nan
 326.52870        nan        nan  326.15687        nan        nan        nan        nan        nan  326.55945  327.01766        nan  326.18755  326.64472        nan        nan        nan        nan  326.62100  327.08319  327.46649  326.24896  326.71010  327.09252        nan        nan        nan
 326.49393  326.95196        nan  326.11667  326.57364        nan  325.80619  326.26229        nan  326.55546  327.01746  327.40061  326.17806  326.63899  327.02125  325.86746  326.32752  326.70905  326.64786  327.11586  327.50922  326.27025  326.73716  327.12961  325.95948  326.42550  326.81720
 326.45698  326.91870  327.30162  326.07151  326.53215  326.91416  325.74688  326.20659  326.58784  326.54933  327.01704  327.41017  326.16365  326.63025  327.02245  325.83883  326.30451  326.69592  326.67271  327.14840  327.55470  326.28673  326.76130  327.16663  325.96167  326.43529  326.83982
 326.41767  326.88501  327.27782  326.02128  326.48748  326.87933  325.67887  326.14409  326.53512  326.54095  327.01626  327.42223  326.14426  326.61841  327.02339  325.80159  326.27474  326.67887  326.69539  327.18067  327.60246  326.29832  326.78242  327.20319  325.95533  326.43841  326.85829
 326.37585  326.85068  327.25624  325.96590  326.43953  326.84407  325.60274  326.07532  326.47896  326.53014  327.01493  327.43629  326.11980  326.60337  327.02367  325.75630  326.23879  326.65816  326.71578  327.21249  327.65201  326.30497  326.80043  327.23884  325.94106  326.43541  326.87284
 326.33133  326.81553  327.23638  325.90534  326.38827  326.80803  325.51907  326.00086  326.41961  326.51675  327.01285  327.45183  326.09028  326.58508  327.02291  325.70356  326.19719  326.63399  326.73373  327.24363  327.70280  326.30669  326.81525  327.27323  325.91946  326.42682  326.88371
 326.28396  326.77935  327.21771  325.83967  326.33371  326.77088  325.42840  325.92120  326.35725  326.50063  327.00980  327.46832  326.05575  326.56354  327.02080  325.64394  326.15044  326.60654  326.74909  327.27387  327.75434  326.30353  326.82688  327.30604  325.89109  326.41311  326.89106
 326.23363  326.74196  327.19973  325.76900  326.27589  326.73235  325.33124  325.83676  326.29200  326.48167  327.00560  327.48528  326.01635  326.53877  327.01709  325.57792  326.09894  326.57596  326.76174  327.30298  327.80614  326.29562  326.83531  327.33703  325.85643  326.39468  326.89504
 326.18022  326.70317  327.18196  325.69347  326.21486  326.69222  325.22804  325.74794  326.22394  326.45977  327.00001  327.50223  325.97219  326.51081  327.01154  325.50596  326.04304  326.54233  326.77157  327.33074  327.85776  326.28306  326.84055  327.36600  325.81594  326.37184  326.89578
 326.12368  326.66281  327.16400  325.61324  326.15069  326.65030  325.11921  325.65502  326.15312  326.43485  326.99286  327.51880  325.92344  326.47970  327.00399  325.42846  325.98304  326.50573  326.77850  327.35694  327.90885  326.26601  326.84263  327.39281  325.77000  326.34486  326.89337
 326.06398  326.62072  327.14546  325.52851  326.08342  326.60644  325.00512  325.55825  326.07958  326.40684  326.98396  327.53462  325.87025  326.44548  326.99431  325.34576  325.91913  326.46620  326.78245  327.38139  327.95902  326.24462  326.84159  327.41732  325.71893  326.31397  326.88784
 326.00106  326.57675  327.12603  325.43942  326.01312  326.56050  324.88608  325.45783  326.00335  326.37574  326.97318  327.54937  325.81280  326.40818  326.98238  325.25819  325.85155  326.42379  326.78339  327.40392  328.00802  326.21904  326.83743  327.43944  325.66305  326.27934  326.87929
 325.93496  326.53079  327.10543  325.34615  325.93983  326.51238  324.76237  325.35392  325.92441  326.34151  326.96037  327.56283  325.75123  326.36785  326.96812  325.16600  325.78040  326.37852  326.78127  327.42440  328.05558  326.18939  326.83020  327.45909  325.60259  326.24109  326.86771
 325.86569  326.48274  327.08344  325.24887  325.86359  326.46201  324.63426  325.24666  325.84281  326.30416  326.94541  327.57475  325.68569  326.32451  326.95145  325.06942  325.70583  326.33040  326.77609  327.44272  328.10151  326.15583  326.81993  327.47621  325.53779  326.19937  326.85316
 325.79323  326.43247  327.05984  325.14772  325.78443  326.40930  324.50197  325.13615  325.75854  326.26368  326.92822  327.58494  325.61631  326.27821  326.93232  324.96870  325.62797  326.27947  326.76784  327.45875  328.14562  326.11846  326.80663  327.49077  325.46886  326.15428  326.83569
 325.71765  326.37996  327.03448  325.04283  325.70240  326.35421  324.36568  325.02250  325.67158  326.22011  326.90871  327.59328  325.54322  326.22896  326.91068  324.86398  325.54686  326.22573  326.75652  327.47242  328.18778  326.07740  326.79032  327.50270  325.39593  326.10588  326.81528
 325.63897  326.32511  327.00723  324.93435  325.61752  326.29669  324.22559  324.90579  325.58198  326.17346  326.88680  327.59961  325.46653  326.17678  326.88649  324.75545  325.46260  326.16920  326.74213  327.48366  328.22785  326.03274  326.77105  327.51200  325.31919  326.05426  326.79197
 325.55722  326.26787  326.97797  324.82238  325.52981  326.23671  324.08187  324.78608  325.48974  326.12374  326.86246  327.60383  325.38634  326.12172  326.85973  324.64326  325.37528  326.10991  326.72469  327.49241  328.26574  325.98458  326.74882  327.51863  325.23876  325.99951  326.76579
 325.47244  326.20821  326.94661  324.70702  325.43933  326.17425  323.93463  324.66346  325.39487  326.07099  326.83564  327.60586  325.30276  326.06380  326.83038  324.52753  325.28495  326.04787  326.70424  327.49863  328.30134  325.93302  326.72366  327.52258  325.15479  325.94166  326.73675
 325.38467  326.14610  326.91307  324.58838  325.34608  326.10929  323.78402  324.53797  325.29738  326.01525  326.80629  327.60561  325.21587  326.00304  326.79843  324.40840  325.19166  325.98309  326.68076  327.50227  328.33461  325.87812  326.69560  327.52384  325.06736  325.88077  326.70488
 325.29395  326.08150  326.87727  324.46657  325.25011  326.04182  323.63017  324.40967  325.19729  325.95652  326.77439  327.60303  325.12577  325.93947  326.76387  324.28597  325.09547  325.91560  326.65429  327.50330  328.36546  325.81998  326.66465  327.52240  324.97660  325.81690  326.67019
 325.20033  326.01440  326.83919  324.34165  325.15142  325.97184  323.47319  324.27863  325.09464  325.89486  326.73992  327.59806  325.03251  325.87310  326.72669  324.16035  324.99643  325.84543  326.62485  327.50171  328.39387  325.75864  326.63085  327.51826  324.88258  325.75010  326.63273
 325.10384  325.94481  326.79877  324.21371  325.05007  325.89935  323.31316  324.14487  324.98942  325.83029  326.70289  327.59069  324.93619  325.80399  326.68691  324.03162  324.89460  325.77259  326.59248  327.49749  328.41979  325.69419  326.59422  327.51144  324.78541  325.68042  326.59250
 325.00453  325.87271  326.75600  324.08284  324.94608  325.82435  323.15020  324.00848  324.88168  325.76286  326.66327  327.58087  324.83686  325.73216  326.64452  323.89988  324.79001  325.69710  326.55721  327.49062  328.44319  325.62669  326.55479  327.50192  324.68516  325.60788  326.54952
 324.90245  325.79810  326.71084  323.94909  324.83949  325.74686  322.98439  323.86949  324.77144  325.69260  326.62106  327.56858  324.73460  325.65761  326.59954  323.76523  324.68272  325.61901  326.51904  327.48110  328.46405  325.55619  326.51257  327.48971  324.58191  325.53257  326.50384
 324.79763  325.72099  326.66329  323.81254  324.73031  325.66687  322.81583  323.72794  324.65872  325.61954  326.57629  327.55380  324.62947  325.58040  326.55195  323.62772  324.57279  325.53833  326.47804  327.46894  328.48236  325.48275  326.46761  327.47483  324.47574  325.45450  326.45548
 324.69011  325.64140  326.61332  323.67327  324.61860  325.58441  322.64457  323.58390  324.54355  325.54371  326.52894  327.53654  324.52152  325.50056  326.50182  323.48744  324.46024  325.45510  326.43422  327.45413  328.49810  325.40644  326.41993  327.45731  324.36672  325.37373  326.40446
 324.57995  325.55934  326.56096  323.53133  324.50439  325.49952  322.47071  323.43739  324.42598  325.46519  326.47904  327.51679  324.41085  325.41813  326.44914  323.34446  324.34512  325.36934  326.38763  327.43669  328.51129  325.32731  326.36956  327.43715  324.25490  325.29028  326.35081
 324.46719  325.47483  326.50620  323.38680  324.38772  325.41220  322.29434  323.28850  324.30604  325.38398  326.42659  327.49455  324.29748  325.33313  326.39394  323.19887  324.22750  325.28110  326.33829  327.41664  328.52189  325.24542  326.31655  327.41437  324.14039  325.20424  326.29458
 324.35187  325.38787  326.44904  323.23972  324.26861  325.32248  322.11550  323.13724  324.18375  325.30013  326.37163  327.46982  324.18147  325.24560  326.33622  323.05071  324.10741  325.19040  326.28624  327.39399  328.52995  325.16080  326.26091  327.38900  324.02320  325.11562  326.23579
 324.23405  325.29852  326.38949  323.09016  324.14712  325.23038  321.93429  322.98369  324.05917  325.21369  326.31416  327.44262  324.06289  325.15558  326.27603  322.90007  323.98491  325.09729  326.23152  327.36876  328.53545  325.07352  326.20268  327.36106  323.90344  325.02448  326.17449
 324.11376  325.20679  326.32759  322.93820  324.02330  325.13594  321.75076  322.82788  323.93232  325.12470  326.25423  327.41297  323.94181  325.06311  326.21339  322.74699  323.86002  325.00179  326.17416  327.34097  328.53841  324.98363  326.14192  327.33059  323.78113  324.93085  326.11069
 323.99105  325.11270  326.26333  322.78387  323.89716  325.03919  321.56499  322.66987  323.80325  325.03319  326.19184  327.38087  323.81825  324.96823  326.14835  322.59156  323.73283  324.90397  326.11422  327.31063  328.53883  324.89120  326.07864  327.29759  323.65637  324.83479  326.04444
 323.86597  325.01629  326.19675  322.62725  323.76877  324.94017  321.37704  322.50971  323.67200  324.93923  326.12702  327.34634  323.69230  324.87098  326.08090  322.43384  323.60335  324.80383  326.05172  327.27779  328.53675  324.79626  326.01289  327.26211  323.52921  324.73635  325.97579
 323.73858  324.91759  326.12786  322.46839  323.63816  324.83890  321.18698  322.34745  323.53861  324.84285  326.05983  327.30941  323.56400  324.77140  326.01111  322.27388  323.47165  324.70144  325.98672  327.24248  328.53219  324.69887  325.94471  327.22418  323.39970  324.63557  325.90477
 323.60892  324.81665  326.05670  322.30737  323.50539  324.73543  320.99488  322.18314  323.40313  324.74410  325.99029  327.27012  323.43342  324.66955  325.93902  322.11176  323.33779  324.59684  325.91924  327.20472  328.52516  324.59908  325.87414  327.18385  323.26790  324.53250  325.83142
 323.47703  324.71350  325.98331  322.14421  323.37049  324.62980  320.80080  322.01686  323.26562  324.64301  325.91842  327.22848  323.30058  324.56545  325.86463  321.94753  323.20181  324.49008  325.84935  327.16454  328.51569  324.49695  325.80122  327.14111  323.13388  324.42720  325.75579
 323.34297  324.60817  325.90769  321.97901  323.23353  324.52205  320.60480  321.84862  323.12610  324.53965  325.84427  327.18452  323.16559  324.45916  325.78802  321.78126  323.06376  324.38118  325.77706  327.12197  328.50381  324.39253  325.72601  327.09605  322.99769  324.31970  325.67792
 323.20681  324.50072  325.82991  321.81180  323.09454  324.41221  320.40697  321.67851  322.98464  324.43406  325.76788  327.13828  323.02846  324.35073  325.70920  321.61301  322.92369  324.27021  325.70246  327.07708  328.48955  324.28587  325.64853  327.04867  322.85940  324.21008  325.59784
 323.06857  324.39117  325.74998  321.64266  322.95358  324.30035  320.20735  321.50657  322.84128  324.32629  325.68930  327.08978  322.88928  324.24021  325.62823  321.44285  322.78168  324.15722  325.62556  327.02987  328.47295  324.17703  325.56885  326.99904  322.71907  324.09837  325.51564
 322.92832  324.27958  325.66794  321.47163  322.81070  324.18649  320.00601  321.33287  322.69607  324.21639  325.60854  327.03908  322.74808  324.12763  325.54515  321.27083  322.63775  324.04224  325.54642  326.98039  328.45402  324.06607  325.48700  326.94717  322.57675  323.98462  325.43132
 322.78612  324.16599  325.58385  321.29879  322.66594  324.07069  319.80303  321.15746  322.54907  324.10442  325.52568  326.98620  322.60494  324.01305  325.46001  321.09703  322.49198  323.92535  325.46510  326.92870  328.43283  323.95304  325.40303  326.89313  322.43252  323.86891  325.34496
 322.64201  324.05045  325.49773  321.12419  322.51938  323.95299  319.59846  320.98039  322.40032  323.99042  325.44075  326.93119  322.45992  323.89655  325.37285  320.92149  322.34442  323.80657  325.38164  326.87482  328.40939  323.83799  325.31701  326.83696  322.28642  323.75127  325.25659
 322.49606  323.93301  325.40965  320.94791  322.37107  323.83346  319.39237  320.80174  322.24990  323.87445  325.35379  326.87409  322.31306  323.77815  325.28372  320.74430  322.19513  323.68598  325.29609  326.81880  328.38376  323.72100  325.22897  326.77870  322.13854  323.63176  325.16628
 322.34832  323.81373  325.31963  320.76998  322.22104  323.71213  319.18483  320.62155  322.09785  323.75657  325.26487  326.81494  322.16444  323.65791  325.19267  320.56551  322.04416  323.56362  325.20851  326.76070  328.35597  323.60211  325.13896  326.71840  321.98891  323.51045  325.07407
 322.19885  323.69264  325.22773  320.59049  322.06937  323.58907  318.97591  320.43989  321.94422  323.63682  325.17401  326.75379  322.01411  323.53589  325.09975  320.38520  321.89158  323.43955  325.11894  326.70055  328.32607  323.48137  325.04705  326.65611  321.83762  323.38738  324.98001
 322.04770  323.56980  325.13399  320.40950  321.91611  323.46432  318.76567  320.25683  321.78908  323.51527  325.08128  326.69068  321.86214  323.41214  325.00502  320.20341  321.73744  323.31382  325.02744  326.63841  328.29408  323.35886  324.95329  326.59188  321.68471  323.26263  324.88417
 321.89495  323.44527  325.03847  320.22706  321.76132  323.33794  318.55417  320.07240  321.63247  323.39197  324.98673  326.62566  321.70858  323.28673  324.90853  320.02022  321.58181  323.18649  324.93407  326.57432  328.26008  323.23463  324.85772  326.52577  321.53025  323.13623  324.78660
 321.74063  323.31910  324.94122  320.04325  321.60507  323.20999  318.34150  319.88671  321.47448  323.26699  324.89041  326.55878  321.55350  323.15972  324.81032  319.83570  321.42475  323.05763  324.83890  326.50835  328.22411  323.10876  324.76043  326.45782  321.37434  323.00828  324.68735
 321.58483  323.19136  324.84229  319.85812  321.44739  323.08051  318.12771  319.69979  321.31516  323.14039  324.79238  326.49011  321.39697  323.03114  324.71046  319.64992  321.26633  322.92730  324.74196  326.44054  328.18621  322.98127  324.66143  326.38807  321.21700  322.87881  324.58649
 321.42761  323.06209  324.74173  319.67176  321.28839  322.94958  317.91288  319.51173  321.15456  323.01221  324.69269  326.41967  321.23905  322.90109  324.60901  319.46293  321.10660  322.79554  324.64332  326.37094  328.14643  322.85226  324.56082  326.31662  321.05831  322.74789  324.48407
 321.26900  322.93135  324.63959  319.48420  321.12808  322.81725  317.69707  319.32257  320.99275  322.88251  324.59139  326.34753  321.07979  322.76959  324.50601  319.27482  320.94562  322.66242  324.54304  326.29961  328.10482  322.72177  324.45863  326.24348  320.89835  322.61558  324.38015
 321.10910  322.79921  324.53595  319.29554  320.96657  322.68359  317.48036  319.13239  320.82979  322.75138  324.48856  326.27374  320.91928  322.63674  324.40155  319.08564  320.78348  322.52802  324.44117  326.22661  328.06145  322.58990  324.35496  326.16874  320.73717  322.48196  324.27480
 320.94796  322.66573  324.43085  319.10583  320.80389  322.54865  317.26281  318.94125  320.66575  322.61888  324.38425  326.19837  320.75757  322.50258  324.29566  318.89547  320.62023  322.39237  324.33780  326.15199  328.01636  322.45667  324.24982  326.09245  320.57485  322.34707  324.16808
 320.78565  322.53097  324.32436  318.91516  320.64013  322.41249  317.04450  318.74924  320.50070  322.48505  324.27852  326.12147  320.59474  322.36719  324.18842  318.70439  320.45593  322.25557  324.23297  326.07583  327.96963  322.32218  324.14331  326.01467  320.41146  322.21101  324.06005
 320.62223  322.39498  324.21653  318.72357  320.47533  322.27519  316.82550  318.55640  320.33471  322.34997  324.17142  326.04310  320.43085  322.23061  324.07989  318.51245  320.29067  322.11768  324.12675  325.99816  327.92127  322.18648  324.03549  325.93545  320.24706  322.07382  323.95077
 320.45778  322.25785  324.10743  318.53115  320.30958  322.13681  316.60588  318.36282  320.16783  322.21370  324.06303  325.96331  320.26597  322.09294  323.97012  318.31973  320.12451  321.97874  324.01920  325.91907  327.87139  322.04964  323.92642  325.85487  320.08173  321.93557  323.84033
 320.29235  322.11962  323.99711  318.33797  320.14295  321.99740  316.38571  318.16856  320.00014  322.07632  323.95340  325.88218  320.10017  321.95423  323.85920  318.12631  319.95750  321.83885  323.91039  325.83859  327.82001  321.91174  323.81616  325.77298  319.91554  321.79634  323.72876
 320.12602  321.98038  323.88566  318.14408  319.97549  321.85705  316.16507  317.97369  319.83172  321.93788  323.84261  325.79975  319.93352  321.81453  323.74717  317.93225  319.78974  321.69806  323.80038  325.75682  327.76722  321.77283  323.70477  325.68985  319.74855  321.65619  323.61615
 319.95886  321.84017  323.77312  317.94959  319.80728  321.71581  315.94403  317.77829  319.66261  321.79846  323.73071  325.71611  319.76609  321.67394  323.63412  317.73763  319.62128  321.55644  323.68924  325.67381  327.71308  321.63300  323.59235  325.60556  319.58085  321.51521  323.50258
 319.79093  321.69908  323.65956  317.75454  319.63839  321.57376  315.72266  317.58243  319.49291  321.65813  323.61779  325.63132  319.59796  321.53252  323.52011  317.54252  319.45220  321.41407  323.57705  325.58961  327.65764  321.49231  323.47894  325.52016  319.41250  321.37343  323.38808
 319.62232  321.55718  323.54507  317.55902  319.46890  321.43097  315.50105  317.38618  319.32268  321.51695  323.50389  325.54542  319.42920  321.39033  323.40520  317.34699  319.28257  321.27101  323.46386  325.50430  327.60097  321.35083  323.36462  325.43372  319.24358  321.23096  323.27276
 319.45309  321.41452  323.42968  317.36309  319.29886  321.28750  315.27926  317.18961  319.15199  321.37501  323.38910  325.45851  319.25987  321.24745  323.28946  317.15114  319.11247  321.12734  323.34976  325.41796  327.54313  321.20864  323.24945  325.34630  319.07417  321.08787  323.15668
 319.28331  321.27119  323.31350  317.16684  319.12837  321.14344  315.05737  316.99281  318.98092  321.23237  323.27348  325.37065  319.09006  321.10396  323.17298  316.95502  318.94198  320.98314  323.23481  325.33065  327.48421  321.06580  323.13353  325.25800  318.90433  320.94422  323.03990
 319.11305  321.12724  323.19656  316.97034  318.95748  320.99885  314.83546  316.79585  318.80954  321.08908  323.15711  325.28189  318.91984  320.95992  323.05581  316.75871  318.77115  320.83846  323.11908  325.24244  327.42425  320.92241  323.01691  325.16886  318.73415  320.80009  322.92251
 318.94240  320.98278  323.07897  316.77366  318.78629  320.85380  314.61360  316.59879  318.63793  320.94526  323.04006  325.19232  318.74929  320.81542  322.93805  316.56230  318.60008  320.69340  323.00265  325.15340  327.36334  320.77853  322.89966  325.07898  318.56370  320.65554  322.80457
 318.77143  320.83785  322.96078  316.57689  318.61486  320.70838  314.39188  316.40173  318.46617  320.80096  322.92238  325.10201  318.57848  320.67051  322.81975  316.36585  318.42884  320.54802  322.88559  325.06359  327.30155  320.63424  322.78187  324.98841  318.39306  320.51068  322.68617
 318.60021  320.69254  322.84206  316.38009  318.44326  320.56264  314.17038  316.20473  318.29432  320.65625  322.80418  325.01103  318.40748  320.52529  322.70098  316.16946  318.25750  320.40242  322.76798  324.97311  327.23894  320.48960  322.66360  324.89723  318.22231  320.36556  322.56738
 318.42882  320.54691  322.72290  316.18335  318.27158  320.41668  313.94916  316.00789  318.12248  320.51122  322.68551  324.91945  318.23638  320.37982  322.58184  315.97319  318.08615  320.25665  322.64988  324.88202  327.17559  320.34470  322.54494  324.80552  318.05153  320.22028  322.44827
 318.25734  320.40106  322.60337  315.98675  318.09989  320.27057  313.72831  315.81125  317.95071  320.36593  322.56647  324.82735  318.06526  320.23420  322.46239  315.77713  317.91486  320.11078  322.53139  324.79039  327.11158  320.19963  322.42596  324.71337  317.88079  320.07489  322.32894
 318.08585  320.25506  322.48355  315.79036  317.92827  320.12438  313.50791  315.61493  317.77909  320.22049  322.44712  324.73482  317.89420  320.08848  322.34273  315.58135  317.74371  319.96494  322.41258  324.69831  327.04698  320.05445  322.30675  324.62082  317.71018  319.92949  322.20943
 317.91441  320.10898  322.36351  315.59426  317.75680  319.97821  313.28805  315.41899  317.60772  320.07494  322.32752  324.64190  317.72327  319.94276  322.22289  315.38594  317.57279  319.81915  322.29351  324.60585  326.98186  319.90924  322.18737  324.52799  317.53977  319.78416  322.08986
 317.74313  319.96290  322.24332  315.39855  317.58557  319.83211  313.06880  315.22352  317.43665  319.92938  322.20780  324.54871  317.55254  319.79712  322.10301  315.19098  317.40218  319.67354  322.17429  324.51308  326.91632  319.76411  322.06791  324.43494  317.36966  319.63897  321.97030
 317.57206  319.81691  322.12308  315.20328  317.41465  319.68619  312.85024  315.02860  317.26599  319.78389  322.08799  324.45531  317.38213  319.65162  321.98313  314.99656  317.23195  319.52817  322.05497  324.42010  326.85041  319.61911  321.94846  324.34174  317.19992  319.49402  321.85082
 317.40131  319.67107  322.00287  315.00857  317.24412  319.54052  312.63246  314.83429  317.09581  319.63855  321.96819  324.36177  317.21209  319.50637  321.86335  314.80275  317.06218  319.38311  321.93566  324.32697  326.78423  319.47433  321.82909  324.24850  317.03064  319.34938  321.73151
 317.23093  319.52548  321.88274  314.81446  317.07406  319.39516  312.41554  314.64071  316.92619  319.49344  321.84848  324.26818  317.04251  319.36143  321.74374  314.60964  316.89297  319.23847  321.81641  324.23378  326.71784  319.32986  321.70988  324.15527  316.86189  319.20513  321.61245
 317.06104  319.38022  321.76282  314.62107  316.90457  319.25023  312.19956  314.44792  316.75722  319.34865  321.72895  324.17463  316.87348  319.21689  321.62439  314.41731  316.72440  319.09431  321.69734  324.14063  326.65136  319.18577  321.59092  324.06215  316.69377  319.06137  321.49373
 316.89169  319.23537  321.64315  314.42846  316.73572  319.10579  311.98461  314.25600  316.58898  319.20425  321.60968  324.08120  316.70508  319.07285  321.50539  314.22585  316.55655  318.95073  321.57851  324.04758  326.58483  319.04217  321.47230  323.96922  316.52636  318.91816  321.37542
 316.72298  319.09102  321.52383  314.23673  316.56760  318.96194  311.77077  314.06506  316.42156  319.06034  321.49074  323.98795  316.53740  318.92938  321.38681  314.03534  316.38951  318.80781  321.46000  323.95471  326.51836  318.89913  321.35409  323.87659  316.35974  318.77562  321.25763
 316.55500  318.94724  321.40495  314.04596  316.40029  318.81875  311.55813  313.87517  316.25503  318.91699  321.37223  323.89501  316.37052  318.78656  321.26874  313.84587  316.22336  318.66564  321.34192  323.86213  326.45202  318.75673  321.23640  323.78430  316.19401  318.63381  321.14044
 316.38782  318.80413  321.28659  313.85623  316.23387  318.67632  311.34677  313.68640  316.08950  318.77430  321.25424  323.80243  316.20452  318.64449  321.15128  313.65752  316.05819  318.52430  321.22434  323.76990  326.38592  318.61507  321.11928  323.69248  316.02925  318.49282  321.02393
 316.22155  318.66177  321.16884  313.66764  316.06846  318.53473  311.13678  313.49887  315.92505  318.63235  321.13684  323.71032  316.03951  318.50325  321.03452  313.47040  315.89408  318.38389  321.10734  323.67813  326.32013  318.47423  321.00287  323.60119  315.86554  318.35276  320.90819
 316.05625  318.52025  321.05179  313.48026  315.90410  318.39407  310.92826  313.31264  315.76177  318.49122  321.02014  323.61874  315.87555  318.36293  320.91853  313.28456  315.73115  318.24450  320.99102  323.58690  326.25473  318.33430  320.88721  323.51053  315.70298  318.21370  320.79332
 315.89201  318.37966  320.93552  313.29418  315.74091  318.25442  310.72127  313.12783  315.59974  318.35102  320.90420  323.52780  315.71275  318.22362  320.80340  313.10012  315.56945  318.10620  320.87546  323.49629  326.18982  318.19536  320.77241  323.42059  315.54166  318.07573  320.67939
 315.72895  318.24008  320.82012  313.10950  315.57898  318.11588  310.51591  312.94448  315.43904  318.21181  320.78913  323.43759  315.55118  318.08541  320.68923  312.91715  315.40908  317.96909  320.76077  323.40640  326.12550  318.05752  320.65857  323.33147  315.38166  317.93895  320.56652
 315.56712  318.10160  320.70569  312.92630  315.41838  317.97854  310.31227  312.76272  315.27978  318.07371  320.67502  323.34820  315.39096  317.94840  320.57612  312.73576  315.25015  317.83328  320.64702  323.31732  326.06184  317.92087  320.54577  323.24325  315.22308  317.80344  320.45477
 315.40663  317.96433  320.59231  312.74468  315.25921  317.84249  310.11045  312.58263  315.12206  317.93679  320.56196  323.25971  315.23215  317.81266  320.46414  312.55603  315.09273  317.69884  320.53430  323.22914  325.99895  317.78547  320.43410  323.15601  315.06601  317.66931  320.34427
 315.24757  317.82834  320.48008  312.56473  315.10157  317.70783  309.91052  312.40430  314.96594  317.80115  320.45004  323.17223  315.07485  317.67830  320.35340  312.37803  314.93692  317.56587  320.42273  323.14196  325.93692  317.65146  320.32366  323.06988  314.91054  317.53664  320.23507
 315.09003  317.69373  320.36910  312.38652  314.94555  317.57463  309.71259  312.22782  314.81154  317.66689  320.33935  323.08584  314.91916  317.54540  320.24399  312.20189  314.78282  317.43446  320.31237  323.05586  325.87584  317.51889  320.21454  322.98492  314.75677  317.40552  320.12731
 314.93410  317.56059  320.25944  312.21016  314.79122  317.44300  309.51674  312.05328  314.65894  317.53408  320.22998  323.00063  314.76517  317.41407  320.13600  312.02768  314.63051  317.30471  320.20333  322.97095  325.81581  317.38788  320.10683  322.90124  314.60478  317.27606  320.02105
 314.77987  317.42902  320.15121  312.03574  314.63871  317.31305  309.32305  311.88078  314.50824  317.40283  320.12204  322.91672  314.61298  317.28440  320.02953  311.85550  314.48009  317.17672  320.09571  322.88731  325.75692  317.25853  320.00065  322.81896  314.45468  317.14834  319.91642
 314.62745  317.29911  320.04450  311.86335  314.48808  317.18484  309.13164  311.71040  314.35953  317.27324  320.01562  322.83419  314.46267  317.15647  319.92468  311.68543  314.33166  317.05057  319.98960  322.80506  325.69927  317.13091  319.89607  322.73813  314.30656  317.02247  319.81348
 314.47691  317.17095  319.93942  311.69309  314.33945  317.05849  308.94258  311.54225  314.21291  317.14539  319.91081  322.75313  314.31434  317.03039  319.82154  311.51759  314.18531  316.92637  319.88509  322.72427  325.64297  317.00513  319.79320  322.65888  314.16051  316.89854  319.71236
 314.32836  317.04466  319.83605  311.52504  314.19290  316.93409  308.75598  311.37642  314.06847  317.01939  319.80771  322.67366  314.16809  316.90626  319.72021  311.35205  314.04114  316.80422  319.78229  322.64506  325.58810  316.88129  319.69213  322.58131  314.01663  316.77665  319.61314
 314.18189  316.92030  319.73450  311.35932  314.04853  316.81174  308.57192  311.21300  313.92632  316.89533  319.70642  322.59586  314.02402  316.78417  319.62080  311.18892  313.89925  316.68421  319.68129  322.56751  325.53477  316.75949  319.59297  322.50551  313.87502  316.65690  319.51593
 314.03761  316.79800  319.63487  311.19600  313.90645  316.69154  308.39050  311.05209  313.78654  316.77332  319.60705  322.51984  313.88221  316.66422  319.52339  311.02830  313.75973  316.56645  319.58220  322.49175  325.48310  316.63983  319.49582  322.43159  313.73578  316.53938  319.42083
 313.89559  316.67784  319.53725  311.03518  313.76674  316.57358  308.21182  310.89379  313.64925  316.65344  319.50968  322.44571  313.74278  316.54652  319.42810  310.87028  313.62268  316.45103  319.48510  322.41786  325.43316  316.52239  319.40076  322.35964  313.59900  316.42421  319.32794
 313.75596  316.55993  319.44175  310.87698  313.62951  316.45798  308.03597  310.73820  313.51453  316.53580  319.41442  322.37355  313.60582  316.43116  319.33502  310.71495  313.48820  316.33806  319.39011  322.34594  325.38507  316.40730  319.30793  322.28978  313.46479  316.31147  319.23736
 313.61880  316.44437  319.34847  310.72148  313.49485  316.34483  307.86305  310.58541  313.38249  316.42051  319.32138  322.30348  313.47144  316.31824  319.24426  310.56243  313.35641  316.22764  319.29734  322.27610  325.33895  316.29465  319.21740  322.22211  313.33326  316.20128  319.14922
 313.48421  316.33125  319.25751  310.56878  313.36287  316.23422  307.69317  310.43553  313.25324  316.30766  319.23065  322.23561  313.33972  316.20787  319.15593  310.41281  313.22738  316.11987  319.20686  322.20846  325.29488  316.18453  319.12929  322.15673  313.20448  316.09374  319.06359
 313.35230  316.22068  319.16898  310.41899  313.23367  316.12628  307.52641  310.28865  313.12688  316.19733  319.14234  322.17002  313.21077  316.10015  319.07012  310.26618  313.10124  316.01486  319.11880  322.14310  325.25298  316.07706  319.04371  322.09375  313.07858  315.98896  318.98059
 313.22316  316.11277  319.08298  310.27218  313.10735  316.02109  307.36286  310.14487  313.00348  316.08968  319.05657  322.10685  313.08470  315.99519  318.98694  310.12264  312.97807  315.91270  319.03328  322.08014  325.21336  315.97234  318.96075  322.03328  312.95566  315.88701  318.90032
 313.09690  316.00762  318.99961  310.12849  312.98402  315.91876  307.20265  310.00432  312.88319  315.98477  318.97341  322.04618  312.96161  315.89307  318.90650  309.98233  312.85799  315.81352  318.95036  322.01969  325.17612  315.87047  318.88053  321.97542  312.83581  315.78804  318.82292
 312.97363  315.90532  318.91899  309.98800  312.86377  315.81941  307.04587  309.86705  312.76609  315.88271  318.89301  321.98815  312.84159  315.79393  318.82892  309.84530  312.74110  315.71741  318.87019  321.96187  325.14139  315.77156  318.80315  321.92029  312.71916  315.69215  318.74846
 312.85344  315.80601  318.84122  309.85082  312.74672  315.72314  306.89260  309.73322  312.65229  315.78363  318.81546  321.93284  312.72478  315.69787  318.75429  309.71169  312.62751  315.62449  318.79287  321.90676  325.10927  315.67572  318.72873  321.86800  312.60579  315.59942  318.67706
 312.73644  315.70976  318.76641  309.71705  312.63297  315.63005  306.74297  309.60290  312.54189  315.68761  318.74085  321.88036  312.61125  315.60498  318.68273  309.58159  312.51731  315.53484  318.71848  321.85449  325.07986  315.58305  318.65737  321.81867  312.49581  315.50998  318.60884
 312.62274  315.61670  318.69467  309.58680  312.52262  315.54026  306.59708  309.47620  312.43501  315.59477  318.66931  321.83085  312.50112  315.51539  318.61435  309.45512  312.41064  315.44862  318.64716  321.80517  325.05330  315.49368  318.58919  321.77240  312.38935  315.42395  318.54391
 312.51244  315.52693  318.62612  309.46017  312.41579  315.45387  306.45501  309.35323  312.33176  315.50522  318.60095  321.78441  312.39450  315.42920  318.54927  309.33236  312.30757  315.36590  318.57903  321.75891  325.02969  315.40770  318.52429  321.72931  312.28650  315.34141  318.48238
 312.40566  315.44057  318.56087  309.33727  312.31257  315.37099  306.31690  309.23411  312.23225  315.41908  318.53589  321.74114  312.29150  315.34651  318.48758  309.21345  312.20825  315.28681  318.51416  321.71584  325.00915  315.32522  318.46279  321.68950  312.18738  315.26251  318.42438
 312.30250  315.35772  318.49902  309.21820  312.21309  315.29175  306.18283  309.11893  312.13657  315.33643  318.47422  321.70117  312.19222  315.26745  318.42941  309.09847  312.11276  315.21145  318.45271  321.67606  324.99180  315.24637  318.40481  321.65312  312.09210  315.18734  318.37000
 312.20306  315.27850  318.44069  309.10309  312.11746  315.21625  306.05291  309.00780  312.04485  315.25742  318.41608  321.66462  312.09680  315.19213  318.37490  308.98755  312.02122  315.13995  318.39477  321.63968  324.97775  315.17125  318.35047  321.62027  312.00075  315.11601  318.31937
 312.10748  315.20302  318.38601  308.99202  312.02578  315.14460  305.92726  308.90084  311.95720  315.18214  318.36157  321.63160  312.00531  315.12066  318.32412  308.88078  311.93374  315.07241  318.34045  321.60684  324.96715  315.09997  318.29986  321.59106  311.91347  315.04865  318.27261
 312.01583  315.13140  318.33507  308.88512  311.93817  315.07692  305.80598  308.79817  311.87374  315.11070  318.31081  321.60224  311.91789  315.05316  318.27722  308.77830  311.85045  315.00897  318.28989  321.57765  324.96008  315.03266  318.25313  321.56563  311.83037  314.98538  318.22985
 311.92826  315.06373  318.28801  308.78249  311.85473  315.01333  305.68917  308.69987  311.79457  315.04324  318.26392  321.57665  311.83465  314.98974  318.23430  308.68019  311.77146  314.94973  318.24318  321.55222  324.95669  314.96942  318.21038  321.54409  311.75155  314.92630  318.19119
 311.84487  315.00017  318.24495  308.68426  311.77560  314.95396  305.57697  308.60609  311.71982  314.97985  318.22103  321.55496  311.75570  314.93053  318.19551  308.58658  311.69687  314.89481  318.20048  321.53070  324.95710  314.91040  318.17175  321.52657  311.67715  314.87154  318.15677
 311.76577  314.94081  318.20601  308.59051  311.70088  314.89890  305.46945  308.51692  311.64961  314.92068  318.18225  321.53729  311.68116  314.87563  318.16094  308.49760  311.62682  314.84434  318.16186  321.51319  324.96144  314.85567  318.13734  321.51319  311.60726  314.82123  318.12669
 311.69109  314.88577  318.17129  308.50140  311.63070  314.84830  305.36677  308.43248  311.58405  314.86581  318.14769  321.52376  311.61114  314.82519  318.13074  308.41333  311.56141  314.79843  318.12749  321.49981  324.96983  314.80540  318.10729  321.50408  311.54203  314.77547  318.10110
 311.62093  314.83517  318.14093  308.41700  311.56515  314.80225  305.26900  308.35290  311.52325  314.81538  318.11749  321.51449  311.54577  314.77929  318.10501  308.33392  311.50077  314.75721  318.09745  321.49070  324.98239  314.75967  318.08171  321.49935  311.48156  314.73440  318.08011
 311.55542  314.78914  318.11506  308.33746  311.50439  314.76090  305.17628  308.27828  311.46734  314.76952  318.09177  321.50963  311.48518  314.73810  318.08389  308.25946  311.44501  314.72079  318.07190  321.48599  324.99927  314.71865  318.06075  321.49917  311.42597  314.69814  318.06386
 311.49469  314.74781  318.09381  308.26289  311.44851  314.72436  305.08873  308.20876  311.41646  314.72836  318.07066  321.50930  311.42947  314.70171  318.06750  308.19011  311.39428  314.68933  318.05096  321.48580  325.02061  314.68242  318.04450  321.50363  311.37539  314.66682  318.05247
 311.43885  314.71128  318.07729  308.19341  311.39765  314.69277  305.00646  308.14444  311.37071  314.69200  318.05429  321.51362  311.37876  314.67026  318.05598  308.12595  311.34867  314.66292  318.03474  321.49027  325.04651  314.65112  318.03313  321.51288  311.32994  314.64055  318.04606
 311.38801  314.67970  318.06563  308.12913  311.35192  314.66624  304.92958  308.08545  311.33023  314.66056  318.04277  321.52274  311.33319  314.64387  318.04946  308.06711  311.30833  314.64171  318.02338  321.49952  325.07713  314.62489  318.02674  321.52706  311.28975  314.61948  318.04479
 311.34231  314.65318  318.05897  308.07018  311.31147  314.64491  304.85822  308.03192  311.29514  314.63420  318.03625  321.53678  311.29289  314.62268  318.04807  308.01373  311.27337  314.62583  318.01701  321.51370  325.11261  314.60385  318.02548  321.54629  311.25495  314.60373  318.04877
 311.30188  314.63186  318.05745  308.01669  311.27639  314.62891  304.79251  307.98397  311.26557  314.61303  318.03486  321.55588  311.25796  314.60681  318.05192  307.96593  311.24394  314.61541  318.01577  321.53294  325.15307  314.58813  318.02947  321.57072  311.22566  314.59344  318.05816
 311.26683  314.61587  318.06118  307.96877  311.24684  314.61836  304.73255  307.94173  311.24165  314.59718  318.03873  321.58018  311.22855  314.59640  318.06118  307.92383  311.22016  314.61057  318.01978  321.55736  325.19867  314.57786  318.03886  321.60047  311.20201  314.58873  318.07307
 311.23730  314.60533  318.07031  307.92656  311.22294  314.61342  304.67848  307.90533  311.22352  314.58679  318.04798  321.60981  311.20479  314.59157  318.07598  307.88757  311.20214  314.61146  318.02918  321.58711  325.24953  314.57317  318.05378  321.63571  311.18414  314.58974  318.09365
 311.21342  314.60039  318.08499  307.89018  311.20481  314.61419  304.63043  307.87488  311.21129  314.58199  318.06278  321.64492  311.18681  314.59247  318.09643  307.85726  311.19004  314.61821  318.04412  321.62235  325.30582  314.57420  318.07436  321.67655  311.17217  314.59661  318.12003
 311.19531  314.60116  318.10532  307.85976  311.19260  314.62083  304.58852  307.85053  311.20512  314.58290  318.08325  321.68564  311.17473  314.59923  318.12270  307.83304  311.18399  314.63096  318.06471  321.66319  325.36766  314.58110  318.10075  321.72316  311.16625  314.60948  318.15237
 311.18312  314.60781  318.13147  307.83544  311.18644  314.63347  304.55287  307.83240  311.20512  314.58968  318.10952  321.73213  311.16870  314.61199  318.15494  307.81505  311.18411  314.64985  318.09112  321.70979  325.43522  314.59399  318.13309  321.77568  311.16650  314.62848  318.19080
 311.17698  314.62045  318.16359  307.81734  311.18646  314.65225  304.52363  307.82065  311.21146  314.60245  318.14174  321.78452  311.16885  314.63088  318.19326  307.80342  311.19056  314.67502  318.12347  321.76231  325.50864  314.61301  318.17153  321.83424  311.17308  314.65378  318.23548
 311.17702  314.63923  318.20180  307.80561  311.19280  314.67732  304.50093  307.81539  311.22426  314.62136  318.18007  321.84298  311.17532  314.65607  318.23783  307.79828  311.20348  314.70663  318.16192  321.82087  325.58808  314.63832  318.21621  321.89902  311.18611  314.68549  318.28656
 311.18338  314.66431  318.24626  307.80037  311.20561  314.70881  304.48488  307.81676  311.24366  314.64656  318.22464  321.90765  311.18825  314.68767  318.28880  307.79977  311.22298  314.74480  318.20662  321.88564  325.67368  314.67005  318.26728  321.97015  311.20574  314.72376  318.34417
 311.19619  314.69580  318.29711  307.80177  311.22502  314.74689  304.47564  307.82491  311.26982  314.67817  318.27559  321.97865  311.20778  314.72585  318.34630  307.80805  311.24924  314.78970  318.25768  321.95675  325.76559  314.70834  318.32489  322.04778  311.23212  314.76876  318.40847
 311.21563  314.73387  318.35451  307.80994  311.25118  314.79168  304.47335  307.83998  311.30287  314.71636  318.33310  322.05618  311.23406  314.77075  318.41049  307.82323  311.28239  314.84146  318.31531  322.03439  325.86400  314.75335  318.38919  322.13209  311.26539  314.82063  318.47962
 311.24180  314.77866  318.41860  307.82503  311.28424  314.84334  304.47813  307.86211  311.34296  314.76127  318.39729  322.14038  311.26723  314.82251  318.48155  307.84547  311.32259  314.90025  318.37961  322.11868  325.96904  314.80523  318.46033  322.22322  311.30569  314.87951  318.55777
 311.27487  314.83033  318.48954  307.84718  311.32434  314.90204  304.49014  307.89146  311.39025  314.81304  318.46833  322.23141  311.30743  314.88130  318.55960  307.87492  311.36998  314.96622  318.45077  322.20980  326.08089  314.86413  318.53848  322.32134  311.35318  314.94558  318.64309
 311.31497  314.88901  318.56749  307.87653  311.37162  314.96791  304.50951  307.92815  311.44488  314.87184  318.54637  322.32942  311.35483  314.94726  318.64481  307.91173  311.42470  315.03952  318.52892  322.30791  326.19972  314.93020  318.62379  322.42661  311.40801  315.01898  318.73573
 311.36227  314.95488  318.65261  307.91325  311.42626  315.04112  304.53640  307.97235  311.50702  314.93782  318.63159  322.43459  311.40958  315.02057  318.73737  307.95603  311.48693  315.12032  318.61423  322.41317  326.32567  315.00360  318.71643  322.53919  311.47034  315.09986  318.83585
 311.41692  315.02809  318.74506  307.95746  311.48839  315.12182  304.57095  308.02422  311.57682  315.01112  318.72412  322.54707  311.47180  315.10136  318.83739  308.00799  311.55681  315.20877  318.70687  322.52574  326.45894  315.08450  318.81655  322.65926  311.54032  315.18840  318.94364
 311.47905  315.10878  318.84499  308.00934  311.55819  315.21018  304.61330  308.08389  311.65442  315.09192  318.82415  322.66704  311.54170  315.18982  318.94508  308.06777  311.63451  315.30504  318.80698  322.64579  326.59970  315.17304  318.92432  322.78699  311.61811  315.28475  319.05924
 311.54886  315.19714  318.95258  308.06903  311.63580  315.30636  304.66364  308.15154  311.74002  315.18036  318.93182  322.79467  311.61940  315.28607  319.06060  308.13551  311.72018  315.40931  318.91476  322.77350  326.74811  315.26940  319.03991  322.92255  311.70388  315.38910  319.18285
 311.62647  315.29331  319.06800  308.13668  311.72138  315.41053  304.72207  308.22731  311.83375  315.27663  319.04732  322.93013  311.70508  315.39032  319.18410  308.21138  311.81399  315.52172  319.03035  322.90904  326.90436  315.37374  319.16350  323.06610  311.79779  315.50158  319.31462
 311.71206  315.39747  319.19142  308.21247  311.81511  315.52287  304.78880  308.31139  311.93580  315.38089  319.17081  323.07360  311.79891  315.50273  319.31579  308.29554  311.91612  315.64247  319.15394  323.05259  327.06862  315.48624  319.29526  323.21785  311.90000  315.62241  319.45473
 311.80580  315.50979  319.32302  308.29655  311.91714  315.64352  304.86395  308.40391  312.04633  315.49330  319.30249  323.22526  311.90103  315.62346  319.45581  308.38816  312.02672  315.77171  319.28570  323.20431  327.24110  315.60705  319.43535  323.37796  312.01069  315.75172  319.60337
 311.90784  315.63043  319.46295  308.38909  312.02767  315.77268  304.94771  308.50508  312.16550  315.61403  319.44249  323.38528  312.01164  315.75269  319.60437  308.48940  312.14597  315.90964  319.42579  323.36441  327.42195  315.73637  319.58398  323.54662  312.13002  315.88972  319.76072
 312.01836  315.75958  319.61142  308.49025  312.14684  315.91053  305.04024  308.61503  312.29353  315.74326  319.59104  323.55385  312.13089  315.89061  319.76163  308.59944  312.27406  316.05642  319.57441  323.53305  327.61139  315.87436  319.74131  323.72403  312.25819  316.03657  319.92697
 312.13754  315.89742  319.76861  308.60020  312.27484  316.05723  305.14170  308.73396  312.43055  315.88117  319.74829  323.73119  312.25897  316.03738  319.92780  308.71845  312.41115  316.21227  319.73175  323.71045  327.80962  316.02122  319.90754  323.91038  312.39536  316.19248  320.10231
 312.26554  316.04410  319.93469  308.71914  312.41186  316.21299  305.25227  308.86203  312.57676  316.02795  319.91444  323.91744  312.39607  316.19321  320.10306  308.84660  312.55743  316.37734  319.89797  323.89676  328.01680  316.17712  320.08286  324.10585  312.54171  316.35761  320.28692
 312.40255  316.19985  320.10987  308.84722  312.55806  316.37799  305.37212  308.99944  312.73236  316.18376  320.08967  324.11283  312.54234  316.35826  320.28759  308.98408  312.71308  316.55183  320.07328  324.09221  328.23318  316.34225  320.26746  324.31065  312.69743  316.53216  320.48101
 312.54875  316.36483  320.29432  308.98462  312.71364  316.55240  305.50143  309.14635  312.89751  316.34881  320.27419  324.31755  312.69799  316.53274  320.48160  309.13106  312.87829  316.73595  320.25787  324.29699  328.45893  316.51680  320.46153  324.52498  312.86272  316.71634  320.68478
 312.70433  316.53923  320.48826  309.13153  312.87877  316.73644  305.64038  309.30297  313.07243  316.52329  320.46819  324.53181  312.86320  316.71683  320.68529  309.28775  313.05327  316.92989  320.45193  324.51130  328.69427  316.70096  320.66526  324.74904  313.03776  316.91033  320.89843
 312.86947  316.72326  320.69187  309.28814  313.05368  316.93030  305.78916  309.46947  313.25730  316.70738  320.67185  324.75580  313.03817  316.91075  320.89886  309.45432  313.23819  317.13384  320.65566  324.73534  328.93940  316.89494  320.87889  324.98306  313.22275  317.11434  321.12217
 313.04437  316.91710  320.90537  309.45465  313.23853  317.13419  305.94796  309.64606  313.45233  316.90129  320.88540  324.98974  313.22309  317.11468  321.12252  309.63096  313.43327  317.34802  320.86928  324.96933  329.19456  317.09894  321.10260  325.22723  313.41789  317.32857  321.35621
 313.22922  317.12097  321.12897  309.63122  313.43354  317.34829  306.11695  309.83293  313.65771  317.10523  321.10904  325.23385  313.41816  317.32884  321.35648  309.81790  313.63870  317.57264  321.09299  325.21349  329.45995  317.31315  321.33661  325.48179  313.62338  317.55323  321.60076
 313.42422  317.33506  321.36286  309.81809  313.63890  317.57284  306.29636  310.03027  313.87366  317.31937  321.34299  325.48833  313.62358  317.55343  321.60096  310.01530  313.85470  317.80790  321.32698  325.46801  329.73580  317.53780  321.58112  325.74694  313.83943  317.78853  321.85604
 313.62958  317.55958  321.60727  310.01543  313.85483  317.80804  306.48636  310.23832  314.10039  317.54395  321.58743  325.75341  313.83957  317.78867  321.85618  310.22340  314.08146  318.05404  321.57149  325.73314  330.02234  317.77310  321.83639  326.02293  314.06626  318.03471  322.12230
 313.84550  317.79475  321.86242  310.22346  314.08152  318.05410  306.68717  310.45724  314.33810  317.77919  321.84263  326.02933  314.06632  318.03477  322.12236  310.44238  314.31922  318.31125  321.82675  326.00910  330.31981  318.01926  322.10261  326.30997  314.30407  318.29197  322.39973
 314.07220  318.04080  322.12854  310.44238  314.31922  318.31125  306.89899  310.68729  314.58703  318.02529  322.10879  326.31631  314.30407  318.29197  322.39973  310.67249  314.56820  318.57980  322.09295  326.29612  330.62845  318.27650  322.38002  326.60831  314.55309  318.56055  322.68861
 314.30988  318.29794  322.40585  310.67243  314.56813  318.57974  307.12204  310.92867  314.84741  318.28247  322.38614  326.61459  314.55303  318.56048  322.68854  310.91392  314.82861  318.85989  322.37035  326.59443  330.94849  318.54506  322.66885  326.91820  314.81355  318.84067  322.98914
 314.55878  318.56639  322.69459  310.91379  314.82848  318.85976  307.35653  311.18160  315.11945  318.55097  322.67491  326.92441  314.81342  318.84054  322.98900  311.16689  315.10068  319.15177  322.65917  326.90427  331.28017  318.82517  322.96934  327.23985  315.08567  319.13258  323.30157
 314.81912  318.84639  322.99501  311.16671  315.10049  319.15158  307.60269  311.44632  315.40340  318.83102  322.97535  327.24601  315.08548  319.13239  323.30137  311.43165  315.38466  319.45567  322.95965  327.22591  331.62379  319.11706  323.28175  327.57356  315.36969  319.43651  323.62617
 315.09113  319.13818  323.30731  311.43141  315.38441  319.45542  307.86073  311.72304  315.69948  319.12285  323.28769  327.57966  315.36944  319.43626  323.62591  311.70842  315.68077  319.77186  323.27203  327.55957  331.97955  319.42097  323.60630  327.91954  315.66584  319.75272  323.96317
 315.37503  319.44200  323.63180  311.70812  315.68047  319.77154  308.13089  312.01202  316.00796  319.42671  323.61220  327.92559  315.66553  319.75240  323.96285  311.99743  315.98927  320.10056  323.59658  327.90553  332.34776  319.73716  323.94327  328.27809  315.97438  320.08144  324.31285
 315.67108  319.75809  323.96869  311.99708  315.98891  320.10019  308.41342  312.31350  316.32908  319.74284  323.94911  328.28408  315.97402  320.08108  324.31247  312.29895  316.31042  320.44206  323.93353  328.26404  332.72867  320.06586  324.29291  328.64945  316.29556  320.42297  324.67547
 315.97952  320.08672  324.31826  312.29854  316.31000  320.44163  308.70854  312.62772  316.66311  320.07150  324.29870  328.65539  316.29514  320.42254  324.67502  312.61321  316.64446  320.79661  324.28315  328.63537  333.12255  320.40735  324.65548  329.03391  316.62963  320.77753  325.05130
 316.30059  320.42813  324.68077  312.61275  316.64398  320.79612  309.01651  312.95494  317.01027  320.41295  324.66123  329.03981  316.62916  320.77704  325.05080  312.94046  316.99164  321.16447  324.64571  329.01980  333.52970  320.76189  325.03127  329.43176  316.97685  321.14540  325.44061
 316.63456  320.78259  325.05650  312.93995  316.99113  321.16394  309.33757  313.29542  317.37088  320.76744  325.03697  329.43761  316.97633  321.14487  325.44007  313.28097  317.35226  321.54594  325.02148  329.41761  333.95040  321.12976  325.42054  329.84327  317.33750  321.52688  325.84370
 316.98169  321.15037  325.44571  313.28042  317.35169  321.54536  309.67200  313.64943  317.74519  321.13525  325.42619  329.84907  317.33693  321.52630  325.84310  313.63501  317.72658  321.94129  325.41072  329.82908  334.38494  321.51120  325.82359  330.26873  317.71183  321.92224  326.26086
 317.34225  321.53176  325.84871  313.63441  317.72596  321.94065  310.02006  314.01725  318.13348  321.51666  325.82920  330.27450  317.71122  321.92161  326.26021  314.00285  318.11489  322.35081  325.81376  330.25451  334.83364  321.90653  326.24070  330.70846  318.10016  322.33177  326.69238
 317.71650  321.92703  326.26577  314.00219  318.11421  322.35012  310.38200  314.39915  318.53605  321.91195  326.24627  330.71418  318.09949  322.33108  326.69168  314.38477  318.51746  322.77480        nan        nan        nan        nan        nan        nan        nan        nan        nan
