       nan        nan        nan        nan        nan        nan        nan        nan        nan 25941.36250        nan        nan        nan        nan        nan        nan        nan        nan 25938.57700 25895.89850        nan        nan        nan        nan        nan        nan        nan
25944.43050        nan        nan 25979.34400        nan        nan        nan        nan        nan 25941.64500 25898.96650        nan 25976.55850 25933.88000        nan        nan        nan        nan 25936.07050 25893.05750 25857.30700 25970.98400 25927.97100 25892.22050        nan        nan        nan
25947.79000 25905.11150        nan 25983.22150 25940.54300        nan 26012.44300 25969.76450        nan 25942.21550 25899.20250 25863.45200 25977.64700 25934.63400 25898.88350 26006.86850 25963.85550 25928.10500 25933.84800 25890.33200 25853.71750 25969.27950 25925.76350 25889.14900 25998.50100 25954.98500 25918.37050
25951.45300 25908.44000 25872.68950 25987.66450 25944.65150 25908.90100 26018.22800 25975.21500 25939.46450 25943.08550 25899.56950 25862.95500 25979.29700 25935.78100 25899.16650 26009.86050 25966.34450 25929.73000 25931.91600 25887.73050 25850.00150 25968.12750 25923.94200 25886.21300 25998.69100 25954.50550 25916.77650
25955.43700 25911.92100 25875.30650 25992.68550 25949.16950 25912.55500 26024.93400 25981.41800 25944.80350 25944.26750 25900.08200 25862.35300 25981.51600 25937.33050 25899.60150 26013.76450 25969.57900 25931.85000 25930.28800 25885.26700 25846.19850 25967.53650 25922.51550 25883.44700 25999.78500 25954.76400 25915.69550
25959.75850 25915.57300 25877.84400 25998.29250 25954.10700 25916.37800 26032.50900 25988.32350 25950.59450 25945.77900 25900.75800 25861.68950 25984.31300 25939.29200 25900.22350 26018.52950 25973.50850 25934.44000 25928.97750 25882.95950 25842.35450 25967.51150 25921.49350 25880.88850 26001.72800 25955.71000 25915.10500
25964.43600 25919.41500 25880.34650 26004.49050 25959.46950 25920.40100 26040.90100 25995.88000 25956.81150 25947.63450 25901.61650 25861.01150 25987.68900 25941.67100 25901.06600 26024.09950 25978.08150 25937.47650 25928.00000 25880.82900 25838.51650 25968.05450 25920.88350 25878.57100 26004.46500 25957.29400 25914.98150
25969.48500 25923.46700 25882.86200 26011.27450 25965.25650 25924.65150 26050.06000 26004.04200 25963.43700 25949.85050 25902.67950 25860.36700 25991.64000 25944.46900 25902.15650 26030.42550 25983.25450 25940.94200 25927.37150 25878.89900 25834.72950 25969.16100 25920.68850 25876.51900 26007.94650 25959.47400 25915.30450
25974.91800 25927.74700 25885.43450 26018.63600 25971.46500 25929.15250 26059.94150 26012.77050 25970.45800 25952.43900 25903.96650 25859.79700 25996.15700 25947.68450 25903.51500 26037.46250 25988.99000 25944.82050 25927.10350 25877.18900 25831.03750 25970.82150 25920.90700 25874.75550 26012.12700 25962.21250 25916.06100
25980.74700 25932.27450 25888.10500 26026.56500 25978.09250 25933.92300 26070.50500 26022.03250 25977.86300 25955.41150 25905.49700 25859.34550 26001.22950 25951.31500 25905.16350 26045.16950 25995.25500 25949.10350 25927.20800 25875.72100 25827.47950 25973.02600 25921.53900 25873.29750 26016.96600 25965.47900 25917.23750
25986.97850 25937.06400 25890.91250 26035.04700 25985.13250 25938.98100 26081.71400 26031.79950 25985.64800 25958.77500 25907.28800 25859.04650 26006.84350 25955.35650 25907.11500 26053.51050 26002.02350 25953.78200 25927.69350 25874.51350 25824.08950 25975.76200 25922.58200 25872.15800 26022.42900 25969.24900 25918.82500
25993.61900 25942.13200 25893.89050 26044.06650 25992.57950 25944.33800 26093.53700 26042.05000 25993.80850 25962.53750 25909.35750 25858.93350 26012.98500 25959.80500 25909.38100 26062.45550 26009.27550 25958.85150 25928.56800 25873.58450 25820.89950 25979.01550 25924.03200 25871.34700 26028.48600 25973.50250 25920.81750
26000.67150 25947.49150 25897.06750 26053.61050 26000.43050 25950.00650 26105.94500 26052.76500 26002.34100 25966.70200 25911.71850 25859.03350 26019.64100 25964.65750 25911.97250 26071.97550 26016.99200 25964.30700 25929.83550 25872.94800 25817.93500 25982.77450 25925.88700 25870.87400 26035.10900 25978.22150 25923.20850
26008.13700 25953.15350 25900.46850 26063.66350 26008.68000 25955.99500 26118.91400 26063.93050 26011.24550 25971.27050 25914.38300 25859.37000 26026.79700 25969.90950 25914.89650 26082.04750 26025.16000 25970.14700 25931.50000 25872.61800 25815.21900 25987.02650 25928.14450 25870.74550 26042.27700 25983.39500 25925.99600
26016.01450 25959.12700 25904.11400 26074.21150 26017.32400 25962.31100 26132.42050 26075.53300 26020.52000 25976.24400 25917.36200 25859.96300 26034.44100 25975.55900 25918.16000 26092.65000 26033.76800 25976.36900 25933.56250 25872.60300 25812.76850 25991.75950 25930.80000 25870.96550 26049.96850 25989.00900 25929.17450
26024.30550 25965.42350 25908.02450 26085.24250 26026.36050 25968.96150 26146.44450 26087.56250 26030.16350 25981.62400 25920.66450 25860.83000 26042.56100 25981.60150 25921.76700 26103.76300 26042.80350 25982.96900 25936.02550 25872.91600 25810.60200 25996.96250 25933.85300 25871.53900 26058.16450 25995.05500 25932.74100
26033.00600 25972.04650 25912.21200 26096.74450 26035.78500 25975.95050 26160.97050 26100.01100 26040.17650 25987.40750 25924.29800 25861.98400 26051.14600 25988.03650 25925.72250 26115.37200 26052.26250 25989.94850 25938.88850 25873.56200 25808.73100 26002.62700 25937.30050 25872.46950 26066.85300 26001.52650 25936.69550
26042.11400 25979.00450 25916.69050 26108.70600 26045.59650 25983.28250 26175.98100 26112.87150 26050.55750 25993.59500 25928.26850 25863.43750 26060.18700 25994.86050 25930.02950 26127.46200 26062.13550 25997.30450 25942.15050 25874.54800 25807.16750 26008.74250 25941.14000 25873.75950 26076.01750 26008.41500 25941.03450
26051.62800 25986.30150 25921.47050 26121.11800 26055.79150 25990.96050 26191.46250 26126.13600 26061.30500 26000.18350 25932.58100 25865.20050 26069.67350 26002.07100 25934.69050 26140.01800 26072.41550 26005.03500 25945.81100 25875.88000 25805.92100 26015.30100 25945.37000 25875.41100 26085.64550 26015.71450 25945.75550
26061.54350 25993.94100 25926.56050 26133.96950 26066.36700 25998.98650 26207.40200 26139.79950 26072.41900 26007.17100 25937.24000 25867.28100 26079.59700 26009.66600 25939.70700 26153.02950 26083.09850 26013.13950 25949.86850 25877.56150 25804.99850 26022.29450 25949.98750 25877.42450 26095.72700 26023.42000 25950.85700
26071.85850 26001.92750 25931.96850 26147.25300 26077.32200 26007.36300 26223.78850 26153.85750 26083.89850 26014.55600 25942.24900 25869.68600 26089.95050 26017.64350 25945.08050 26166.48600 26094.17900 26021.61600 25954.32200 25879.59650 25804.40800 26029.71650 25954.99100 25879.80250 26106.25200 26031.52650 25956.33800
26082.57000 26010.26300 25937.70000 26160.96000 26088.65300 26016.09000 26240.61150 26168.30450 26095.74150 26022.33600 25947.61050 25872.42200 26100.72600 26026.00050 25950.81200 26180.37750 26105.65200 26030.46350 25959.16900 25881.98750 25804.15300 26037.55900 25960.37750 25882.54300 26117.21050 26040.02900 25962.19450
26093.67400 26018.94850 25943.76000 26175.08400 26100.35850 26025.17000 26257.86100 26183.13550 26107.94700 26030.50700 25953.32550 25875.49100 26111.91700 26034.73550 25956.90100 26194.69400 26117.51250 26039.67800 25964.40700 25884.73550 25804.23900 26045.81700 25966.14550 25885.64900 26128.59400 26048.92250 25968.42600
26105.16650 26027.98500 25950.15050 26189.61650 26112.43500 26034.60050 26275.52850 26198.34700 26120.51250 26039.06650 25959.39500 25878.89850 26123.51650 26043.84500 25963.34850 26209.42850 26129.75700 26049.26050 25970.03400 25887.84250 25804.66800 26054.48400 25972.29250 25889.11800 26140.39600 26058.20450 25975.03000
26117.04450 26037.37300 25956.87650 26204.55150 26124.88000 26044.38350 26293.60550 26213.93400 26133.43750 26048.01200 25965.82050 25882.64600 26135.51900 26053.32750 25970.15300 26224.57300 26142.38150 26059.20700 25976.04750 25891.30900 25805.44350 26063.55450 25978.81600 25892.95050 26152.60850 26067.87000 25982.00450
26129.30500 26047.11350 25963.93900 26219.88350 26137.69200 26054.51750 26312.08400 26229.89250 26146.71800 26057.34050 25972.60200 25886.73650 26147.91900 26063.18050 25977.31500 26240.11950 26155.38100 26069.51550 25982.44450 25895.13550 25806.56700 26073.02300 25985.71400 25897.14550 26165.22350 26077.91450 25989.34600
26141.94350 26057.20500 25971.33950 26235.60650 26150.86800 26065.00250 26330.95700 26246.21850 26160.35300 26067.04750 25979.73850 25891.17000 26160.71050 26073.40150 25984.83300 26256.06100 26168.75200 26080.18350 25989.22200 25899.32100 25808.03950 26082.88500 25992.98400 25901.70250 26178.23550 26088.33450 25997.05300
26154.95700 26067.64800 25979.07950 26251.71300 26164.40400 26075.83550 26350.21750 26262.90850 26174.34000 26077.13150 25987.23050 25895.94900 26173.88750 26083.98650 25992.70500 26272.39200 26182.49100 26091.20950 25996.37850 25903.86600 25809.86300 26093.13450 26000.62200 25906.61900 26191.63900 26099.12650 26005.12350
26168.34100 26078.44000 25987.15850 26268.19850 26178.29750 26087.01600 26369.85900 26279.95800 26188.67650 26087.58800 25995.07550 25901.07250 26187.44550 26094.93300 26000.93000 26289.10600 26196.59350 26102.59050 26003.90900 25908.76900 25812.03550 26103.76650 26008.62650 25911.89300 26205.42700 26110.28700 26013.55350
26182.09250 26089.58000 25995.57700 26285.05750 26192.54500 26098.54200 26389.87400 26297.36150 26203.35850 26098.41350 26003.27350 25906.54000 26201.37850 26106.23850 26009.50500 26306.19500 26211.05500 26114.32150 26011.81200 25914.02850 25814.55900 26114.77700 26016.99350 25917.52400 26219.59350 26121.81000 26022.34050
26196.20700 26101.06700 26004.33350 26302.28500 26207.14500 26110.41150 26410.25750 26315.11750 26218.38400 26109.60550 26011.82200 25912.35250 26215.68350 26117.90000 26018.43050 26323.65600 26225.87250 26126.40300 26020.08300 25919.64350 25817.43250 26126.16100 26025.72150 25923.51050 26234.13350 26133.69400 26031.48300
26210.68150 26112.89800 26013.42850 26319.87600 26222.09250 26122.62300 26431.00250 26333.21900 26233.74950 26121.15900 26020.71950 25918.50850 26230.35350 26129.91400 26027.70300 26341.48000 26241.04050 26138.82950 26028.71950 25925.61250 25820.65450 26137.91400 26034.80700 25929.84900 26249.04050 26145.93350 26040.97550
26225.51050 26125.07100 26022.86000 26337.82350 26237.38400 26135.17300 26452.10400 26351.66450 26249.45350 26133.07100 26029.96400 25925.00600 26245.38400 26142.27700 26037.31900 26359.66450 26256.55750 26151.59950 26037.71750 25931.93300 25824.22400 26150.03050 26044.24600 25936.53700 26264.31100 26158.52650 26050.81750
26240.69200 26137.58500 26032.62700 26356.12400 26253.01700 26148.05900 26473.55500 26370.44800 26265.49000 26145.33850 26039.55400 25931.84500 26260.77050 26154.98600 26047.27700 26378.20150 26272.41700 26164.70800 26047.07450 25938.60300 25828.14050 26162.50650 26054.03500 25943.57250 26279.93750 26171.46600 26061.00350
26256.22050 26150.43600 26042.72700 26374.77200 26268.98750 26161.27850 26495.35000 26389.56550 26281.85650 26157.95650 26049.48500 25939.02250 26276.50800 26168.03650 26057.57400 26397.08600 26288.61450 26178.15200 26056.78650 25945.62000 25832.40100 26175.33800 26064.17150 25950.95250 26295.91600 26184.74950 26071.53050
26272.09200 26163.62050 26053.15800 26393.76250 26285.29100 26174.82850 26517.48400 26409.01250 26298.55000 26170.92200 26059.75550 25946.53650 26292.59250 26181.42600 26068.20700 26416.31400 26305.14750 26191.92850 26066.84900 25952.98200 25837.00450 26188.51950 26074.65250 25958.67500 26312.24100 26198.37400 26082.39650
26288.30300 26177.13650 26063.91750 26413.09000 26301.92350 26188.70450 26539.95100 26428.78450 26315.56550 26184.23000 26070.36300 25954.38550 26309.01700 26195.15000 26079.17250 26435.87800 26322.01100 26206.03350 26077.25900 25960.68500 25841.94800 26202.04600 26085.47200 25966.73500 26328.90700 26212.33300 26093.59600
26304.84850 26190.98150 26075.00400 26432.75050 26318.88350 26202.90600 26562.74450 26448.87750 26332.90000 26197.87750 26081.30350 25962.56650 26325.77950 26209.20550 26090.46850 26455.77350 26339.19950 26220.46250 26088.01300 25968.72750 25847.23000 26215.91500 26096.62950 25975.13200 26345.90900 26226.62350 26105.12600
26321.72450 26205.15050 26086.41350 26452.73700 26336.16300 26217.42600 26585.86000 26469.28600 26350.54900 26211.86000 26092.57450 25971.07700 26342.87250 26223.58700 26102.08950 26475.99550 26356.71000 26235.21250 26099.10550 25977.10500 25852.84750 26230.11800 26108.11750 25983.86000 26363.24100 26241.24050 26116.98300
26338.92600 26219.64050 26098.14300 26473.04650 26353.76100 26232.26350 26609.29150 26490.00600 26368.50850 26226.17150 26104.17100 25979.91350 26360.29200 26238.29150 26114.03400 26496.53700 26374.53650 26250.27900 26110.53350 25985.81450 25858.79700 26244.65400 26119.93500 25992.91750 26380.89900 26256.18000 26129.16250
26356.44850 26234.44800 26110.19050 26493.67100 26371.67050 26247.41300 26633.03150 26511.03100 26386.77350 26240.81050 26116.09150 25989.07400 26378.03300 26253.31400 26126.29650 26517.39350 26392.67450 26265.65700 26122.29350 25994.85350 25865.07700 26259.51600 26132.07600 26002.29950 26398.87650 26271.43650 26141.66000
26374.28850 26249.56950 26122.55200 26514.60800 26389.88900 26262.87150 26657.07700 26532.35800 26405.34050 26255.77150 26128.33150 25998.55500 26396.09100 26268.65100 26138.87450 26538.56000 26411.12000 26281.34350 26134.38000 26004.21800 25871.68250 26274.69950 26144.53750 26012.00200 26417.16850 26287.00650 26154.47100
26392.44000 26265.00000 26135.22350 26535.85150 26408.41150 26278.63500 26681.42050 26553.98050 26424.20400 26271.04850 26140.88650 26008.35100 26414.46000 26284.29800 26151.76250 26560.02900 26429.86700 26297.33150 26146.78850 26013.90350 25878.61200 26290.20000 26157.31500 26022.02350 26435.76900 26302.88400 26167.59250
26410.89850 26280.73650 26148.20100 26557.39450 26427.23250 26294.69700 26706.05700 26575.89500 26443.35950 26286.63850 26153.75350 26018.46200 26433.13450 26300.24950 26164.95800 26581.79700 26448.91200 26313.62050 26159.51600 26023.90650 25885.86050 26306.01200 26170.40250 26032.35650 26454.67450 26319.06500 26181.01900
26429.65900 26296.77400 26161.48250 26579.23250 26446.34750 26311.05600 26730.97950 26598.09450 26462.80300 26302.53650 26166.92700 26028.88100 26452.11000 26316.50050 26178.45450 26603.85700 26468.24750 26330.20150 26172.55600 26034.22400 25893.42550 26322.12950 26183.79750 26042.99900 26473.87650 26335.54450 26194.74600
26448.71650 26313.10700 26175.06100 26601.36100 26465.75150 26327.70550 26756.18350 26620.57400 26482.52800 26318.73600 26180.40400 26039.60550 26471.38050 26333.04850 26192.25000 26626.20300 26487.87100 26347.07250 26185.90450 26044.85000 25901.30250 26338.54900 26197.49450 26053.94700 26493.37150 26352.31700 26208.76950
26468.06550 26329.73350 26188.93500 26623.77250 26485.44050 26344.64200 26781.66150 26643.32950 26502.53100 26335.23400 26194.17950 26050.63200 26490.94100 26349.88650 26206.33900 26648.83000 26507.77550 26364.22800 26199.55750 26055.78100 25909.48750 26355.26450 26211.48800 26065.19450 26513.15350 26369.37700 26223.08350
26487.70200 26346.64750 26203.10000 26646.46250 26505.40800 26361.86050 26807.40850 26666.35400 26522.80650 26352.02550 26208.24900 26061.95550 26510.78600 26367.00950 26220.71600 26671.73200 26527.95550 26381.66200 26213.51050 26067.01350 25917.97800 26372.27100 26225.77400 26076.73850 26533.21700 26386.72000 26237.68450
26507.61950 26363.84300 26217.54950 26669.42500 26525.64850 26379.35500 26833.41850 26689.64200 26543.34850 26369.10450 26222.60750 26073.57200 26530.91000 26384.41300 26235.37750 26694.90350 26548.40650 26399.37100 26227.75600 26078.54100 25926.76750 26389.56150 26240.34650 26088.57300 26553.55500 26404.34000 26252.56650
26527.81350 26381.31650 26232.28100 26692.65450 26546.15750 26397.12200 26859.68450 26713.18750 26564.15200 26386.46500 26237.25000 26085.47650 26551.30600 26402.09100 26250.31750 26718.33600 26569.12100 26417.34750 26242.29150 26090.36100 25935.85250 26407.13250 26255.20200 26100.69350 26574.16250 26422.23200 26267.72350
26548.27650 26399.06150 26247.28800 26716.14450 26566.92950 26415.15600 26886.19950 26736.98450 26585.21100 26404.10300 26252.17250 26097.66400 26571.97100 26420.04050 26265.53200 26742.02600 26590.09550 26435.58700 26257.11000 26102.46700 25945.22850 26424.97800 26270.33500 26113.09650 26595.03300 26440.39000 26283.15150
26569.00550 26417.07500 26262.56650 26739.88900 26587.95850 26433.45000 26912.95900 26761.02850 26606.52000 26422.01250 26267.36950 26110.13100 26592.89600 26438.25300 26281.01450 26765.96600 26611.32300 26454.08450 26272.20700 26114.85500 25954.89100 26443.09050 26285.73850 26125.77450 26616.16050 26458.80850 26298.84450
26589.99350 26435.35050 26278.11200 26763.88250 26609.23950 26452.00100 26939.95550 26785.31250 26628.07400 26440.18800 26282.83600 26122.87200 26614.07700 26456.72500 26296.76100 26790.15000 26632.79800 26472.83400 26287.57850 26127.52000 25964.83550 26461.46750 26301.40900 26138.72450 26637.54050 26477.48200 26314.79750
26611.23450 26453.88250 26293.91850 26788.11700 26630.76500 26470.80100 26967.18200 26809.83000 26649.86600 26458.62500 26298.56650 26135.88200 26635.50750 26475.44900 26312.76450 26814.57250 26654.51400 26491.82950 26303.21650 26140.45650 25975.05700 26480.09900 26317.33900 26151.93950 26659.16400 26496.40400 26331.00450
26632.72300 26472.66450 26309.98000 26812.58950 26652.53100 26489.84650 26994.63400 26834.57550 26671.89100 26477.31450 26314.55450 26149.15500 26657.18100 26494.42100 26329.02150 26839.22550 26676.46550 26511.06600 26319.11600 26153.65850 25985.54900 26498.98250 26333.52500 26165.41550 26681.02700 26515.56950 26347.46000
26654.45200 26491.69200 26326.29250 26837.29000 26674.53000 26509.13050 27022.30150 26859.54150 26694.14200 26496.25350 26330.79600 26162.68650 26679.09150 26513.63400 26345.52450 26864.10300 26698.64550 26530.53600 26335.27150 26167.12100 25996.30800 26518.10950 26349.95900 26179.14600 26703.12100 26534.97050 26364.15750
26676.41700 26510.95950 26342.85000 26862.21450 26696.75700 26528.64750 27050.18000 26884.72250 26716.61300 26515.43500 26347.28450 26176.47150 26701.23250 26533.08200 26362.26900 26889.19800 26721.04750 26550.23450 26351.67800 26180.83950 26007.32850 26537.47550 26366.63700 26193.12600 26725.44100 26554.60250 26381.09150
26698.61000 26530.45950 26359.64650 26887.35450 26719.20400 26548.39100 27078.26150 26910.11100 26739.29800 26534.85300 26364.01450 26190.50350 26723.59750 26552.75900 26379.24800 26914.50450 26743.66600 26570.15500 26368.32850 26194.80750 26018.60450 26557.07300 26383.55200 26207.34900 26747.98000 26574.45900 26398.25600
26721.02600 26550.18750 26376.67650 26912.70500 26741.86650 26568.35550 27106.53950 26935.70100 26762.19000 26554.50150 26380.98050 26204.77750 26746.18050 26572.65950 26396.45650 26940.01500 26766.49400 26590.29100 26385.21700 26209.01950 26030.13100 26576.89600 26400.69850 26221.81000 26770.73050 26594.53300 26415.64450
26743.65800 26570.13700 26393.93400 26938.25850 26764.73750 26588.53450 27135.00700 26961.48600 26785.28300 26574.37350 26398.17600 26219.28750 26768.97400 26592.77650 26413.88800 26965.72250 26789.52500 26610.63650 26402.33800 26223.46900 26041.90250 26596.93850 26418.06950 26236.50300 26793.68700 26614.81800 26433.25150
26766.49850 26590.30100 26411.41250 26964.00750 26787.81000 26608.92150 27163.65600 26987.45850 26808.57000 26594.46300 26415.59400 26234.02750 26791.97200 26613.10300 26431.53650 26991.62050 26812.75150 26631.18500 26419.68500 26238.15000 26053.91200 26617.19400 26435.65900 26251.42100 26816.84250 26635.30750 26451.06950
26789.54250 26610.67350 26429.10700 26989.94550 26811.07650 26629.51000 27192.48050 27013.61150 26832.04500 26614.76450 26433.22950 26248.99150 26815.16750 26633.63250 26449.39450 27017.70250 26836.16750 26651.92950 26437.25100 26253.05750 26066.15450 26637.65400 26453.46050 26266.55750 26840.18900 26655.99550 26469.09250
26812.78300 26631.24800 26447.01000 27016.06600 26834.53100 26650.29300 27221.47250 27039.93750 26855.69950 26635.26950 26451.07600 26264.17300 26838.55250 26654.35900 26467.45600 27043.95900 26859.76550 26672.86250 26455.03000 26268.18450 26078.62450 26658.31300 26471.46750 26281.90750 26863.71950 26676.87400 26487.31400
26836.21150 26652.01800 26465.11500 27042.36100 26858.16750 26671.26450 27250.62350 27066.43000 26879.52700 26655.97200 26469.12650 26279.56650 26862.12150 26675.27600 26485.71600 27070.38400 26883.53850 26693.97850 26473.01600 26283.52400 26091.31450 26679.16550 26489.67350 26297.46400 26887.42800 26697.93600 26505.72650
26859.82200 26672.97650 26483.41650 27068.82300 26881.97750 26692.41750 27279.92650 27093.08100 26903.52100 26676.86600 26487.37400 26295.16450 26885.86700 26696.37500 26504.16550 27096.97050 26907.47850 26715.26900 26491.20050 26299.07000 26104.21900 26700.20150 26508.07100 26313.22000 26911.30500 26719.17450 26524.32350
26883.60900 26694.11700 26501.90750 27095.44600 26905.95400 26713.74450 27309.37550 27119.88350 26927.67400 26697.94350 26505.81300 26310.96200 26909.78050 26717.65000 26522.79900 27123.71000 26931.57950 26736.72850 26509.57900 26314.81750 26117.33250 26721.41600 26526.65450 26329.16950 26935.34550 26740.58400 26543.09900
26907.56200 26715.43150 26520.58050 27122.22000 26930.08950 26735.23850 27338.96000 27146.82950 26951.97850 26719.19750 26524.43600 26326.95100 26933.85550 26739.09400 26541.60900 27150.59550 26955.83400 26758.34900 26528.14300 26330.75750 26130.64700 26742.80100 26545.41550 26345.30500 26959.54100 26762.15550 26562.04500
26931.67650 26736.91500 26539.43000 27149.13950 26954.37800 26756.89300 27368.67350 27173.91200 26976.42700 26740.62200 26543.23650 26343.12600 26958.08500 26760.69950 26560.58900 27177.61900 26980.23350 26780.12300 26546.88600 26346.88450 26144.15700 26764.34900 26564.34750 26361.62000 26983.88300 26783.88150 26581.15400
26955.94350 26758.55800 26558.44750 27176.19700 26978.81150 26778.70100 27398.50800 27201.12250 27001.01200 26762.20750 26562.20600 26359.47850 26982.46100 26782.45950 26579.73200 27204.77200 27004.77050 26802.04300 26565.80000 26363.19100 26157.85450 26786.05350 26583.44450 26378.10800 27008.36450 26805.75550 26600.41900
26980.35600 26780.35450 26577.62700 27203.38250 27003.38100 26800.65350 27428.45450 27228.45300 27025.72550 26783.94850 26581.33950 26376.00300 27006.97500 26804.36600 26599.02950 27232.04700 27029.43800 26824.10150 26584.87950 26379.67100 26171.73400 26807.90600 26602.69750 26394.76050 27032.97800 26827.76950 26619.83250
27004.90600 26802.29700 26596.96050 27230.68950 27028.08050 26822.74400 27458.50600 27255.89700 27050.56050 26805.83700 26600.62850 26392.69150 27031.62050 26826.41200 26618.47500 27259.43700 27054.22850 26846.29150 26604.11600 26396.31550 26185.78800 26829.89950 26622.09900 26411.57150 27057.71600 26849.91550 26639.38800
27029.58600 26824.37750 26616.44050 27258.11000 27052.90150 26844.96450 27488.65350 27283.44500 27075.50800 26827.86500 26620.06450 26409.53700 27056.38900 26848.58850 26638.06100 27286.93250 27079.13200 26868.60450 26623.50150 26413.11850 26200.00900 26852.02550 26641.64250 26428.53300 27082.56900 26872.18600 26659.07650
27054.38900 26846.58850 26636.06100 27285.63600 27077.83550 26867.30800 27518.88900 27311.08850 27100.56100 26850.02550 26639.64250 26426.53300 27081.27250 26870.88950 26657.78000 27314.52550 27104.14250 26891.03300 26643.03000 26430.07300 26214.39050 26874.27700 26661.32000 26445.63750 27107.53000 26894.57300 26678.89050
27079.30500 26868.92200 26655.81250 27313.25850 27102.87550 26889.76600 27549.20300 27338.82000 27125.71050 26872.30950 26659.35250 26443.67000 27106.26300 26893.30600 26677.62350 27342.20750 27129.25050 26913.56800 26662.69200 26447.17000 26228.92450 26896.64550 26681.12350 26462.87800 27132.59000 26917.06800 26698.82250
27104.32800 26891.37100 26675.68850 27340.96950 27128.01250 26912.33000 27579.58750 27366.63050 27150.94800 26894.71050 26679.18850 26460.94300 27131.35200 26915.83000 26697.58450 27369.97000 27154.44800 26936.20250 26682.48200 26464.40400 26243.60500 26919.12350 26701.04550 26480.24650 27157.74150 26939.66350 26718.86450
27129.44850 26913.92650 26695.68100 27368.76050 27153.23850 26934.99300 27610.03400 27394.51200 27176.26650 26917.22000 26699.14200 26478.34300 27156.53200 26938.45400 26717.65500 27397.80550 27179.72750 26958.92850 26702.38950 26481.76500 26258.42300 26941.70150 26721.07700 26497.73500 27182.97500 26962.35050 26739.00850
27154.66000 26936.58200 26715.78300 27396.62400 27178.54600 26957.74700 27640.53400 27422.45600 27201.65700 26939.82950 26719.20500 26495.86300 27181.79350 26961.16900 26737.82700 27425.70350 27205.07900 26981.73700 26722.40900 26499.24800 26273.37200 26964.37300 26741.21200 26515.33600 27208.28300 26985.12200 26759.24600
27179.95050 26959.32600 26735.98400 27424.54900 27203.92450 26980.58250 27671.07700 27450.45250 27227.11050 26962.53000 26739.36900 26513.49300 27207.12850 26983.96750 26758.09150 27453.65650 27230.49550 27004.61950 26742.52950 26516.84100 26288.44200 26987.12800 26761.43950 26533.04050 27233.65600 27007.96750 26779.56850
27205.31500 26982.15400 26756.27800 27452.52850 27229.36750 27003.49150 27701.65550 27478.49450 27252.61850 26985.31450 26759.62600 26531.22700 27232.52800 27006.83950 26778.44050 27481.65500 27255.96650 27027.56750 26762.74550 26534.54000 26303.62750 27009.95900 26781.75350 26550.84100 27259.08600 27030.88050 26799.96800
27230.74350 27005.05500 26776.65600 27480.55250 27254.86400 27026.46500 27732.25900 27506.57050 27278.17150 27008.17450 26779.96900 26549.05650 27257.98350 27029.77800 26798.86550 27509.69000 27281.48450 27050.57200 26783.04750 26552.33500 26318.92050 27032.85650 26802.14400 26568.72950 27284.56300 27053.85050 26820.43600
27256.22750 27028.02200 26797.10950 27508.61350 27280.40800 27049.49550 27762.87950 27534.67400 27303.76150 27031.10050 26800.38800 26566.97350 27283.48650 27052.77400 26819.35950 27537.75250 27307.04000 27073.62550 26803.42700 26570.21800 26334.31150 27055.81300 26822.60400 26586.69750 27310.07900 27076.87000 26840.96350
27281.75750 27051.04500 26817.63050 27536.70100 27305.98850 27072.57400 27793.50700 27562.79450 27329.38000 27054.08400 26820.87500 26584.96850 27309.02750 27075.81850 26839.91200 27565.83350 27332.62450 27096.71800 26823.87550 26588.18000 26349.79300 27078.81900 26843.12350 26604.73650 27335.62500 27099.92950 26861.54250
27307.32500 27074.11600 26838.20950 27564.80550 27331.59650 27095.69000 27824.13150 27590.92250 27355.01600 27077.11650 26841.42100 26603.03400 27334.59700 27098.90150 26860.51450 27593.92300 27358.22750 27119.84050 26844.38400 26606.21350 26365.35600 27101.86450 26863.69400 26622.83650 27361.19050 27123.02000 26882.16250
27332.92150 27097.22600 26858.83900 27592.91950 27357.22400 27118.83700 27854.74400 27619.04850 27380.66150 27100.18900 26862.01850 26621.16100 27360.18700 27122.01650 26881.15900 27622.01150 27383.84100 27142.98350 26864.94450 26624.31000 26380.99400 27124.94250 26884.30800 26640.99200 27386.76700 27146.13250 26902.81650
27358.53700 27120.36650 26879.50900 27621.03200 27382.86150 27142.00400 27885.33450 27647.16400 27406.30650 27123.29250 26882.65800 26639.34200 27385.78750 27145.15300 26901.83700 27650.09000 27409.45550 27166.13950 26885.54800 26642.45950 26396.69650 27148.04300 26904.95450 26659.19150 27412.34550 27169.25700 26923.49400
27384.16250 27143.52800 26900.21200 27649.13350 27408.49900 27165.18300 27915.89400 27675.25950 27431.94350 27146.41800 26903.32950 26657.56650 27411.38900 27168.30050 26922.53750 27678.14950 27435.06100 27189.29800 26906.18500 26660.65450 26412.45550 27171.15600 26925.62550 26677.42650 27437.91650 27192.38600 26944.18700
27409.78900 27166.70050 26920.93750 27677.21500 27434.12650 27188.36350 27946.41200 27703.32350 27457.56050 27169.55600 26924.02550 26675.82650 27436.98200 27191.45150 26943.25250 27706.17900 27460.64850 27212.44950 26926.84700 26678.88500 26428.26250 27194.27300 26946.31100 26695.68850 27463.47000 27215.50800 26964.88550
27435.40650 27189.87600 26941.67700 27705.26700 27459.73650 27211.53750 27976.87800 27731.34750 27483.14850 27192.69750 26944.73550 26694.11300 27462.55800 27214.59600 26963.97350 27734.16900 27486.20700 27235.58450 26947.52450 26697.14300 26444.10850 27217.38500 26967.00350 26713.96900 27488.99600 27238.61450 26985.58000
27461.00550 27213.04350 26962.42100 27733.27850 27485.31650 27234.69400 28007.28300 27759.32100 27508.69850 27215.83250 26965.45100 26712.41650 27488.10550 27237.72400 26984.68950 27762.11000 27511.72850 27258.69400 26968.20700 26715.41850 26459.98350 27240.48000 26987.69150 26732.25650 27514.48450 27261.69600 27006.26100
27486.57650 27236.19500 26983.16050 27761.24050 27510.85900 27257.82450 28037.61550 27787.23400 27534.19950 27238.95100 26986.16250 26730.72750 27513.61500 27260.82650 27005.39150 27789.99000 27537.20150 27281.76650 26988.88700 26733.70250 26475.88000 27263.55100 27008.36650 26750.54400 27539.92600 27284.74150 27026.91900
27512.10900 27259.32050 27003.88550 27789.14200 27536.35350 27280.91850 28067.86500 27815.07650 27559.64150 27262.04500 27006.86050 26749.03800 27539.07800 27283.89350 27026.07100 27817.80100 27562.61650 27304.79400 27009.55400 26751.98600 26491.78850 27286.58700 27029.01900 26768.82150 27565.31000 27307.74200 27047.54450
27537.59400 27282.40950 27024.58700 27816.97300 27561.78850 27303.96600 28098.02250 27842.83800 27585.01550 27285.10300 27027.53500 26767.33750 27564.48200 27306.91400 27046.71650 27845.53150 27587.96350 27327.76600 27030.19850 26770.25900 26507.69850 27309.57750 27049.63800 26787.07750 27590.62700 27330.68750 27068.12700
27563.02050 27305.45250 27045.25500 27844.72400 27587.15600 27326.95850 28128.07650 27870.50850 27610.31100 27308.11600 27048.17650 26785.61600 27589.81950 27329.88000 27067.31950 27873.17200 27613.23250 27350.67200 27050.81100 26788.51250 26523.60150 27332.51450 27070.21600 26805.30500 27615.86700 27353.56850 27088.65750
27588.37950 27328.44000 27065.87950 27872.38400 27612.44450 27349.88400 28158.01650 27898.07700 27635.51650 27331.07450 27068.77600 26803.86500 27615.07900 27352.78050 27087.86950 27900.71150 27638.41300 27373.50200 27071.38150 26806.73650 26539.48800 27355.38600 27090.74100 26823.49250 27641.01850 27376.37350 27109.12500
27613.66000 27351.36150 27086.45050 27899.94300 27637.64450 27372.73350 28187.83200 27925.53350 27660.62250 27353.96700 27089.32200 26822.07350 27640.25000 27375.60500 27108.35650 27928.13900 27663.49400 27396.24550 27091.89900 26824.92050 26555.34800 27378.18200 27111.20350 26841.63100 27666.07100 27399.09250 27129.52000
27638.85200 27374.20700 27106.95850 27927.38950 27662.74450 27395.49600 28217.51150 27952.86650 27685.61800 27376.78400 27109.80550 26840.23300 27665.32150 27398.34300 27128.77050 27955.44350 27688.46500 27418.89250 27112.35550 26843.05600 26571.17200 27400.89300 27131.59350 26859.70950 27691.01500 27421.71550 27149.83150
27663.94350 27396.96500 27127.39250 27954.71300 27687.73450 27418.16200 28247.04400 27980.06550 27710.49300 27399.51500 27130.21550 26858.33150 27690.28450 27420.98500 27149.10100 27982.61550 27713.31600 27441.43200 27132.73800 26861.13100 26586.94900 27423.50750 27151.90050 26877.71850 27715.83850 27444.23150 27170.04950
27688.92650 27419.62700 27147.74300 27981.90350 27712.60400 27440.72000 28276.41900 28007.11950 27735.23550 27422.14950 27150.54250 26876.36050 27715.12650 27443.51950 27169.33750 28009.64200 27738.03500 27463.85300 27153.03950 26879.13750 26602.67100 27446.01650 27172.11450 26895.64800 27740.53200 27466.63000 27190.16350
27713.78800 27442.18100 27167.99900 28008.94800 27737.34100 27463.15900 28305.62450 28034.01750 27759.83550 27444.67800 27170.77600 26894.30950 27739.83800 27465.93600 27189.46950 28036.51450 27762.61250 27486.14600 27173.24700 26897.06400 26618.32650 27468.40700 27192.22400 26913.48650 27765.08350 27488.90050 27210.16300
27738.51900 27464.61700 27188.15050 28035.83800 27761.93600 27485.46950 28334.65000 28060.74800 27784.28150 27467.08800 27190.90500 26912.16750 27764.40700 27488.22400 27209.48650 28063.21900 27787.03600 27508.29850 27193.35100 26914.90050 26633.90550 27490.67000 27212.21950 26931.22450 27789.48200 27511.03150 27230.03650
27763.10700 27486.92400 27208.18650 28062.56050 27786.37750 27507.64000 28363.48300 28087.30000 27808.56250 27489.37000 27210.91950 26929.92450 27788.82350 27510.37300 27229.37800 28089.74600 27811.29550 27530.30050 27213.34050 26932.63550 26649.39850 27512.79400 27232.08900 26948.85200 27813.71650 27533.01150 27249.77450
27787.54250 27509.09200 27228.09700 28089.10500 27810.65450 27529.65950 28392.11300 28113.66250 27832.66750 27511.51300 27230.80800 26947.57100 27813.07550 27532.37050 27249.13350 28116.08350 27835.37850 27552.14150 27233.20600 26950.26100 26664.79400 27534.76850 27251.82350 26966.35650 27837.77650 27554.83150 27269.36450
27811.81250 27531.10750 27247.87050 28115.45950 27834.75450 27551.51750 28420.52850 28139.82350 27856.58650 27533.50550 27250.56050 26965.09350 27837.15250 27554.20750 27268.74050 28142.22150 27859.27650 27573.80950 27252.93400 26967.76350 26680.08150 27556.58100 27271.41050 26983.72850 27861.65000 27576.47950 27288.79750
27835.90800 27552.96300 27267.49600 28141.61400 27858.66900 27573.20200 28448.71650 28165.77150 27880.30450 27555.33650 27270.16600 26982.48400 27861.04250 27575.87200 27288.19000 28168.14500 27882.97450 27595.29250 27272.51700 26985.13300 26695.25150 27578.22300 27290.83900 27000.95750 27885.32550 27597.94150 27308.06000
27859.81500 27574.64450 27286.96250 28167.55450 27882.38400 27594.70200 28476.66550 28191.49500 27903.81300 27576.99550 27289.61150 26999.73000 27884.73500 27597.35100 27307.46950 28193.84600 27906.46200 27616.58050 27291.94000 27002.35950 26710.29150 27599.67950 27310.09900 27018.03100 27908.79050 27619.21000 27327.14200
27883.52450 27596.14050 27306.25900 28193.27150 27905.88750 27616.00600 28504.36500 28216.98100 27927.09950 27598.46900 27308.88850 27016.82050 27908.21600 27618.63550 27326.56750 28219.30950 27929.72900 27637.66100 27311.19500 27019.43100 26725.19150 27620.94200 27329.17800 27034.93850 27932.03550 27640.27150 27346.03200
27907.02300 27617.44250 27325.37450 28218.75100 27929.17050 27637.10250 28531.80050 28242.22000 27950.15200 27619.74900 27327.98500 27033.74550 27931.47700 27639.71300 27345.47350 28244.52650 27952.76250 27658.52300 27330.26950 27036.33750 26739.94200 27641.99750 27348.06550 27051.67000 27955.04700 27661.11500 27364.71950
27930.30100 27638.53700 27344.29750 28243.98300 27952.21900 27657.97950 28558.96150 28267.19750 27972.95800 27640.82150 27346.88950 27050.49400 27954.50350 27660.57150 27364.17600 28269.48200 27975.55000 27679.15450 27349.15250 27053.06600 26754.52950 27662.83450 27366.74800 27068.21150 27977.81300 27681.72650 27383.19000
27953.34400 27659.41200 27363.01650 28268.95400 27975.02200 27678.62650 28585.83500 28291.90300 27995.50750 27661.67500 27365.58850 27067.05200 27977.28500 27681.19850 27382.66200 28294.16600 27998.07950 27699.54300 27367.83200 27069.60650 26768.94350 27683.44200 27385.21650 27084.55350 28000.32300 27702.09750 27401.43450
27976.14200 27680.05550 27381.51900 28293.65350 27997.56700 27699.03050 28612.40850 28316.32200 28017.78550 27682.29900 27384.07350 27083.41050 27999.81050 27701.58500 27400.92200 28318.56550 28020.34000 27719.67700 27386.29650 27085.94750 26783.17300 27703.80800 27403.45900 27100.68450 28022.56300 27722.21400 27419.43950
27998.68300 27700.45750 27399.79450 28318.06850 28019.84300 27719.18000 28638.67050 28340.44500 28039.78200 27702.68050 27402.33150 27099.55700 28022.06600 27721.71700 27418.94250 28342.66800 28042.31900 27739.54450 27404.53400 27102.07650 26797.20750 27723.91950 27421.46200 27116.59300 28044.52150 27742.06400 27437.19500
28020.95400 27720.60500 27417.83050 28342.18500 28041.83600 27739.06150 28664.60750 28364.25850 28061.48400 27722.80750 27420.35000 27115.48100 28044.03850 27741.58100 27436.71200 28366.46100 28064.00350 27759.13450 27422.53350 27117.98250 26811.03350 27743.76450 27439.21350 27132.26450 28066.18700 27761.63600 27454.68700
28042.94250 27740.48500 27435.61600 28365.99250 28063.53500 27758.66600 28690.20650 28387.74900 28082.88000 27742.66850 27438.11750 27131.16850 28065.71850 27761.16750 27454.21850 28389.93250 28085.38150 27778.43250 27440.28200 27133.65350 26824.64050 27763.33200 27456.70350 27147.69050 28087.54600 27780.91750 27471.90450
28064.63750 27760.08650 27453.13750 28389.47800 28084.92700 27777.97800 28715.45450 28410.90350 28103.95450 27762.25100 27455.62250 27146.60950 28087.09150 27780.46300 27471.45000 28413.06800 28106.43950 27797.42650 27457.76850 27149.07800 26838.01650 27782.60900 27473.91850 27162.85700 28108.58550 27799.89500 27488.83350
28086.02600 27779.39750 27470.38450 28412.62850 28106.00000 27796.98700 28740.33950 28433.71100 28124.69800 27781.54350 27472.85300 27161.79150 28108.14600 27799.45550 27488.39400 28435.85700 28127.16650 27816.10500 27474.98050 27164.24400 26851.15050 27801.58300 27490.84650 27177.75300 28129.29400 27818.55750 27505.46400
28107.09450 27798.40400 27487.34250 28435.43050 28126.74000 27815.67850 28764.84800 28456.15750 28145.09600 27800.53150 27489.79500 27176.70150 28128.86750 27818.13100 27505.03750 28458.28500 28147.54850 27834.45500 27491.90500 27179.13800 26864.02900 27820.24100 27507.47400 27192.36500 28149.65850 27836.89150 27521.78250
28127.83100 27817.09450 27504.00100 28457.87250 28147.13600 27834.04250 28788.96650 28478.23000 28165.13650 27819.20450 27506.43750 27191.32850 28149.24600 27836.47900 27521.37000 28480.34000 28167.57300 27852.46400 27508.53000 27193.74900 26876.64050 27838.57150 27523.79050 27206.68200 28169.66550 27854.88450 27537.77600
28148.22350 27835.45650 27520.34750 28479.94050 28167.17350 27852.06450 28812.68200 28499.91500 28184.80600 27837.54900 27522.76800 27205.65950 28169.26600 27854.48500 27537.37650 28502.00750 28187.22650 27870.11800 27524.84300 27208.06500 26888.97250 27856.56000 27539.78200 27220.68950 28189.30150 27872.52350 27553.43100
28168.25850 27853.47750 27536.36900 28501.62200 28186.84100 27869.73250 28835.98100 28521.20000 28204.09150 27855.55250 27538.77450 27219.68200 28188.91600 27872.13800 27553.04550 28523.27500 28206.49700 27887.40450 27540.83250 27222.07350 26901.01500 27874.19600 27555.43700 27234.37850 28208.55500 27889.79600 27568.73750
28187.92200 27871.14400 27552.05150 28522.90200 28206.12400 27887.03150 28858.85000 28542.07200 28222.97950 27873.20200 27554.44300 27233.38450 28208.18200 27889.42300 27568.36450 28544.13000 28225.37100 27904.31250 27556.48450 27235.76050 26912.75200 27891.46450 27570.74050 27247.73200 28227.41250 27906.68850 27583.68000
28207.20150 27888.44250 27567.38400 28543.76950 28225.01050 27903.95200 28881.27500 28562.51600 28241.45750 27890.48400 27569.76000 27246.75150 28227.05200 27906.32800 27583.31950 28564.55750 28243.83350 27920.82500 27571.78500 27249.11350 26924.17250 27908.35300 27585.68150 27260.74050 28245.85850 27923.18700 27598.24600
28226.08500 27905.36100 27582.35250 28564.21000 28243.48600 27920.47750 28903.24350 28582.51950 28259.51100 27907.38600 27584.71450 27259.77350 28245.51100 27922.83950 27597.89850 28584.54450 28261.87300 27936.93200 27586.72400 27262.12150 26935.26500 27924.84900 27600.24650 27273.39000 28263.88250 27939.28000 27612.42350
28244.55750 27921.88600 27596.94500 28584.20900 28261.53750 27936.59650 28924.73950 28602.06800 28277.12700 27923.89550 27599.29300 27272.43650 28263.54700 27938.94450 27612.08800 28604.07750 28279.47500 27952.61850 27601.28650 27274.77000 26946.01550 27940.93800 27614.42150 27285.66700 28281.46850 27954.95200 27626.19750
28262.60650 27938.00400 27611.14750 28603.75400 28279.15150 27952.29500 28945.75150 28621.14900 28294.29250 27939.99750 27613.48100 27284.72650 28281.14500 27954.62850 27625.87400 28623.14250 28296.62600 27967.87150 27615.46000 27287.04650 26956.41100 27956.60750 27628.19400 27297.55850 28298.60500 27970.19150 27639.55600
28280.21750 27953.70100 27624.94650 28622.83100 28296.31450 27967.56000 28966.26300 28639.74650 28310.99200 27955.68000 27627.26650 27296.63100 28298.29350 27969.88000 27639.24450 28641.72550 28313.31200 27982.67650 27629.23100 27298.93800 26966.43900 27971.84450 27641.55150 27309.05250 28315.27650 27984.98350 27652.48450
28297.37850 27968.96500 27638.32950 28641.42650 28313.01300 27982.37750 28986.26200 28657.84850 28327.21300 27970.92950 27640.63650 27308.13750 28314.97750 27984.68450 27652.18550 28659.81300 28329.52000 27997.02100 27642.58600 27310.43150 26976.08650 27986.63400 27654.47950 27320.13450 28331.46950 27999.31500 27664.97000
28314.07500 27983.78200 27651.28300 28659.52550 28329.23250 27996.73350 29005.73350 28675.44050 28342.94150 27985.73150 27653.57700 27319.23200 28331.18200 27999.02750 27664.68250 28677.39000 28345.23550 28010.89050 27655.51150 27321.51300 26985.34050 28000.96200 27666.96350 27330.79100 28347.17000 28013.17150 27676.99900
28330.29150 27998.13700 27663.79200 28677.11450 28344.96000 28010.61500 29024.66250 28692.50800 28358.16300 28000.07150 27666.07300 27329.90050 28346.89450 28012.89600 27676.72350 28694.44250 28360.44400 28024.27150 27667.99400 27332.16900 26994.18650 28014.81700 27678.99200 27341.00950 28362.36500 28026.54000 27688.55750
28346.01600 28012.01750 27675.84500 28694.17800 28360.17950 28024.00700 29043.03450 28709.03600 28372.86350 28013.93850 27678.11350 27340.13100 28362.10050 28026.27550 27688.29300 28710.95700 28375.13200 28037.14950 27680.02050 27342.38700 27002.61250 28028.18250 27690.54900 27350.77450 28377.03900 28039.40550 27699.63100
28361.23400 28025.40900 27687.42650 28710.70350 28374.87850 28036.89600 29060.83650 28725.01150 28387.02900 28027.31600 27689.68250 27349.90800 28376.78550 28039.15200 27699.37750 28726.91850 28389.28500 28049.51050 27691.57550 27352.15200 27010.60400 28041.04500 27701.62150 27360.07350 28391.17800 28051.75450 27710.20650
28375.93100 28038.29750 27698.52300 28726.67600 28389.04250 28049.26800 29078.05150 28740.41800 28400.64350 28040.19050 27700.76700 27359.21900 28390.93550 28051.51200 27709.96400 28742.31100 28402.88750 28061.33950 27702.64700 27361.45100 27018.14800 28053.39200 27712.19600 27368.89300 28404.76750 28063.57150 27720.26850
28390.09200 28050.66850 27709.12050 28742.07950 28402.65600 28061.10800 29094.66500 28755.24150 28413.69350 28052.54850 27711.35250 27368.04950 28404.53600 28063.34000 27720.03700 28757.12150 28415.92550 28072.62250 27713.21950 27370.27050 27025.23050 28065.20700 27722.25800 27377.21800 28417.79250 28074.84350 27729.80350
28403.70350 28062.50750 27719.20450 28756.90100 28415.70500 28072.40200 29110.66450 28769.46850 28426.16550 28064.37450 27721.42550 27376.38550 28417.57200 28074.62300 27729.58300 28771.33550 28428.38650 28083.34650 27723.27950 27378.59500 27031.83750 28076.47700 27731.79250 27385.03500 28430.24050 28085.55600 27738.79850
28416.75150 28073.80250 27728.76250 28771.12500 28428.17600 28083.13600 29126.03200 28783.08300 28438.04300 28075.65650 27730.97200 27384.21450 28430.03000 28085.34550 27738.58800 28784.93700 28440.25250 28093.49500 27732.81350 27386.41200 27037.95550 28087.18700 27740.78550 27392.32900 28442.09400 28095.69250 27747.23600
28429.22000 28084.53550 27737.77800 28784.73700 28440.05250 28093.29500 29140.75450 28796.07000 28449.31250 28086.37700 27739.97550 27391.51900 28441.89400 28095.49250 27747.03600 28797.91150 28451.51000 28103.05350 27741.80500 27393.70600 27043.56950 28097.32200 27749.22300 27399.08650 28453.33950 28105.24050 27755.10400
28441.09500 28094.69350 27746.23700 28797.72150 28451.32000 28102.86350 29154.81550 28808.41400 28459.95750 28096.52300 27748.42400 27398.28750 28453.14950 28105.05050 27754.91400 28810.24350 28462.14450 28112.00800 27750.24150 27400.46400 27048.66650 28106.86800 27757.09050 27405.29300 28463.96200 28114.18450 27762.38700
28452.36100 28104.26200 27754.12550 28810.06300 28461.96400 28111.82750 29168.19900 28820.10000 28469.96350 28106.07950 27756.30200 27404.50450 28463.78150 28114.00400 27762.20650 28821.91750 28472.14000 28120.34250 27758.10750 27406.67050 27053.23150 28115.80950 27764.37250 27410.93350 28473.94550 28122.50850 27769.06950
28463.00400 28113.22650 27761.42900 28821.74800 28471.97050 28120.17300 29180.89150 28831.11400 28479.31650 28115.03200 27763.59500 27410.15600 28473.77600 28122.33900 27768.90000 28832.91950 28481.48250 28128.04350 27765.38900 27412.31150 27057.25050 28124.13300 27771.05550 27415.99450 28483.27650 28130.19900 27775.13800
28473.00800 28121.57100 27768.13200 28832.75850 28481.32150 28127.88250 29192.87600 28841.43900 28488.00000 28123.36500 27770.28750 27415.22650 28483.11550 28130.03800 27774.97700 28843.23300 28490.15550 28135.09450 27772.07000 27417.37150 27060.70800 28131.82050 27777.12200 27420.45850 28491.93800 28137.23950 27780.57600
28482.35850 28129.28100 27774.22000 28843.08200 28490.00450 28134.94350 29204.13700 28851.05950 28495.99850 28131.06350 27776.36500 27419.70150 28491.78700 28137.08850 27780.42500 28852.84200 28498.14350 28141.48000 27778.13650 27421.83650 27063.59000 28138.86000 27782.56000 27424.31350 28499.91500 28143.61500 27785.36850
28491.03950 28136.34100 27779.67750 28852.70000 28498.00150 28141.33800 29214.65900 28859.96050 28503.29700 28138.11250 27781.81250 27423.56600 28499.77300 28143.47300 27785.22650 28861.73200 28505.43200 28147.18550 27783.57350 27425.69200 27065.88250 28145.23400 27787.35250 27427.54300 28507.19300 28149.31150 27789.50200
28499.03600 28142.73600 27784.48950 28861.59900 28505.29900 28147.05250 29224.42500 28868.12500 28509.87850 28144.49700 27786.61550 27426.80600 28507.06000 28149.17850 27789.36900 28869.88600 28512.00450 28152.19500 27788.36500 27428.92250 27067.56950 28150.92800 27791.48550 27430.13250 28513.75400 28154.31150 27792.95850
28506.33250 28148.45100 27788.64150 28869.76300 28511.88150 28152.07200 29233.42100 28875.53950 28515.73000 28150.20050 27790.75800 27429.40500 28513.63100 28154.18850 27792.83550 28877.28900 28517.84650 28156.49350 27792.49700 27431.51200 27068.63700 28155.92750 27794.94250 27432.06750 28519.58550 28158.60050 27795.72550
28512.91250 28153.47000 27792.11700 28877.17400 28517.73150 28156.37850 29241.62850 28882.18600 28520.83300 28155.20900 27794.22400 27431.34900 28519.47050 28158.48550 27795.61050 28883.92500 28522.94000 28160.06500 27795.95300 27433.44700 27069.06950 28160.21450 27797.70850 27433.33100 28524.66900 28162.16300 27797.78550
28518.76150 28157.77650 27794.90150 28883.81950 28522.83450 28159.95950 29249.03350 28888.04850 28525.17350 28159.50550 27796.99950 27432.62200 28524.56350 28162.05750 27797.68000 28889.77750 28527.27150 28162.89400 27798.71800 27434.71050 27068.85100 28163.77600 27799.76850 27433.90900 28528.99000 28164.98250 27799.12300
28523.86350 28161.35750 27796.98000 28889.68000 28527.17400 28162.79650 29255.61800 28893.11200 28528.73450 28163.07600 27799.06850 27433.20900 28528.89250 28164.88500 27799.02550 28894.83050 28530.82300 28164.96350 27800.77700 27435.28850 27067.96750 28166.59350 27801.10500 27433.78400 28532.53150 28167.04300 27799.72200
28528.20200 28164.19450 27798.33500 28894.74150 28530.73400 28164.87450 29261.36600 28897.35850 28531.49900 28165.90300 27800.41450 27433.09350 28532.44250 28166.95400 27799.63300 28899.06700 28533.57850 28166.25750 27802.11400 27435.16500 27066.40350 28168.65350 27801.70450 27432.94300 28535.27800 28168.32900 27799.56750
28531.76000 28166.27150 27798.95050 28898.98650 28533.49800 28166.17700 29266.26050 28900.77200 28533.45100 28167.97100 27801.02200 27432.26050 28535.19750 28168.24850 27799.48700 28902.47150 28535.52250 28166.76100 27802.71200 27434.32350 27064.14200 28169.93850 27801.55000 27431.36850 28537.21250 28168.82400 27798.64250
28534.52400 28167.57500 27798.81350 28902.39900 28535.45000 28166.68850 29270.28650 28903.33750 28534.57600 28169.26500 27800.87650 27430.69500 28537.14000 28168.75150 27798.57000 28905.02750 28536.63900 28166.45750 27802.55700 27432.74900 27061.16950 28170.43200 27800.62400 27429.04450 28538.31950 28168.51150 27796.93200
28536.47550 28168.08700 27797.90550 28904.96250 28536.57400 28166.39250 29273.42550 28905.03700 28534.85550 28169.76750 27799.95950 27428.38000 28538.25450 28168.44650 27796.86700 28906.71750 28536.90950 28165.33000 27801.63150 27430.42600 27057.46900 28170.11850 27798.91300 27425.95600 28538.58150 28167.37600 27794.41900
28537.59850 28167.79050 27796.21100 28906.66050 28536.85250 28165.27300 29275.66100 28905.85300 28534.27350 28169.46250 27798.25700 27425.30000 28538.52450 28167.31900 27794.36200 28907.52500 28536.31950 28163.36250 27799.92000 27427.33800 27053.02450 28168.98200 27796.40000 27422.08650 28537.98250 28165.40050 27791.08700
28537.87600 28166.67050 27793.71350 28907.47600 28536.27050 28163.31350 29276.97550 28905.77000 28532.81300 28168.33350 27795.75150 27421.43800 28537.93350 28165.35150 27791.03800 28907.43300 28534.85100 28160.53750 27797.40550 27423.46850 27047.82000 28167.00550 27793.06850 27417.42000 28536.50500 28162.56800 27786.91950
28537.29300 28164.71100 27790.39750 28907.39150 28534.80950 28160.49600 29277.35300 28904.77100 28530.45750 28166.36500 27792.42800 27416.77950 28536.46350 28162.52650 27786.87800 28906.42500 28532.48800 28156.83950 27794.07300 27418.80250 27041.84100 28164.17150 27788.90100 27411.93950 28534.13300 28158.86250 27781.90100
28535.83100 28161.89400 27786.24550 28906.39050 28532.45350 28156.80500 29276.77500 28902.83800 28527.18950 28163.53900 27788.26850 27411.30700 28534.09850 28158.82800 27781.86650 28904.48300 28529.21250 28152.25100 27789.90550 27413.32250 27035.07000 28160.46500 27783.88200 27405.62950 28530.84950 28154.26650 27776.01400
28533.47350 28158.20300 27781.24150 28904.45600 28529.18550 28152.22400 29275.22450 28899.95400 28522.99250 28159.84000 27783.25700 27405.00450 28530.82250 28154.23950 27775.98700 28901.59100 28525.00800 28146.75550 27784.88550 27407.01250 27027.49050 28155.86800 27777.99500 27398.47300 28526.63650 28148.76350 27769.24150
28530.20500 28153.62200 27775.36950 28901.57150 28524.98850 28146.73600 29272.68550 28896.10250 28517.85000 28155.25050 27777.37750 27397.85550 28526.61700 28148.74400 27769.22200 28897.73100 28519.85800 28140.33600 27778.99800 27399.85650 27019.08650 28150.36450 27771.22300 27390.45300 28521.47850 28142.33700 27761.56700
28526.00700 28148.13400 27768.61200 28897.71750 28519.84450 28140.32250 29269.13800 28891.26500 28511.74300 28149.75450 27770.61300 27389.84300 28521.46500 28142.32350 27761.55350 28892.88550 28513.74400 28132.97400 27772.22550 27391.83700 27009.84250 28143.93600 27763.54750 27381.55300 28515.35650 28134.96800 27752.97350
28520.86250 28141.72100 27760.95100 28892.87950 28513.73800 28132.96800 29264.56700 28885.42550 28504.65550 28143.33350 27762.94500 27380.95050 28515.35050 28134.96200 27752.96750 28887.03800 28506.64950 28124.65500 27764.55050 27382.93750 26999.73950 28136.56750 27754.95450 27371.75650 28508.25500 28126.64200 27743.44400
28514.75450 28134.36600 27752.37150 28887.03800 28506.64950 28124.65500 29258.95200 28878.56350 28496.56900 28135.97150 27754.35850 27371.16050 28508.25500 28126.64200 27743.44400 28880.16900 28498.55600 28115.35800 27755.95600 27373.14100 26988.76300 28128.23950 27745.42450 27361.04650 28500.15350 28117.33850 27732.96050
28507.66600 28126.05300 27742.85500 28880.17550 28498.56250 28115.36450 29252.27700 28870.66400 28487.46600 28127.65050 27744.83550 27360.45750 28500.16000 28117.34500 27732.96700 28872.26150 28489.44650 28105.06850 27746.42650 27362.43150 26976.89550 28118.93600 27734.94100 27349.40500 28491.03750 28107.04250 27721.50650
28499.57850 28116.76350 27732.38550 28872.27450 28489.45950 28105.08150 29244.52300 28861.70800 28477.33000 28118.35450 27734.35950 27348.82350 28491.05050 28107.05550 27721.51950 28863.29900 28479.30400 28093.76800 27735.94250 27350.79100 26964.12050 28108.63850 27723.48700 27336.81650 28480.88700 28095.73550 27709.06500
28490.47500 28106.48000 27720.94400 28863.31750 28479.32250 28093.78650 29235.67250 28851.67750 28466.14150 28108.06300 27722.91150 27336.24100 28480.90550 28095.75400 27709.08350 28853.26050 28468.10900 28081.43850 27724.48800 27338.20200 26950.41900 28097.33050 27711.04450 27323.26150 28469.68550 28083.39950 27695.61650
28480.33700 28095.18550 27708.51500 28853.28550 28468.13400 28081.46350 29225.70650 28840.55500 28453.88450 28096.76200 27710.47600 27322.69300 28469.71050 28083.42450 27695.64150 28842.13150 28455.84550 28068.06250 27712.04550 27324.64850 26935.77650 28084.99400 27697.59700 27308.72500 28457.41500 28070.01800 27681.14600
28469.14800 28082.86200 27695.07900 28842.16200 28455.87600 28068.09300 29214.60800 28828.32200 28440.53900 28084.43150 27697.03450 27308.16250 28457.44550 28070.04850 27681.17650 28829.89150 28442.49450 28053.62250 27698.59700 27310.11150 26920.17400 28071.61100 27683.12550 27293.18800 28444.05700 28055.57150 27665.63400
28456.88900 28069.49200 27680.62000 28829.92750 28442.53050 28053.65850 29202.35650 28814.95950 28426.08750 28071.05450 27682.56900 27292.63150 28444.09300 28055.60750 27665.67000 28816.52200 28428.03650 28038.09900 27684.12550 27294.57450 26903.59450 28057.16400 27667.61300 27276.63300 28429.59300 28040.04200 27649.06200
28443.54250 28055.05700 27665.11950 28816.56400 28428.07850 28038.14100 29188.93500 28800.44950 28410.51200 28056.61350 27667.06250 27276.08250 28429.63500 28040.08400 27649.10400 28802.00600 28412.45500 28021.47500 27668.61250 27278.02000 26886.02050 28041.63400 27651.04150 27259.04200 28414.00500 28023.41250 27631.41300
28429.09000 28039.53900 27648.55900 28802.05350 28412.50250 28021.52250 29174.32550 28784.77450 28393.79450 28041.08900 27650.49650 27258.49700 28414.05250 28023.46000 27631.46050 28786.32450 28395.73200 28003.73250 27652.04000 27260.42950 26867.43450 28025.00350 27633.39300 27240.39800 28397.27550 28005.66500 27612.67000
28413.51300 28022.92050 27630.92100 28786.37600 28395.78350 28003.78400 29158.50700 28767.91450 28375.91500 28024.46400 27632.85350 27239.85850 28397.32700 28005.71650 27612.72150 28769.45800 28377.84750 27984.85250 27634.39100 27241.78600 26847.81950 28007.25400 27614.64900 27220.68250 28379.38500 27986.78000 27592.81350
28396.79400 28005.18350 27612.18850 28769.51450 28377.90400 27984.90900 29141.46200 28749.85150 28356.85650 28006.72100 27614.11600 27220.14950 28379.44150 27986.83650 27592.87000 28751.38900 28358.78400 27964.81750 27615.64700 27222.07100 26827.15700 27988.36750 27594.79150 27199.87750 28360.31500 27966.73900 27571.82500
28378.91300 27986.30800 27592.34150 28751.45000 28358.84500 27964.87850 29123.17100 28730.56600 28336.59950 27987.83900 27594.26300 27199.34900 28360.37600 27966.80000 27571.88600 28732.09700 28338.52100 27943.60700 27595.78900 27201.26550 26805.42750 27968.32600 27573.80250 27177.96450 28340.04700 27945.52350 27549.68550
28359.85300 27966.27700 27571.36300 28732.16350 28338.58750 27943.67350 29103.61500 28710.03900 28315.12500 27967.80300 27573.27950 27177.44150 28340.11350 27945.59000 27549.75200 28711.56500 28317.04150 27921.20350        nan        nan        nan        nan        nan        nan        nan        nan        nan
