       nan        nan        nan        nan        nan        nan        nan        nan        nan  357.53221        nan        nan        nan        nan        nan        nan        nan        nan  357.57029  358.12203        nan        nan        nan        nan        nan        nan        nan
 357.49012        nan        nan  356.98794        nan        nan        nan        nan        nan  357.52819  358.07980        nan  357.02591  357.57596        nan        nan        nan        nan  357.60442  358.16110  358.62061  357.10192  357.65703  358.11526        nan        nan        nan
 357.44393  357.99528        nan  356.93517  357.48494        nan  356.51590  357.06439        nan  357.52012  358.07654  358.53584  357.01114  357.56597  358.02396  356.59170  357.14523  357.60214  357.63457  358.19863  358.67112  357.12526  357.68771  358.15885  356.70556  357.26668  357.73671
 357.39352  357.94955  358.40852  356.87480  357.42921  357.88685  356.43836  356.99141  357.44793  357.50789  358.07155  358.54370  356.98884  357.55085  358.02163  356.55211  357.11276  357.58238  357.66069  358.23454  358.72366  357.14119  357.71337  358.20107  356.70410  357.27488  357.76138
 357.33870  357.90183  358.37353  356.80671  357.36815  357.83845  356.34858  356.90858  357.37767  357.49136  358.06466  358.55332  356.95891  357.53050  358.01771  356.50039  357.07051  357.55646  357.68268  358.26871  358.77770  357.14966  357.73394  358.24141  356.69064  357.27343  357.77959
 357.27931  357.85193  358.34001  356.73081  357.30167  357.78825  356.24722  356.81654  357.30179  357.47040  358.05573  358.56412  356.92131  357.50485  358.01167  356.43721  357.01916  357.52460  357.70038  358.30094  358.83258  357.15059  357.74930  358.27931  356.66587  357.26295  357.79151
 357.21517  357.79967  358.30732  356.64712  357.22977  357.73580  356.13501  356.71598  357.22056  357.44483  358.04452  358.57540  356.87605  357.47384  358.00303  356.36328  356.95935  357.48701  357.71367  358.33100  358.88768  357.14404  357.75940  358.31431  356.63049  357.24409  357.79740
 357.14612  357.74481  358.27480  356.55569  357.15240  357.68064  356.01258  356.60747  357.13410  357.41450  358.03081  358.58655  356.82319  357.43746  357.99136  356.27927  356.89166  357.44387  357.72238  358.35861  358.94234  357.13005  357.76417  358.34597  356.58519  357.21738  357.79740
 357.07203  357.68715  358.24183  356.45666  357.06966  357.62242  355.88058  356.49160  357.04257  357.37931  358.01432  358.59694  356.76289  357.39570  357.97630  356.18582  356.81659  357.39531  357.72639  358.38350  358.99599  357.10877  357.76361  358.37398  356.53058  357.18330  357.79169
 356.99281  357.62644  358.20780  356.35021  356.98156  357.56081  355.73957  356.36876  356.94603  357.33914  357.99483  358.60599  356.69529  357.34861  357.95757  356.08347  356.73456  357.34142  357.72557  358.40539  359.04806  357.08032  357.75770  358.39804  356.46719  357.14223  357.78038
 356.90838  357.56249  358.17217  356.23653  356.88818  357.49556  355.59008  356.23936  356.84454  357.29388  357.97206  358.61318  356.62058  357.29621  357.93490  355.97273  356.64590  357.28227  357.71981  358.42402  359.09808  357.04491  357.74646  358.41797  356.39552  357.09452  357.76358
 356.81869  357.49507  358.13447  356.11583  356.78955  357.42643  355.43252  356.10365  356.73809  357.24349  357.94582  358.61808  356.53896  357.23852  357.90813  355.85403  356.55090  357.21793  357.70903  358.43913  359.14560  357.00267  357.72989  358.43356  356.31596  357.04037  357.74133
 356.72371  357.42400  358.09430  355.98832  356.68572  357.35326  355.26734  355.96192  356.62674  357.18790  357.91587  358.62028  356.45060  357.17556  357.87705  355.72775  356.44977  357.14841  357.69317  358.45052  359.19025  356.95379  357.70800  358.44467  356.22889  356.98005  357.71372
 356.62342  357.34909  358.05127  355.85420  356.57674  357.27588  355.09487  355.81433  356.51048  357.12710  357.88205  358.61943  356.35571  357.10740  357.84159  355.59424  356.34272  357.07376  357.67217  358.45799  359.23171  356.89842  357.68084  358.45120  356.13463  356.91371  357.68076
 356.51785  357.27022  358.00509  355.71365  356.46263  357.19417  354.91543  355.66105  356.38930  357.06106  357.84419  358.61526  356.25441  357.03401  357.80158  355.45377  356.22986  356.99398  357.64599  358.46135  359.26970  356.83670  357.64837  358.45305  356.03344  356.84146  357.64250
 356.40697  357.18723  357.95547  355.56685  356.34344  357.10805  354.72929  355.50222  356.26322  356.98976  357.80213  358.60749  356.14690  356.95543  357.75699  355.30661  356.11132  356.90909  357.61459  358.46046  359.30395  356.76878  357.61064  358.45014  355.92555  356.76344  357.59896
 356.29082  357.10001  357.90221  355.41395  356.21916  357.01740  354.53671  355.33794  356.13224  356.91320  357.75575  358.59593  356.03327  356.87167  357.70769  355.15297  355.98722  356.81910  357.57797  358.45518  359.33428  356.69476  357.56764  358.44238  355.81119  356.67975  357.55015
 356.16939  357.00842  357.84509  355.25509  356.08982  356.92218  354.33787  355.16829  355.99634  356.83138  357.70493  358.58035  355.91368  356.78274  357.65364  354.99306  355.85763  356.72401  357.53608  358.44538  359.36050  356.61476  357.51938  358.42976  355.69051  356.59044  357.49610
 356.04273  356.91242  357.78395  355.09041  355.95545  356.82231  354.13297  354.99335  355.85552  356.74431  357.64959  358.56064  355.78824  356.68867  357.59482  354.82704  355.72260  356.62385  357.48893  358.43099  359.38244  356.52887  357.46587  358.41219  355.56367  356.49559  357.43679
 355.91085  356.81190  357.71868  354.92001  355.81604  356.71776  353.92219  354.81319  355.70982  356.65200  357.58964  358.53662  355.65702  356.58944  357.53112  354.65507  355.58223  356.51859  357.43652  358.41191  359.39999  356.43718  357.40711  358.38964  355.43082  356.39528  357.37225
 355.77378  356.70680  357.64911  354.74400  355.67163  356.60847  353.70567  354.62786  355.55920  356.55444  357.52501  358.50820  355.52015  356.48509  357.46256  354.47727  355.43655  356.40827  357.37885  358.38805  359.41301  356.33978  357.34311  358.36209  355.29209  356.28952  357.30250
 355.63153  356.59708  357.57516  354.56248  355.52223  356.49441  353.48353  354.43744  355.40369  356.45167  357.45564  358.47526  355.37770  356.37561  357.38908  354.29378  355.28561  356.29288  357.31589  358.35936  359.42142  356.23671  357.27387  358.32950  355.14756  356.17838  357.22753
 355.48416  356.48267  357.49675  354.37556  355.36785  356.37558  353.25591  354.24193  355.24328  356.34369  357.38147  358.43773  355.22973  356.26103  357.31067  354.10469  355.12946  356.17243  357.24768  358.32579  359.42511  356.12807  357.19943  358.29184  354.99734  356.06190  357.14735
 355.33164  356.36353  357.41378  354.18326  355.20849  356.25192  353.02290  354.04140  355.07798  356.23050  357.30248  358.39551  355.07631  356.14134  357.22728  353.91010  354.96813  356.04691  357.17418  358.28728  359.42401  356.01388  357.11975  358.24907  354.84151  355.94009  357.06196
 355.17404  356.23966  357.32620  353.98569  355.04418  356.12342  352.78460  353.83591  354.90781  356.11213  357.21861  358.34856  354.91750  356.01655  357.13890  353.71009  354.80167  355.91636  357.09544  358.24379  359.41806  355.89422  357.03484  358.20119  354.68016  355.81301  356.97137
 355.01136  356.11100  357.23395  353.78291  354.87493  355.99008  352.54110  353.62546  354.73276  355.98860  357.12983  358.29680  354.75338  355.88669  357.04554  353.50476  354.63010  355.78076  357.01143  358.19529  359.40719  355.76911  356.94473  358.14818  354.51335  355.68067  356.87560
 354.84364  355.97753  357.13697  353.57498  354.70076  355.85188  352.29250  353.41012  354.55287  355.85989  357.03612  358.24018  354.58396  355.75175  356.94715  353.29417  354.45347  355.64014  356.92216  358.14173  359.39134  355.63862  356.84941  358.09001  354.34116  355.54312  356.77463
 354.67089  355.83925  357.03524  353.36193  354.52168  355.70881  352.03883  353.18989  354.36811  355.72606  356.93745  358.17867  354.40932  355.61175  356.84374  353.07838  354.27178  355.49449  356.82766  358.08310  359.37049  355.50276  356.74889  358.02668  354.16361  355.40035  356.66849
 354.49314  355.69613  356.92871  353.14387  354.33770  355.56087  351.78022  352.96484  354.17853  355.58710  356.83381  358.11222  354.22950  355.46670  356.73531  352.85747  354.08509  355.34384  356.72792  358.01938  359.34459  355.36161  356.64318  357.95820  353.98082  355.25243  356.55719
 354.31040  355.54816  356.81736  352.92078  354.14884  355.40805  351.51667  352.73496  353.98411  355.44303  356.72518  358.04081  354.04453  355.31660  356.62184  352.63148  353.89340  355.18818  356.62295  357.95053  359.31357  355.21517  356.53227  357.88451  353.79277  355.09933  356.44070
 354.12272  355.39535  356.70117  352.69277  353.95512  355.25036  351.24830  352.50031  353.78491  355.29387  356.61156  357.96440  353.85447  355.16148  356.50332  352.40048  353.69676  355.02753  356.51275  357.87656  359.27743  355.06348  356.41620  357.80564  353.59956  354.94113  356.31907
 353.93010  355.23767  356.58009  352.45984  353.75655  355.08778  350.97513  352.26092  353.58089  355.13963  356.49293  357.88297  353.65933  355.00135  356.37976  352.16451  353.49519  354.86191  356.39736  357.79744  359.23614  354.90657  356.29495  357.72156  353.40122  354.77781  356.19228
 353.73256  355.07514  356.45412  352.22205  353.55317  354.92033  350.69722  352.01681  353.37210  354.98032  356.36927  357.79649  353.45916  354.83621  356.25115  351.92362  353.28871  354.69131  356.27675  357.71315  359.18966  354.74448  356.16853  357.63229  353.19778  354.60941  356.06036
 353.53015  354.90775  356.32326  351.97945  353.34497  354.74802  350.41463  351.76802  353.15854  354.81598  356.24061  357.70496  353.25401  354.66610  356.11751  351.67786  353.07735  354.51576  356.15096  357.62371  359.13799  354.57724  356.03697  357.53782  352.98929  354.43595  355.92331
 353.32286  354.73550  356.18747  351.73206  353.13198  354.57084  350.12742  351.51458  352.94025  354.64660  356.10691  357.60835  353.04389  354.49100  355.97882  351.42729  352.86115  354.33529  356.01998  357.52908  359.08108  354.40486  355.90027  357.43813  352.77580  354.25746  355.78113
 353.11072  354.55839  356.04677  351.47993  352.91422  354.38880  349.83562  351.25649  352.71723  354.47221  355.96819  357.50664  352.82884  354.31095  355.83508  351.17192  352.64011  354.14987  355.88384  357.42927  359.01893  354.22738  355.75843  357.33323  352.55733  354.07394  355.63383
 352.89378  354.37644  355.90113  351.22308  352.69170  354.20190  349.53928  350.99382  352.48949  354.29284  355.82445  357.39984  352.60889  354.12595  355.68630  350.91181  352.41427  353.95954  355.74254  357.32427  358.95154  354.04482  355.61145  357.22312  352.33392  353.88542  355.48144
 352.67203  354.18964  355.75055  350.96157  352.46445  354.01016  349.23845  350.72658  352.25706  354.10848  355.67568  357.28793  352.38408  353.93602  355.53250  350.64700  352.18365  353.76433  355.59608  357.21408  358.87886  353.85720  355.45938  357.10781  352.10561  353.69192  355.32397
 352.44551  353.99800  355.59504  350.69542  352.23249  353.81361  348.93317  350.45480  352.01996  353.91915  355.52189  357.17090  352.15443  353.74119  355.37369  350.37752  351.94827  353.56423  355.44451  357.09870  358.80090  353.66458  355.30221  356.98729  351.87244  353.49347  355.16140
 352.21425  353.80154  355.43460  350.42467  351.99584  353.61223  348.62348  350.17851  351.77821  353.72491  355.36310  357.04876  351.91998  353.54146  355.20984  350.10343  351.70817  353.35926  355.28781  356.97813  358.71766  353.46694  355.13994  356.86155  351.63443  353.29008  354.99377
 351.97826  353.60027  355.26921  350.14935  351.75451  353.40603  348.30944  349.89774  351.53183  353.52573  355.19928  356.92148  351.68075  353.33684  355.04098  349.82475  351.46337  353.14944  355.12599  356.85237  358.62911  353.26431  354.97259  356.73062  351.39161  353.08178  354.82109
 351.73756  353.39418  355.09888  349.86950  351.50854  353.19504  347.99106  349.61251  351.28083  353.32163  355.03047  356.78908  351.43676  353.12737  354.86713  349.54150  351.21388  352.93479  354.95909  356.72142  358.53526  353.05675  354.80019  356.59450  351.14403  352.86859  354.64336
 351.49216  353.18331  354.92361  349.58513  351.25793  352.97927  347.66840  349.32287  351.02525  353.11267  354.85666  356.65154  351.18806  352.91305  354.68827  349.25376  350.95975  352.71533  354.78709  356.58527  358.43609  352.84424  354.62273  356.45318  350.89170  352.65052  354.46062
 351.24213  352.96765  354.74343  349.29631  351.00272  352.75873  347.34151  349.02882  350.76509  352.89882  354.67786  356.50889  350.93465  352.69390  354.50445  348.96152  350.70099  352.49108  354.61004  356.44395  358.33161  352.62683  354.44024  356.30668  350.63468  352.42760  354.27284
 350.98745  352.74723  354.55832  349.00305  350.74293  352.53345  347.01039  348.73041  350.50039  352.68014  354.49410  356.36110  350.67661  352.46996  354.31565  348.66485  350.43763  352.26204  354.42793  356.29745  358.22180  352.40454  354.25272  356.15499  350.37296  352.19985  354.08007
 350.72818  352.52205  354.36829  348.70539  350.47859  352.30343  346.67513  348.42768  350.23117  352.45662  354.30535  356.20819  350.41391  352.24122  354.12189  348.36375  350.16969  352.02825  354.24078  356.14576  358.10667  352.17739  354.06019  355.99814  350.10661  351.96728  353.88232
 350.46431  352.29215  354.17336  348.40335  350.20969  352.06867  346.33572  348.12063  349.95744  352.22830  354.11165  356.05016  350.14660  352.00769  353.92317  348.05829  349.89719  351.78971  354.04861  355.98893  357.98622  351.94540  353.86268  355.83611  349.83564  351.72994  353.67959
 350.19588  352.05750  353.97352  348.09697  349.93628  351.82922  345.99223  347.80930  349.67924  351.99519  353.91301  355.88701  349.87472  351.76944  353.71953  347.74848  349.62019  351.54646  353.85143  355.82693  357.86044  351.70860  353.66018  355.66893  349.56009  351.48783  353.47191
 349.92292  351.81817  353.76881  347.78628  349.65839  351.58509  345.64467  347.49373  349.39658  351.75731  353.70944  355.71875  349.59828  351.52645  353.51097  347.43436  349.33867  351.29849  353.64926  355.65977  357.72934  351.46702  353.45272  355.49661  349.27997  351.24097  353.25929
 349.64547  351.57415  353.55921  347.47132  349.37603  351.33628  345.29310  347.17394  349.10949  351.51470  353.50095  355.54540  349.31733  351.27875  353.29750  347.11597  349.05268  351.04586  353.44213  355.48749  357.59293  351.22066  353.24031  355.31914  348.99533  350.98940  353.04174
 349.36351  351.32545  353.34474  347.15212  349.08923  351.08282  344.93756  346.84997  348.81799  351.26735  353.28754  355.36693  349.03187  351.02635  353.07913  346.79334  348.76225  350.78855  353.23002  355.31005  357.45118  350.96957  353.02298  355.13656  348.70619  350.73313  352.81930
 349.07711  351.07211  353.12542  346.82870  348.79801  350.82474  344.57806  346.52183  348.52211  351.01531  353.06926  355.18339  348.74194  350.76930  352.85590  346.46649  348.46740  350.52662  353.01299  355.12750  357.30413  350.71376  352.80074  354.94885  348.41258  350.47218  352.59195
 348.78626  350.81414  352.90127  346.50109  348.50241  350.56204  344.21466  346.18958  348.22189  350.75858  352.84609  354.99476  348.44758  350.50759  352.62779  346.13548  348.16816  350.26007  352.79103  354.93984  357.15177  350.45326  352.57360  354.75604  348.11455  350.20660  352.35975
 348.49102  350.55155  352.67228  346.16934  348.20243  350.29475  343.84739  345.85321  347.91731  350.49720  352.61807  354.80107  348.14881  350.24127  352.39485  345.80031  347.86456  349.98891  352.56417  354.74708  356.99410  350.18809  352.34159  354.55814  347.81210  349.93638  352.12268
 348.19139  350.28437  352.43848  345.83347  347.89812  350.02289  343.47629  345.51280  347.60844  350.23118  352.38520  354.60231  347.84564  349.97034  352.15707  345.46104  347.55662  349.71319  352.33241  354.54922  356.83113  349.91827  352.10471  354.35516  347.50526  349.66156  351.88079
 347.88741  350.01262  352.19988  345.49352  347.58949  349.74647  343.10138  345.16834  347.29529  349.96054  352.14751  354.39851  347.53813  349.69483  351.91449  345.11769  347.24437  349.43293  352.09580  354.34629  356.66287  349.64384  351.86300  354.14712  347.19409  349.38216  351.63409
 347.57911  349.73632  351.95651  345.14951  347.27658  349.46555  342.72271  344.81988  346.97789  349.68532  351.90500  354.18967  347.22629  349.41477  351.66712  344.77030  346.92783  349.14813  351.85434  354.13830  356.48934  349.36482  351.61648  353.93403  346.87860  349.09821  351.38259
 347.26650  349.45549  351.70836  344.80148  346.95940  349.18010  342.34032  344.46745  346.65627  349.40553  351.65771  353.97581  346.91015  349.13018  351.41497  344.41891  346.60706  348.85884  351.60804  353.92525  356.31051  349.08123  351.36514  353.71590  346.55881  348.80974  351.12631
 346.94963  349.17016  351.45547  344.44946  346.63800  348.89019  341.95423  344.11108  346.33045  349.12119  351.40563  353.75694  346.58975  348.84107  351.15807  344.06353  346.28205  348.56506  351.35695  353.70717  356.12642  348.79310  351.10904  353.49275  346.23477  348.51675  350.86528
 346.62851  348.88034  351.19786  344.09348  346.31239  348.59580  341.56449  343.75080  346.00045  348.83235  351.14881  353.53307  346.26511  348.54748  350.89643  343.70421  345.95285  348.26684  351.10107  353.48407  355.93707  348.50045  350.84816  353.26459  345.90651  348.21928  350.59951
 346.30317  348.58605  350.93552  343.73358  345.98260  348.29699  341.17113  343.38664  345.66631  348.53901  350.88724  353.30421  345.93626  348.24943  350.63007  343.34098  345.61947  347.96417  350.84042  353.25597  355.74247  348.20331  350.58256  353.03144  345.57404  347.91737  350.32903
 345.97365  348.28732  350.66848  343.36979  345.64866  347.99375  340.77418  343.01861  345.32804  348.24119  350.62096  353.07038  345.60322  347.94695  350.35902  342.97387  345.28195  347.65709  350.57502  353.02287  355.54264  347.90171  350.31224  352.79332  345.23740  347.61102  350.05386
 345.63997  347.98420  350.39679  343.00213  345.31060  347.68614  340.37369  342.64679  344.98569  347.93895  350.34999  352.83161  345.26604  347.64006  350.08331  342.60292  344.94033  347.34564  350.30491  352.78481  355.33758  347.59568  350.03723  352.55025  344.89663  347.30028  349.77402
 345.30216  347.67668  350.12044  342.63065  344.96844  347.37415  339.96969  342.27119  344.63929  347.63228  350.07435  352.58791  344.92474  347.32878  349.80293  342.22816  344.59463  347.02985  350.03010  352.54178  355.12732  347.28522  349.75753  352.30224  344.55175  346.98516  349.48955
 344.96025  347.36479  349.83945  342.25537  344.62222  347.05783  339.56221  341.89183  344.28886  347.32121  349.79404  352.33928  344.57933  347.01313  349.51792  341.84962  344.24487  346.70972  349.75060  352.29383  354.91184  346.97038  349.47319  352.04929  344.20280  346.66570  349.20043
 344.61425  347.04855  349.55385  341.87633  344.27196  346.73719  339.15128  341.50874  343.93442  347.00578  349.50911  352.08574  344.22988  346.69317  349.22830  341.46733  343.89111  346.38527  349.46644  352.04094  354.69117  346.65119  349.18422  351.79146  343.84980  346.34191  348.90672
 344.26422  346.72801  349.26365  341.49356  343.91770  346.41226  338.73696  341.12199  343.57601  346.68601  349.21956  351.82733  343.87639  346.36889  348.93410  341.08134  343.53334  346.05658  349.17765  351.78315  354.46534  346.32766  348.89065  351.52874  343.49279  346.01383  348.60844
 343.91018  346.40317  348.96889  341.10709  343.55946  346.08308  338.31925  340.73156  343.21365  346.36193  348.92543  351.56405  343.51890  346.04033  348.63534  340.69167  343.17161  345.72361  348.88426  351.52049  354.23435  345.99985  348.59251  351.26117  343.13179  345.68149  348.30560
 343.55214  346.07406  348.66958  340.71696  343.19727  345.74966  337.89822  340.33752  342.84739  346.03357  348.62673  351.29593  343.15745  345.70753  348.33204  340.29836  342.80596  345.38644  348.58628  351.25296  353.99821  345.66775  348.28980  350.98875  342.76685  345.34491  347.99823
 343.19016  345.74073  348.36574  340.32320  342.83117  345.41203  337.47389  339.93990  342.47724  345.70094  348.32349  351.02297  342.79205  345.37049  348.02421  339.90143  342.43641  345.04506  348.28374  350.98058  353.75694  345.33141  347.98255  350.71150  342.39798  345.00411  347.68636
 342.82425  345.40318  348.05740  339.92583  342.46117  345.07021  337.04630  339.53871  342.10324  345.36409  348.01573  350.74520  342.42275  345.02925  347.71189  339.50093  342.06298  344.69952  347.97665  350.70339  353.51056  344.99084  347.67080  350.42944  342.02523  344.65914  347.37000
 342.45445  345.06144  347.74459  339.52491  342.08732  344.72423  336.61548  339.13400  341.72541  345.02302  347.70349  350.46264  342.04956  344.68385  347.39510  339.09689  341.68572  344.34983  347.66507  350.42140  353.25909  344.64609  347.35457  350.14261  341.64862  344.31001  347.04920
 342.08078  344.71555  347.42730  339.12045  341.70964  344.37413  336.18146  338.72580  341.34378  344.67779  347.38677  350.17532  341.67254  344.33430  347.07388  338.68934  341.30465  343.99604  347.34899  350.13461  353.00253  344.29718  347.03388  349.85102  341.26818  343.95675  346.72396
 341.70329  344.36553  347.10560  338.71251  341.32817  344.01993  335.74430  338.31415  340.95840  344.32841  347.06560  349.88326  341.29170  343.98064  346.74823  338.27832  340.91980  343.63817  347.02845  349.84308  352.74092  343.94414  346.70876  349.55470  340.88395  343.59940  346.39432
 341.32199  344.01141  346.77949  338.30109  340.94293  343.66166  335.30402  337.89908  340.56929  343.97490  346.74002  349.58647  340.90707  343.62289  346.41819  337.86386  340.53122  343.27624  346.70347  349.54681  352.47427  343.58700  346.37924  349.25367  340.49597  343.23799  346.06031
 340.93691  343.65321  346.44900  337.88624  340.55395  343.29934  334.86064  337.48061  340.17648  343.61731  346.41005  349.28499  340.51870  343.26109  346.08379  337.44599  340.13892  342.91029  346.37410  349.24582  352.20259  343.22579  346.04534  348.94793  340.10426  342.87254  345.72194
 340.54811  343.29097  346.11416  337.46800  340.16128  342.93302  334.41423  337.05879  339.78000  343.25567  346.07571  348.97882  340.12661  342.89526  345.74504  337.02476  339.74294  342.54034  346.04033  348.94015  351.92591  342.86054  345.70708  348.63755  339.70885  342.50309  345.37926
 340.15560  342.92472  345.77499  337.04641  339.76494  342.56270  333.96481  336.63366  339.37988  342.88999  345.73702  348.66800  339.73084  342.52544  345.40199  336.60018  339.34331  342.16644  345.70221  348.62980  351.64425  342.49128  345.36450  348.32251  339.30978  342.12965  345.03227
 339.75940  342.55448  345.43151  336.62147  339.36495  342.18844  333.51240  336.20523  338.97617  342.52030  345.39402  348.35254  339.33141  342.15165  345.05464  336.17231  338.94006  341.78859  345.35976  348.31481  351.35762  342.11802  345.01763  348.00285  338.90707  341.75227  344.68102
 339.35957  342.18027  345.08376  336.19326  338.96136  341.81024  333.05706  335.77355  338.56888  342.14664  345.04673  348.03247  338.92836  341.77392  344.70304  335.74117  338.53324  341.40685  345.01301  347.99520  351.06604  341.74083  344.66648  347.67860  338.50078  341.37099  344.32554
 338.95612  341.80215  344.73176  335.76176  338.55418  341.42815  332.59880  335.33864  338.15804  341.76905  344.69519  347.70782  338.52171  341.39228  344.34720  335.30679  338.12286  341.02121  344.66199  347.67100  350.76956  341.35971  344.31109  347.34978  338.09091  340.98580  343.96583
 338.54909  341.42012  344.37552  335.32705  338.14347  341.04218  332.13769  334.90056  337.74370  341.38755  344.33941  347.37860  338.11152  341.00676  343.98715  334.86922  337.70897  340.63175  344.30672  347.34223  350.46816  340.97470  343.95149  347.01642  337.67752  340.59678  343.60195
 338.13852  341.03423  344.01511  334.88917  337.72925  340.65239  331.67374  334.45932  337.32589  341.00216  343.97943  347.04486  337.69780  340.61741  343.62294  334.42848  337.29159  340.23847  343.94724  347.00892  350.16190  340.58584  343.58771  346.67854  337.26064  340.20392  343.23391
 337.72443  340.64450  343.65051  334.44810  337.31155  340.25878  331.20699  334.01497  336.90463  340.61292  343.61527  346.70660  337.28060  340.22423  343.25458  333.98462  336.87076  339.84140  343.58356  346.67108  349.85078  340.19315  343.21976  346.33618  336.84028  339.80727  342.86175
 337.30686  340.25096  343.28179  334.00394  336.89041  339.86141  330.73749  333.56754  336.47996  340.21987  343.24696  346.36388  336.85994  339.82727  342.88211  333.53766  336.44651  339.44060  343.21574  346.32875  349.53483  339.79667  342.84769  345.98935  336.41651  339.40687  342.48549
 336.88585  339.85365  342.90896  333.55668  336.46586  339.46030  330.26526  333.11706  336.05193  339.82304  342.87454  346.01668  336.43586  339.42656  342.50555  333.08765  336.01886  339.03606  342.84378  345.98197  349.21408  339.39642  342.47154  345.63808  335.98932  339.00274  342.10517
 336.46142  339.45258  342.53204  333.10637  336.03792  339.05546  329.79034  332.66355  335.62053  339.42244  342.49803  345.66507  336.00837  339.02213  342.12492  332.63460  335.58787  338.62784  342.46772  345.63075  348.88855  338.99244  342.09130  345.28241  335.55878  338.59491  341.72082
 336.03360  339.04781  342.15108  332.65304  335.60664  338.64695  329.31275  332.20708  335.18583  339.01812  342.11746  345.30905  335.57754  338.61401  341.74028  332.17857  335.15356  338.21597  342.08760  345.27512  348.55825  338.58476  341.70704  344.92235  335.12491  338.18342  341.33245
 335.60245  338.63937  341.76610  332.19672  335.17204  338.23479  328.83256  331.74766  334.74787  338.61011  341.73287  344.94866  335.14339  338.20223  341.35162  331.71959  334.71598  337.80047  341.70343  344.91511  348.22324  338.17341  341.31876  344.55794  334.68774  337.76829  340.94012
 335.16797  338.22727  341.37712  331.73747  334.73418  337.81901  328.34979  331.28534  334.30665  338.19844  341.34426  344.58392  334.70594  337.78683  340.95901  331.25768  334.27513  337.38139  341.31526  344.55074  347.88351  337.75844  340.92652  344.18921  334.24733  337.34958  340.54385
 334.73021  337.81154  340.98419  331.27529  334.29306  337.39966  327.86447  330.82014  333.86223  337.78315  340.95169  344.21487  334.26525  337.36784  340.56246  330.79290  333.83108  336.95875  340.92311  344.18205  347.53910  337.33986  340.53033  343.81619  333.80367  336.92730  340.14366
 334.28921  337.39224  340.58732  330.81024  333.84873  336.97674  327.37664  330.35210  333.41463  337.36425  340.55519  343.84153  333.82133  336.94529  340.16199  330.32527  333.38384  336.53259  340.52702  343.80906  347.19005  336.91771  340.13022  343.43889  333.35684  336.50148  339.73960
 333.84498  336.96938  340.18656  330.34235  333.40123  336.55031  326.88633  329.88125  332.96388  336.94181  340.15477  343.46393  333.37423  336.51921  339.75766  329.85482  332.93344  336.10292  340.12701  343.43180  346.83636  336.49203  339.72623  343.05736  332.90684  336.07216  339.33167
 333.39759  336.54301  339.78192  329.87165  332.95058  336.12039  326.39359  329.40764  332.51004  336.51583  339.75048  343.08209  332.92398  336.08963  339.34948  329.38160  332.47993  335.66980  339.72311  343.05032  346.47809  336.06284  339.31840  342.67163  332.45372  335.63939  338.91995
 332.94704  336.11313  339.37345  329.39817  332.49682  335.68701  325.89844  328.93129  332.05311  336.08635  339.34236  342.69606  332.47060  335.65660  338.93750  328.90563  332.02335  335.23327  339.31536  342.66462  346.11523  335.63018  338.90673  342.28171  331.99751  335.20317  338.50443
 332.49339  335.67982  338.96118  328.92196  332.03999  335.25023  325.40093  328.45225  331.59316  335.65341  338.93041  342.30586  332.01415  335.22014  338.52173  328.42696  331.56372  334.79333  338.90379  342.27475  345.74784  335.19410  338.49130  341.88765  331.53824  334.76357  338.08516
 332.03665  335.24308  338.54512  328.44305  331.58012  334.81005  324.90108  327.97054  331.13020  335.21704  338.51469  341.91152  331.55464  334.78029  338.10221  327.94561  331.10108  334.35004  338.48844  341.88073  345.37594  334.75461  338.07211  341.48949  331.07597  334.32060  337.66218
 331.57688  334.80296  338.12534  327.96147  331.11724  334.36652  324.39893  327.48620  330.66426  334.77728  338.09522  341.51307  331.09213  334.33707  337.67899  327.46163  330.63546  333.90342  338.06934  341.48260  344.99955  334.31176  337.64919  341.08723  330.61070  333.87429  337.23550
 331.11409  334.35947  337.70183  327.47726  330.65140  333.91967  323.89453  326.99926  330.19539  334.33415  337.67204  341.11054  330.62664  333.89054  337.25208  326.97505  330.16691  333.45352  337.64650  341.08038  344.61871  333.86557  337.22259  340.68093  330.14249  333.42469  336.80518
 330.64834  333.91267  337.27466  326.99045  330.18262  333.46954  323.38790  326.50977  329.72362  333.88770  337.24517  340.70397  330.15820  333.44071  336.82152  326.48590  329.69544  333.00036  337.21998  340.67411  344.23344  333.41609  336.79234  340.27061  329.67137  332.97183  336.37123
 330.17963  333.46258  336.84384  326.50108  329.71093  333.01615  322.87908  326.01776  329.24899  333.43796  336.81465  340.29338  329.68685  332.98763  336.38735  325.99423  329.22111  332.54397  336.78981  340.26382  343.84377  332.96334  336.35847  339.85629  329.19737  332.51575  335.93370
 329.70805  333.00924  336.40941  326.00919  329.23638  332.55955  322.36811  325.52326  328.77153  332.98496  336.38053  339.87881  329.21264  332.53132  335.94960  325.50006  328.74394  332.08440  336.35601  339.84955  343.44975  332.50736  335.92101  339.43803  328.72052  332.05647  335.49262
 329.23357  332.55268  335.97140  325.51481  328.75899  332.09976  321.85502  325.02631  328.29127  332.52872  335.94280  339.46029  328.73557  332.07182  335.50829  325.00341  328.26396  331.62168  335.91862  339.43131  343.05140  332.04819  335.47999  339.01584  328.24087  331.59403  335.04802
 328.75627  332.09294  335.52985  325.01796  328.27880  331.63682  321.33983  324.52693  327.80825  332.06931  335.50155  339.03785  328.25571  331.60917  335.06348  324.50436  327.78123  331.15584  335.47769  339.00917  342.64875  331.58586  335.03546  338.58977  327.75846  331.12847  334.59994
 328.27616  331.63004  335.08479  324.51870  327.79586  331.17078  320.82261  324.02518  327.32250  331.60673  335.05676  338.61153  327.77309  331.14340  334.61519  324.00292  327.29576  330.68692  335.03321  338.58312  342.24181  331.12040  334.58744  338.15984  327.27329  330.65982  334.14840
 327.79331  331.16404  334.63626  324.01707  327.31019  330.70165  320.30338  323.52107  326.83407  331.14104  334.60851  338.18136  327.28772  330.67455  334.16345  323.49912  326.80760  330.21495  334.58527  338.15322  341.83066  330.65186  334.13597  337.72609  326.78543  330.18812  333.69346
 327.30771  330.69496  334.18428  323.51307  326.82183  330.22948  319.78215  323.01466  326.34297  330.67226  334.15680  337.74737  326.79967  330.20265  333.70830  322.99300  326.31677  329.73996  334.13387  337.71950  341.41529  330.18026  333.68109  337.28855  326.29490  329.71340  333.23512
 326.81942  330.22282  333.72890  323.00676  326.33081  329.75430  319.25900  322.50597  325.84927  330.20043  333.70169  337.30960  326.30894  329.72773  333.24977  322.48461  325.82333  329.26201  333.67906  337.28199  340.99576  329.70564  333.22282  336.84726  325.80176  329.23570  332.77346
 326.32848  329.74768  333.27015  322.49817  325.83717  329.27615  318.73393  321.99504  325.35297  329.72559  333.24320  336.86808  325.81560  329.24984  332.78791  321.97397  325.32729  328.78111  333.22086  336.84073  340.57208  329.22804  332.76121  336.40224  325.30600  328.75506  332.30848
 325.83492  329.26957  332.80806  321.98735  325.34095  328.79506  318.20699  321.48190  324.85414  329.24776  332.78137  336.42284  325.31966  328.76901  332.32273  321.46112  324.82870  328.29730  332.75932  336.39575  340.14430  328.74749  332.29630  335.95355  324.80769  328.27151  331.84022
 325.33876  328.78852  332.34266  321.47431  324.84217  328.31106  317.67820  320.96659  324.35277  328.76700  332.31623  335.97392  324.82116  328.28526  331.85428  320.94608  324.32759  327.81062  332.29447  335.94709  339.71246  328.26403  331.82810  335.50120  324.30686  327.78507  331.36873
 324.84005  328.30456  331.87400  320.95910  324.34089  327.82420  317.14762  320.44915  323.84894  328.28332  331.84782  335.52136  324.32016  327.79866  331.38261  320.42892  323.82400  327.32111  331.82633  335.49476  339.27658  327.77769  331.35667  335.04525  323.80355  327.29580  330.89404
 324.33884  327.81774  331.40212  320.44176  323.83712  327.33451  316.61528  319.92961  323.34266  327.79677  331.37617  335.06519  323.81666  327.30920  330.90774  319.90964  323.31797  326.82880  331.35496  335.03884  338.83669  327.28851  330.88203  334.58571  323.29778  326.80373  330.41617
 323.83514  327.32808  330.92703  319.92231  323.33091  326.84203  316.08119  319.40800  322.83399  327.30739  330.90132  334.60544  323.31072  326.81695  330.42969  319.38830  322.80952  326.33373  330.88038  334.57932  338.39284  326.79652  330.40422  334.12263  322.78959  326.30889  329.93518
 323.32900  326.83563  330.44878  319.40080  322.82229  326.34678  315.54540  318.88436  322.32293  326.81519  330.42331  334.14215  322.80236  326.32194  329.94852  318.86491  322.29870  325.83592  330.40263  334.11627  337.94506  326.30177  329.92329  333.65604  322.27902  325.81132  329.45109
 322.82043  326.34041  329.96740  318.87725  322.31130  325.84880  315.00795  318.35873  321.80953  326.32024  329.94217  333.67535  322.29162  325.82419  329.46425  318.33953  321.78553  325.33542  329.92175  333.64971  337.49337  325.80428  329.43925  333.18598  321.76611  325.31104  328.96394
 322.30951  325.84248  329.48295  318.35171  321.79798  325.34814  314.46887  317.83114  321.29385  325.82256  329.45794  333.20509  321.77855  325.32376  328.97694  317.81219  321.27007  324.83228  329.43778  333.17968  337.03784  325.30410  328.95217  332.71249  321.25089  324.80813  328.47377
 321.79624  325.34184  328.99543  317.82420  321.28234  324.84482  313.92819  317.30162  320.77589  325.32218  328.97066  332.73140  321.26317  324.82067  328.48660  317.28291  320.75234  324.32651  328.95074  332.70621  336.57847  324.80126  328.46205  332.23559  320.73341  324.30257  327.98061
 321.28067  324.83857  328.50490  317.29477  320.76445  324.33889  313.38595  316.77022  320.25571  324.81915  328.48035  332.25431  320.74552  324.31496  327.99327  316.75175  320.23237  323.81815  328.46068  332.22934  336.11533  324.29578  327.96894  331.75533  320.21368  323.79444  327.48451
 320.76284  324.33266  328.01139  316.76345  320.24433  323.83038  312.84219  316.23695  319.73333  324.31349  327.98705  331.77386  320.22563  323.80666  327.49701  316.21872  319.71020  323.30726  327.96763  331.74911  335.64842  323.78773  327.47289  331.27176  319.69175  323.28375  326.98549
 320.24277  323.82418  327.51494  316.23027  319.72201  323.31933  312.29692  315.70187  319.20880  323.80525  327.49082  331.29010  319.70355  323.29582  326.99784  315.68387  319.18588  322.79385  327.47163  331.26555  335.17781  323.27712  326.97392  330.78488  319.16766  322.77055  326.48360
 319.72051  323.31316  327.01558  315.69528  319.19754  322.80577  311.75020  315.16501  318.68214  323.29446  326.99167  330.80304  319.17931  322.78247  326.49579  315.14724  318.65943  322.27797  326.97272  330.77871  334.70351  322.76400  326.47209  330.29477  318.64144  322.25487  325.97887
 319.19609  322.79963  326.51335  315.15848  318.67093  322.28973  311.20205  314.62639  318.15340  322.78116  326.48964  330.31274  318.65293  322.26663  325.99090  314.60884  318.13089  321.75965  326.47093  330.28862  334.22558  322.24840  325.96741  329.80143  318.11312  321.73676  325.47134
 318.66954  322.28362  326.00829  314.61995  318.14225  321.77127  310.65251  314.08605  317.62261  322.26538  325.98479  329.81922  318.12448  321.74838  325.48323  314.06873  317.60030  321.23893  325.96629  329.79530  333.74404  321.73036  325.45993  329.30493  317.58275  321.21623  324.96104
 318.14091  321.76519  325.50043  314.07969  317.61152  321.25040  310.10161  313.54404  317.08980  321.74717  325.47713  329.32254  317.59396  321.22770  324.97278  313.52693  317.06769  320.71584  325.45887  329.29882  333.25894  321.20991  324.94969  328.80528  317.05036  320.69335  324.44802
 317.61023  321.24435  324.98982  313.53776  317.07876  320.72717  309.54939  313.00038  316.55502  321.22656  324.96672  328.82272  317.06142  320.70467  324.45961  312.98349  316.53310  320.19043  324.94867  328.79920  332.77032  320.68709  324.43671  328.30253  316.51597  320.16813  323.93231
 317.07753  320.72115  324.47647  312.99418  316.54403  320.20161  308.99588  312.45511  316.01828  320.70357  324.45357  328.31980  316.52690  320.17931  323.94376  312.43843  315.99656  319.66273  324.43574  328.29647  332.27821  320.16195  323.92105  327.79673  315.97964  319.64061  323.41394
 316.54285  320.19562  323.96046  312.44898  316.00735  319.67377  308.44110  311.90826  315.47965  320.17825  323.93774  327.81382  315.99044  319.65166  323.42525  311.89178  315.45810  319.13277  323.92013  327.79069  331.78265  319.63451  323.40273  327.28789  315.44140  319.11084  322.89297
 316.00621  319.66780  323.44178  311.90220  315.46876  319.14367  307.88510  311.35987  314.93913  319.65065  323.41926  327.30482  315.45206  319.12175  322.90413  311.34360  314.91778  318.60059  323.40185  327.28187  331.28367  319.10480  322.88179  326.77608  314.90127  318.57885  322.36942
 315.46768  319.13774  322.92050  311.35389  314.92831  318.61137  307.32792  310.80998  314.39679  319.12078  322.89816  326.79284  314.91180  318.58962  322.38045  310.79390  314.37561  318.06624  322.88097  326.77007  330.78132  318.57288  322.35829  326.26131  314.35931  318.04467  321.84332
 314.92727  318.60545  322.39666  310.80406  314.38601  318.07688  306.76956  310.25860  313.85264  318.58871  322.37450  326.27791  314.36971  318.05531  321.85422  310.24272  313.83164  317.52973  322.35750  326.25534  330.27565  318.03877  321.83225  325.74364  313.81553  317.50835  321.31472
 314.38502  318.07098  321.87026  310.25276  313.84191  317.54024  306.21009  309.70579  313.30672  318.05444  321.84829  325.76007  313.82580  317.51886  321.32549  309.69010  313.28591  316.99112  321.83149  325.73767  329.76668  317.50251  321.30369  325.22309  313.26999  316.96991  320.78367
 313.84096  317.53438  321.34138  309.70001  313.29605  317.00151  305.64952  309.15157  312.75908  317.51803  321.31958  325.23938  313.28013  316.98029  320.79430  309.13607  312.73843  316.45044  321.30299  325.21715  329.25446  316.96414  320.77268  324.69972  312.72271  316.42941  320.25019
 313.29514  316.99566  320.81004  309.14586  312.74844  316.46070  305.08789  308.59598  312.20974  316.97951  320.78842  324.71585  312.73272  316.43966  320.26069  308.58067  312.18926  315.90773  320.77202  324.69380  328.73901  316.42370  320.23924  324.17355  312.17372  315.88686  319.71431
 312.74759  316.45488  320.27628  308.59034  312.19916  315.91787  304.52523  308.03905  311.65874  316.43892  320.25483  324.18952  312.18362  315.89699  319.72469  308.02393  311.63843  315.36301  320.23862  324.16765  328.22040  315.88122  319.70342  323.64463  311.62308  315.34232  319.17609
 312.19834  315.91206  319.74013  308.03348  311.64820  315.37302  303.96157  307.48082  311.10611  315.89629  319.71886  323.66045  311.63285  315.35233  319.18635  307.46588  311.08597  314.81633  319.70283  323.63875  327.69865  315.33673  319.16524  323.11300  311.07079  314.79581  318.63556
 311.64743  315.36726  319.20164  307.47531  311.09563  314.82623  303.39696  306.92132  310.55189  315.35166  319.18053  323.12867  311.08045  314.80570  318.64569  306.90655  310.53192  314.26774  319.16469  323.10713  327.17382  314.79029  318.62475  322.57869  310.51692  314.24737  318.09276
 311.09489  314.82048  318.66084  306.91587  310.54145  314.27751  302.83140  306.36058  309.99612  314.80507  318.63990  322.59422  310.52646  314.25713  318.10277  306.34598  309.97630  313.71725  318.62424  322.57285  326.64593  314.24191  318.08199  322.04175  309.96148  313.69704  317.54772
 310.54076  314.27178  318.11778  306.35519  309.98573  313.72691  302.26496  305.79864  309.43884  314.25655  318.09700  322.05713  309.97091  313.70670  317.55762  305.78422  309.41918  313.16492  318.08152  322.03592  326.11502  313.69165  317.53700  321.50222  309.40454  313.14487  317.00049
 309.98508  313.72121  317.57248  305.79331  309.42849  313.17446  301.69764  305.23553  308.88007  313.70616  317.55186  321.51745  309.41384  313.15440  317.01026  305.22128  308.86056  312.61077  317.53656  321.49640  325.58115  313.13952  316.98979  320.96012  308.84609  312.59087  316.45109
 309.42787  313.16877  317.02499  305.23026  308.86976  312.62019  301.12949  304.67128  308.31985  313.15389  317.00452  320.97522  308.85529  312.60029  316.46075  304.65720  308.30049  312.05484  316.98940  320.95432  325.04434  312.58558  316.44044  320.41551  308.28619  312.03509  315.89958
 308.86918  312.61453  316.47534  304.66608  308.30958  312.06415  300.56054  304.10593  307.75822  312.59982  316.45503  320.43047  308.29528  312.04441  315.90912  304.09202  307.73901  311.49717  316.44008  320.40973  324.50464  312.02987  315.88897  319.86842  307.72487  311.47757  315.34598
 308.30904  312.05851  315.92358  304.10079  307.74799  311.50638  299.99081  303.53951  307.19520  312.04397  315.90342  319.88325  307.73385  311.48678  315.35542  303.52576  307.17614  310.93780  315.88864  319.86266  323.96210  311.47241  315.33541  319.31890  307.16216  310.91835  314.79034
 307.74749  311.50075  315.36974  303.53443  307.18502  310.94689  299.42033  302.97205  306.63084  311.48638  315.34973  319.33358  307.17104  310.92745  314.79966  302.95846  306.61193  310.37675  315.33512  319.31315  323.41675  310.91324  314.77981  318.76698  306.59811  310.35745  314.23268
 307.18456  310.94129  314.81385  302.96703  306.62071  310.38574  298.84915  302.40360  306.06517  310.92708  314.79400  318.78153  306.60689  310.36644  314.24191  302.39016  306.04640  309.81407  314.77954  318.76125  322.86862  310.35240  314.22220  318.21270  306.03274  309.79491  313.67306
 306.62027  310.38016  314.25596  302.39863  306.05507  309.82296  298.27730  301.83417  305.49822  310.36611  314.23625  318.22711  306.04141  309.80380  313.68217  301.82088  305.47960  309.24980  314.22197  318.20698  322.31778  309.78991  313.66261  317.65610  305.46609  309.23079  313.11152
 306.05468  309.81740  313.69611  301.82926  305.48817  309.25859  297.70479  301.26380  304.93004  309.80351  313.67655  317.67039  305.47467  309.23958  313.12053  301.25067  304.91155  308.68397  313.66242  317.65041  321.76426  309.22584  313.10112  317.09723  304.89820  308.66510  312.54808
 305.48781  309.25304  313.13434  301.25894  304.92003  308.69266  297.13166  300.69253  304.36064  309.23931  313.11492  317.11139  304.90668  308.67379  312.55699  300.67954  304.34230  308.11662  313.10095  317.09155  321.20809  308.66021  312.53771  316.53612  304.32910  308.09788  311.98279
 304.91970  308.68713  312.57067  300.68772  304.35068  308.12520  296.55796  300.12039  303.79009  308.67355  312.55139  316.55015  304.33748  308.10647  311.99160  300.10756  303.77187  307.54778  312.53757  316.53045  320.64932  308.09304  311.97246  315.97281  303.75882  307.52919  311.41569
 304.35038  308.11969  312.00515  300.11563  303.78015  307.55627  295.98369  299.54740  303.21838  308.10627  311.98602  315.98672  303.76710  307.53767  311.42439  299.53471  303.20031  306.97749  311.97235  315.96715  320.08799  307.52439  311.40539  315.40734  303.18740  306.95903  310.84680
 303.77989  307.55078  311.43784  299.54270  303.20850  306.98589  295.40890  298.97361  302.64559  307.53750  311.41883  315.42113  303.19559  306.96742  310.85541  298.96106  302.62763  306.40579  311.40532  315.40170  319.52415  306.95430  310.83654  314.83976  302.61488  306.38746  310.27618
 303.20826  306.98041  310.86873  298.96896  302.63573  306.41408  294.83361  298.39904  302.07171  306.96728  310.84985  314.85342  302.62297  306.39575  310.28469  298.38663  302.05389  305.83271  310.83650  314.83413  318.95783  306.38277  310.26595  314.27010  302.04127  305.81450  309.70386
 302.63553  306.40863  310.29789  298.39444  302.06189  305.84091  294.25786  297.82372  301.49680  306.39565  310.27915  314.28364  302.04927  305.82271  309.71227  297.81146  301.47911  305.25829  310.26594  314.26448  318.38909  305.80987  309.69366  313.69840  301.46663  305.24021  309.12987
 302.06172  305.83547  309.72536  297.81918  301.48702  305.26640  293.68167  297.24770  300.92089  305.82263  309.70675  313.71182  301.47454  305.24832  309.13819  297.23557  300.90332  304.68255  309.69368  313.69280  317.81795  305.23562  309.11971  313.12470  300.89098  304.66461  308.55426
 301.48688  305.26097  309.15116  297.24321  300.91115  304.69058  293.10508  296.67099  300.34401  305.24827  309.13269  313.13801  300.89881  304.67263  308.56249  296.65900  300.32657  304.10556  309.11976  313.11911  317.24447  304.66007  308.54414  312.54905  300.31437  304.08774  307.97706
 300.91104  304.68517  308.57535  296.66655  300.33431  304.11349  292.52811  296.09364  299.76620  304.67261  308.55700  312.56224  300.32211  304.09567  307.98520  296.08178  299.74888  303.52732  308.54421  312.54347  316.66868  304.08325  307.96698  311.97148  299.73681  303.50962  307.39832
 300.33422  304.10809  307.99794  296.08924  299.75653  303.53517  291.95080  295.51567  299.18749  304.09567  307.97971  311.98455  299.74446  303.51747  307.40636  295.50394  299.17029  302.94789  307.96706  311.96591  316.09061  303.50518  307.38826  311.39203  299.15835  302.93031  306.81806
 299.75648  303.52978  307.41900  295.51132  299.17786  302.95565  291.37317  294.93712  298.60792  303.51749  307.40090  311.40499  299.16592  302.93807  306.82602  294.92551  298.59084  302.36730  307.38838  311.38648  315.51034  302.92592  306.80804  310.81075  298.57903  302.34984  306.23633
 299.17783  302.95028  306.83854  294.93281  298.59832  302.37497  290.79524  294.35800  298.02750  302.93813  306.82056  310.82360  298.58651  302.35751  306.24420  294.34653  298.01054  301.78557  306.80818  310.80520  314.92789  302.34549  306.22634  310.22766  297.99885  301.76823  305.65316
 298.59831  302.36962  306.25662  294.35375  298.01794  301.79317  290.21707  293.77837  297.44629  302.35759  306.23876  310.24041  298.00626  301.77583  305.66095  293.76702  297.42944  301.20276  306.22651  310.22213  314.34329  301.76393  305.64321  309.64283  297.41788  301.18553  305.06860
 298.01796  301.78782  305.67326  293.77416  297.43676  301.21027  289.63866  293.19825  296.86431  301.77593  305.65552  309.65546  297.42520  301.19304  305.07630  293.18702  296.84758  300.61889  305.64340  309.63731  313.75661  301.18127  305.05868  309.05627  296.83615  300.60178  304.48267
 297.43681  301.20494  305.08851  293.19408  296.85481  300.62631  289.06005  292.61766  296.28160  301.19318  305.07089  309.06880  296.84339  300.60920  304.49029  292.60655  296.26498  300.03400  305.05889  309.05076  313.16787  300.59756  304.47278  308.46803  296.25367  300.01699  303.89542
 296.85489  300.62100  304.50240  292.61354  296.27214  300.04134  288.48128  292.03665  295.69818  300.60936  304.48488  308.48046  296.26083  300.02434  303.90296  292.02566  295.68167  299.44812  304.47302  308.46254  312.57713  300.01282  303.88557  307.87817  295.67048  299.43123  303.30690
 296.27223  300.03603  303.91496  292.03256  295.68875  299.45538  287.90235  291.45522  295.11410  300.02452  303.89757  307.89048  295.67756  299.43849  303.31435  291.44435  295.09770  298.86129  303.88582  307.87267  311.98441  299.42709  303.29706  307.28670  295.08662  298.84451  302.71711
 295.68888  299.45010  303.32625  291.45119  295.10471  298.86848  287.32331  290.87344  294.52938  299.43869  303.30897  307.29892  295.09363  298.85170  302.72449  290.86268  294.51308  298.27354  303.29735  307.28122  311.38977  298.84042  302.70731  306.69368  294.50213  298.25686  302.12612
 295.10485  298.86320  302.73630  290.86944  294.52002  298.28065  286.74418  290.29131  293.94406  298.85192  302.71912  306.70579  294.50907  298.26398  302.13342  290.28067  293.92786  297.68491  302.70763  306.68821  310.79325  298.25282  302.11636  306.09913  293.91703  297.66834  301.53396
 294.52019  298.27539  302.14513  290.28737  293.93473  297.69195  286.16500  289.70887  293.35817  298.26423  302.12806  306.11115  293.92390  297.67538  301.54118  289.69835  293.34208  297.09544  302.11669  306.09367  310.19489  297.66434  301.52422  305.50311  293.33136  297.07897  300.94066
 293.93492  297.68670  301.55279  289.70497  293.34887  297.10240  285.58578  289.12616  292.77174  297.67565  301.53583  305.51502  293.33815  297.08594  300.94780  289.11575  292.75575  296.50515  301.52457  305.49765  309.59473  297.07501  300.93095  304.90565  292.74514  296.48879  300.34626
 293.34909  297.09716  300.95932  289.12230  292.76247  296.51204  285.00656  288.54320  292.18480  297.08623  300.94246  304.91747  292.75186  296.49568  300.35333  288.53289  292.16891  295.91408  300.93133  304.90021  308.99281  296.48487  300.33658  304.30679  292.15842  295.89782  299.75080
 292.76271  296.50681  300.36475  288.53938  292.17556  295.92091  284.42736  287.96001  291.59739  296.49600  300.34800  304.31852  292.16507  295.90465  299.75780  287.94982  291.58160  295.32228  300.33698  304.30136  308.38919  295.89395  299.74116  303.70658  291.57121  295.30612  299.15431
 292.17583  295.91568  299.76912  287.95623  291.58818  295.32903  283.84822  287.37664  291.00953  295.90498  299.75248  303.71821  291.57779  295.31287  299.16124  287.36655  290.99385  294.72976        nan        nan        nan        nan        nan        nan        nan        nan        nan
