       nan        nan        nan        nan        nan        nan        nan        nan        nan 15924.64850        nan        nan        nan        nan        nan        nan        nan        nan 15921.96400 15879.59050        nan        nan        nan        nan        nan        nan        nan
15927.90100        nan        nan 15966.64700        nan        nan        nan        nan        nan 15925.21650 15882.84300        nan 15963.96250 15921.58900        nan        nan        nan        nan 15919.84400 15877.15650 15841.50350 15958.59000 15915.90250 15880.24950        nan        nan        nan
15931.72850 15889.35500        nan 15970.99750 15928.62400        nan 16003.44350 15961.07000        nan 15926.35600 15883.66850 15848.01550 15965.62500 15922.93750 15887.28450 15998.07100 15955.38350 15919.73050 15918.29150 15875.13300 15838.68150 15957.56050 15914.40200 15877.95050 15990.00650 15946.84800 15910.39650
15936.14250 15893.45500 15857.80200 15976.19750 15933.51000 15897.85700 16009.99450 15967.30700 15931.65400 15928.07800 15884.91950 15848.46800 15968.13300 15924.97450 15888.52300 16001.93000 15958.77150 15922.32000 15917.31600 15873.52950 15836.04500 15957.37100 15913.58450 15876.10000 15991.16800 15947.38150 15909.89700
15941.15950 15898.00100 15861.54950 15982.26050 15939.10200 15902.65050 16017.76350 15974.60500 15938.15350 15930.39750 15886.61100 15849.12650 15971.49850 15927.71200 15890.22750 16007.00150 15963.21500 15925.73050 15916.92750 15872.35950 15833.63150 15958.02850 15913.46050 15874.73250 15993.53150 15948.96350 15910.23550
15946.79700 15903.01050 15865.52600 15989.19800 15945.41150 15907.92700 16026.70200 15982.91550 15945.43100 15933.32700 15888.75900 15850.03100 15975.72800 15931.16000 15892.43200 16013.23200 15968.66400 15929.93600 15917.14150 15871.64050 15831.48100 15959.54250 15914.04150 15873.88200 15997.04650 15951.54550 15911.38600
15953.07100 15908.50300 15869.77500 15997.01050 15952.44250 15913.71450 16036.75950 15992.19150 15953.46350 15936.88550 15891.38450 15851.22500 15980.82500 15935.32400 15895.16450 16020.57400 15975.07300 15934.91350 15917.97350 15871.39250 15829.63750 15961.91300 15915.33200 15873.57700 16001.66200 15955.08100 15913.32600
15960.00000 15914.49900 15874.33950 16005.70050 15960.19950 15920.04000 16047.89050 16002.38950 15962.23000 15941.08800 15894.50700 15852.75200 15986.78850 15940.20750 15898.45250 16028.97850 15982.39750 15940.64250 15919.43900 15871.63900 15828.14550 15965.13950 15917.33950 15873.84600 16007.32950 15959.52950 15916.03600
15967.59750 15921.01650 15879.26150 16015.26150 15968.68050 15926.92550 16060.05150 16013.47050 15971.71550 15945.94850 15898.14850 15854.65500 15993.61250 15945.81250 15902.31900 16038.40250 15990.60250 15947.10900 15921.55200 15872.40050 15827.04600 15969.21600 15920.06450 15874.71000 16014.00600 15964.85450 15919.50000
15975.87650 15928.07650 15884.58300 16025.68550 15977.88550 15934.39200 16073.20350 16025.40350 15981.91000 15951.48000 15902.32850 15856.97400 16001.28900 15952.13750 15906.78300 16048.80700 15999.65550 15954.30100 15924.32650 15873.69950 15826.37850 15974.13550 15923.50850 15876.18750 16021.65350 15971.02650 15923.70550
15984.84600 15935.69450 15890.34000 16036.96100 15987.80950 15942.45500 16087.31200 16038.16050 15992.80600 15957.69250 15907.06550 15859.74450 16009.80750 15959.18050 15911.85950 16060.15850 16009.53150 15962.21050 15927.77200 15875.55450 15826.17650 15979.88700 15927.66950 15878.29150 16030.23800 15978.02050 15928.64250
15994.51500 15943.88800 15896.56700 16049.07750 15998.45050 15951.12950 16102.34650 16051.71950 16004.39850 15964.59450 15912.37700 15862.99900 16019.15700 15966.93950 15917.56150 16072.42600 16020.20850 15970.83050 15931.89800 15877.98450 15826.47150 15986.46050 15932.54700 15881.03400 16039.72950 15985.81600 15934.30300
16004.88900 15952.67150 15903.29350 16062.02100 16009.80350 15960.42550 16118.28050 16066.06300 16016.68500 15972.19250 15918.27900 15866.76600 16029.32450 15975.41100 15923.89800 16085.58400 16031.67050 15980.15750 15936.71250 15881.00650 15827.29150 15993.84450 15938.13850 15884.42350 16050.10400 15994.39800 15940.68300
16015.97200 15962.05850 15910.54550 16075.78100 16021.86750 15970.35450 16135.08900 16081.17550 16029.66250 15980.49200 15924.78600 15871.07100 16040.30100 15984.59500 15930.88000 16099.60900 16043.90300 15990.18800 15942.22100 15884.63450 15828.66000 16002.03000 15944.44350 15888.46900 16061.33800 16003.75150 15947.77700
16027.76600 15972.06000 15918.34500 16090.34450 16034.63850 15980.92350 16152.75200 16097.04600 16043.33100 15989.49500 15931.90850 15875.93400 16052.07350 15994.48700 15938.51250 16114.48100 16056.89450 16000.92000 15948.42750 15888.88150 15830.59650 16011.00600 15951.46000 15893.17500 16073.41350 16013.86750 15955.58250
16040.27350 15982.68700 15926.71250 16105.70200 16048.11550 15992.14100 16171.25100 16113.66450 16057.69000 15999.20600 15939.66000 15881.37500 16064.63450 16005.08850 15946.80350 16130.18350 16070.63750 16012.35250 15955.33650 15893.75900 15833.12050 16020.76500 15959.18750 15898.54900 16086.31400 16024.73650 15964.09800
16053.49550 15993.94950 15935.66450 16121.84400 16062.29800 16004.01300 16190.57050 16131.02450 16072.73950 16009.62600 15948.04850 15887.41000 16077.97450 16016.39700 15955.75850 16146.70100 16085.12350 16024.48500 15962.95050 15899.27650 15836.24650 16031.29900 15967.62500 15904.59500 16100.02550 16036.35150 15973.32150
16067.43200 16005.85450 15945.21600 16138.76050 16077.18300 16016.54450 16210.69550 16149.11800 16088.47950 16020.75650 15957.08250 15894.05250 16092.08500 16028.41100 15965.38100 16164.02000 16100.34600 16037.31600 15971.27050 15905.44200 15839.98800 16042.59900 15976.77050 15911.31650 16114.53400 16048.70550 15983.25150
16082.08300 16018.40900 15955.37900 16156.44400 16092.77000 16029.74000 16231.61450 16167.94050 16104.91050 16032.59700 15966.76850 15901.31450 16106.95800 16041.12950 15975.67550 16182.12850 16116.30000 16050.84600 15980.29900 15912.26450 15844.35600 16054.66000 15986.62550 15918.71700 16129.83050 16061.79600 15993.88750
16097.44800 16031.61950 15966.16550 16174.88650 16109.05800 16043.60400 16253.31600 16187.48750 16122.03350 16045.15000 15977.11550 15909.20700 16122.58850 16054.55400 15986.64550 16201.01800 16132.98350 16065.07500 15990.03750 15919.74950 15849.36200 16067.47600 15997.18800 15926.80050 16145.90550 16075.61750 16005.23000
16113.52700 16045.49250 15977.58400 16194.08350 16126.04900 16058.14050 16275.79100 16207.75650 16139.84800 16058.41450 15988.12650 15917.73900 16138.97100 16068.68300 15998.29550 16220.67850 16150.39050 16080.00300 16000.48600 15927.90300 15855.01350 16081.04250 16008.45950 15935.57000 16162.75000 16090.16700 16017.27750
16130.31850 16060.03050 15989.64300 16214.02800 16143.74000 16073.35250 16299.03050 16228.74250 16158.35500 16072.39000 15999.80700 15926.91750 16156.09950 16083.51650 16010.62700 16241.10200 16168.51900 16095.62950 16011.64500 15936.72900 15861.31800 16095.35450 16020.43850 15945.02750 16180.35700 16105.44100 16030.03000
16147.82200 16075.23900 16002.34950 16234.71400 16162.13100 16089.24150 16323.02750 16250.44450 16177.55500 16087.07700 16012.16100 15936.75000 16173.96900 16099.05300 16023.64200 16262.28250 16187.36650 16111.95550 16023.51450 15946.23300 15868.28250 16110.40650 16033.12500 15955.17450 16198.72000 16121.43850 16043.48800
16166.03750 16091.12150 16015.71050 16256.13800 16181.22200 16105.81100 16347.77550 16272.85950 16197.44850 16102.47500 16025.19350 15947.24300 16192.57550 16115.29400 16037.34350 16284.21300 16206.93150 16128.98100 16036.09650 15956.41850 15875.91400 16126.19700 16046.51900 15966.01450 16217.83450 16138.15650 16057.65200
16184.96300 16107.68150 16029.73100 16278.29550 16201.01400 16123.06350 16373.26750 16295.98600 16218.03550 16118.58450 16038.90650 15958.40200 16211.91700 16132.23900 16051.73450 16306.88900 16227.21100 16146.70650 16049.38950 15967.28850 15884.21550 16142.72200 16060.62100 15977.54800 16237.69400 16155.59300 16072.52000
16204.59900 16124.92100 16044.41650 16301.18300 16221.50500 16141.00050 16399.49950 16319.82150 16239.31700 16135.40400 16053.30300 15970.23000 16231.98800 16149.88700 16066.81400 16330.30450 16248.20350 16165.13050 16063.39450 15978.84700 15893.19400 16159.97850 16075.43100 15989.77800 16258.29500 16173.74750 16088.09450
16224.94350 16142.84250 16059.76950 16324.79650 16242.69550 16159.62250 16426.46600 16344.36500 16261.29200 16152.93400 16068.38650 15982.73350 16252.78700 16168.23950 16082.58650 16354.45650 16269.90900 16184.25600 16078.11150 15991.09500 15902.85200 16177.96450 16090.94800 16002.70500 16279.63400 16192.61750 16104.37450
16245.99550 16161.44800 16075.79500 16349.13350 16264.58600 16178.93300 16454.16350 16369.61600 16283.96300 16171.17300 16084.15650 15995.91350 16274.31100 16187.29450 16099.05150 16379.34100 16292.32450 16204.08150 16093.53950 16004.03500 15913.19300 16196.67750 16107.17300 16016.33100 16301.70750 16212.20300 16121.36100
16267.75600 16180.73950 16092.49650 16374.19150 16287.17500 16198.93200 16482.58700 16395.57050 16307.32750 16190.12250 16100.61800 16009.77600 16296.55800 16207.05350 16116.21150 16404.95350 16315.44900 16224.60700 16109.67900 16017.67050 15924.22050 16216.11450 16124.10600 16030.65600 16324.51000 16232.50150 16139.05150
16290.22400 16200.71950 16109.87750 16399.96800 16310.46350 16219.62150 16511.73500 16422.23050 16331.38850 16209.78050 16117.77200 16024.32200 16319.52450 16227.51600 16134.06600 16431.29150 16339.28300 16245.83300 16126.53100 16032.00300 15935.93950 16236.27500 16141.74700 16045.68350 16348.04200 16253.51400 16157.45050
16313.39650 16221.38800 16127.93800 16426.46000 16334.45150 16241.00150 16541.60100 16449.59250 16356.14250 16230.14700 16135.61900 16039.55550 16343.21050 16248.68250 16152.61900 16458.35150 16363.82350 16267.76000 16144.09400 16047.03300 15948.34900 16257.15750 16160.09650 16061.41250 16372.29850 16275.23750 16176.55350
16337.27550 16242.74750 16146.68400 16453.66550 16359.13750 16263.07400 16572.18550 16477.65750 16381.59400 16251.22250 16154.16150 16055.47750 16367.61250 16270.55150 16171.86750 16486.13250 16389.07150 16290.38750 16162.36850 16062.76350 15961.45400 16278.75850 16179.15350 16077.84400 16397.27850 16297.67350 16196.36400
16361.85900 16264.79800 16166.11400 16481.58350 16384.52250 16285.83850 16603.48400 16506.42300 16407.73900 16273.00500 16173.40000 16072.09050 16392.72950 16293.12450 16191.81500 16514.63000 16415.02500 16313.71550 16181.35450 16079.19400 15975.25600 16301.07900 16198.91850 16094.98050 16422.97950 16320.81900 16216.88100
16387.14700 16287.54200 16186.23250 16510.21200 16410.60700 16309.29750 16635.49450 16535.88950 16434.58000 16295.49650 16193.33600 16089.39800 16418.56150 16316.40100 16212.46300 16543.84400 16441.68350 16337.74550 16201.05200 16096.32750 15989.75750 16324.11700 16219.39250 16112.82250 16449.39950 16344.67500 16238.10500
16413.13900 16310.97850 16207.04050 16539.54900 16437.38850 16333.45050 16668.21550 16566.05500 16462.11700 16318.69450 16213.97000 16107.40000 16445.10450 16340.38000 16233.81000 16573.77100 16469.04650 16362.47650 16221.46050 16114.16450 16004.95950 16347.87050 16240.57450 16131.36950 16476.53700 16369.24100 16260.03600
16439.83350 16335.10900 16228.53900 16569.59300 16464.86850 16358.29850 16701.64350 16596.91900 16490.34900 16342.59950 16235.30350 16126.09850 16472.35900 16365.06300 16255.85800 16604.40950 16497.11350 16387.90850 16242.58000 16132.70600 16020.86350 16372.33950 16262.46550 16150.62300 16504.39000 16394.51600 16282.67350
16467.23100 16359.93500 16250.73000 16600.34250 16493.04650 16383.84150 16735.77750 16628.48150 16519.27650 16367.21150 16257.33750 16145.49500 16500.32300 16390.44900 16278.60650 16635.75800 16525.88400 16414.04150 16264.41100 16151.95200 16037.47150 16397.52250 16285.06350 16170.58300 16532.95750 16420.49850 16306.01800
16495.33100 16385.45700 16273.61450 16631.79700 16521.92300 16410.08050 16770.61600 16660.74200 16548.89950 16392.53050 16280.07150 16165.59100 16528.99650 16416.53750 16302.05700 16667.81550 16555.35650 16440.87600 16286.95250 16171.90550 16054.78650 16423.41850 16308.37150 16191.25250 16562.23750 16447.19050 16330.07150
16524.13300 16411.67400 16297.19350 16663.95500 16551.49600 16437.01550 16806.15600 16693.69700 16579.21650 16418.55500 16303.50800 16186.38900 16558.37700 16443.33000 16326.21100 16700.57800 16585.53100 16468.41200 16310.20600 16192.56600 16072.80750 16450.02800 16332.38800 16212.62950 16592.22900 16474.58900 16354.83050
16553.63450 16438.58750 16321.46850 16696.81350 16581.76650 16464.64750 16842.39600 16727.34900 16610.23000 16445.28550 16327.64550 16207.88700 16588.46450 16470.82450 16351.06600 16734.04700 16616.40700 16496.64850 16334.16950 16213.93300 16091.53600 16477.34850 16357.11200 16234.71500 16622.93100 16502.69450 16380.29750
16583.83850 16466.19850 16346.44000 16730.37500 16612.73500 16492.97650 16879.33650 16761.69650 16641.93800 16472.72250 16352.48600 16230.08900 16619.25900 16499.02250 16376.62550 16768.22050 16647.98400 16525.58700 16358.84450 16236.00950 16110.97400 16505.38100 16382.54600 16257.51050 16654.34250 16531.50750 16406.47200
16614.74250 16494.50600 16372.10900 16764.63600 16644.39950 16522.00250 16916.97450 16796.73800 16674.34100 16500.86450 16378.02950 16252.99400 16650.75800 16527.92300 16402.88750 16803.09650 16680.26150 16555.22600 16384.23000 16258.79500 16131.12250 16534.12350 16408.68850 16281.01600 16686.46200 16561.02700 16433.35450
16646.34650 16523.51150 16398.47600 16799.59600 16676.76100 16551.72550 16955.30900 16832.47400 16707.43850 16529.71200 16404.27700 16276.60450 16682.96150 16557.52650 16429.85400 16838.67450 16713.23950 16585.56700 16410.32650 16282.29000 16151.98200 16563.57600 16435.53950 16305.23150 16719.28900 16591.25250 16460.94450
16678.65000 16553.21500 16425.54250 16835.25450 16709.81950 16582.14700 16994.33850 16868.90350 16741.23100 16559.26450 16431.22800 16300.92000 16715.86900 16587.83250 16457.52450 16874.95300 16746.91650 16616.60850 16437.13350 16306.49550 16173.55450 16593.73800 16463.10000 16330.15900 16752.82200 16622.18400 16489.24300
16711.65250 16583.61600 16453.30800 16871.61000 16743.57350 16613.26550 17034.06200 16906.02550 16775.71750 16589.52150 16458.88350 16325.94250 16749.47900 16618.84100 16485.90000 16911.93100 16781.29300 16648.35200 16464.65050 16331.41100 16195.83950 16624.60800 16491.36850 16355.79700 16787.06000 16653.82050 16518.24900
16745.35350 16614.71550 16481.77450 16908.66200 16778.02400 16645.08300 17074.47850 16943.84050 16810.89950 16620.48250 16487.24300 16351.67150 16783.79100 16650.55150 16514.98000 16949.60750 16816.36800 16680.79650 16492.87850 16357.03800 16218.83850 16656.18700 16520.34650 16382.14700 16822.00350 16686.16300 16547.96350
16779.75250 16646.51300 16510.94150 16946.40900 16813.16950 16677.59800 17115.58550 16982.34600 16846.77450 16652.14850 16516.30800 16378.10850 16818.80500 16682.96450 16544.76500 16987.98150 16852.14100 16713.94150 16521.81700 16383.37700 16242.55300 16688.47350 16550.03350 16409.20950 16857.65000 16719.21000 16578.38600
16814.85000 16679.00950 16540.81000 16984.85100 16849.01050 16710.81100 17157.38350 17021.54300 16883.34350 16684.51850 16546.07850 16405.25450 16854.51950 16716.07950 16575.25550 17027.05200 16888.61200 16747.78800 16551.46650 16410.42800 16266.98250 16721.46750 16580.42900 16436.98350 16894.00000 16752.96150 16609.51600
16850.64450 16712.20450 16571.38050 17023.98750 16885.54750 16744.72350 17199.87100 17061.43100 16920.60700 16717.59250 16576.55400 16433.10850 16890.93550 16749.89700 16606.45150 17066.81900 16925.78050 16782.33500 16581.82550 16438.19150 16292.12800 16755.16850 16611.53450 16465.47100 16931.05200 16787.41800 16641.35450
16887.13650 16746.09800 16602.65250 17063.81750 16922.77900 16779.33350 17243.04750 17102.00900 16958.56350 16751.36950 16607.73550 16461.67200 16928.05050 16784.41650 16638.35300 17107.28050 16963.64650 16817.58300 16612.89500 16466.66700 16317.99100 16789.57600 16643.34800 16494.67200 16968.80600 16822.57800 16673.90200
16924.32500 16780.69100 16634.62750 17104.33950 16960.70550 16814.64200 17286.91000 17143.27600 16997.21250 16785.85050 16639.62250 16490.94650 16965.86500 16819.63700 16670.96100 17148.43550 17002.20750 16853.53150 16644.67550 16495.85600 16344.57200 16824.69000 16675.87050 16524.58650 17007.26050 16858.44100 16707.15700
16962.21000 16815.98200 16667.30600 17145.55350 16999.32550 16850.64950 17331.46050 17185.23250 17036.55650 16821.03500 16672.21550 16520.93150 17004.37850 16855.55900 16704.27500 17190.28550 17041.46600 16890.18200 16677.16550 16525.75950 16371.87100 16860.50900 16709.10300 16555.21450 17046.41600 16895.01000 16741.12150
17000.79150 16851.97200 16700.68800 17187.45950 17038.64000 16887.35600 17376.69600 17227.87650 17076.59250 16856.92200 16705.51600 16551.62750 17043.59000 16892.18400 16738.29550 17232.82650 17081.42050 16927.53200 16710.36650 16556.37650 16399.88850 16897.03450 16743.04450 16586.55650 17086.27100 16932.28100 16775.79300
17040.06800 16888.66200 16734.77350 17230.05550 17078.64950 16924.76100 17422.61550 17271.20950 17117.32100 16893.51250 16739.52250 16583.03450 17083.50000 16929.51000 16773.02200 17276.06000 17122.07000 16965.58200 16744.27750 16587.70750 16428.62600 16934.26500 16777.69500 16618.61350 17126.82500 16970.25500 16811.17350
17080.04050 16926.05050 16769.56250 17273.34150 17119.35150 16962.86350 17469.22000 17315.23000 17158.74200 16930.80550 16774.23550 16615.15400 17124.10650 16967.53650 16808.45500 17319.98500 17163.41500 17004.33350 16778.89800 16619.75300 16458.08300 16972.19900 16813.05400 16651.38400 17168.07750 17008.93250 16847.26250
17120.70750 16964.13750 16805.05600 17317.31700 17160.74700 17001.66550 17516.50700 17359.93700 17200.85550 16968.80000 16809.65500 16647.98500 17165.40950 17006.26450 16844.59450 17364.59950 17205.45450 17043.78450 16814.22900 16652.51250 16488.26100 17010.83850 16849.12200 16684.87050 17210.02850 17048.31200 16884.06050
17162.06850 17002.92350 16841.25350 17361.98050 17202.83550 17041.16550 17564.47550 17405.33050 17243.66050 17007.49750 16845.78100 16681.52950 17207.40950 17045.69300 16881.44150 17409.90450 17248.18800 17083.93650 16850.27000 16685.98800 16519.15900 17050.18200 16885.90000 16719.07100 17252.67700 17088.39500 16921.56600
17204.12500 17042.40850 16878.15700 17407.33250 17245.61600 17081.36450 17613.12550 17451.40900 17287.15750 17046.89750 16882.61550 16715.78650 17250.10500 17085.82300 16918.99400 17455.89800 17291.61600 17124.78700 16887.02150 16720.17850 16550.78000 17090.22900 16923.38600 16753.98750 17296.02200 17129.17900 16959.78050
17246.87500 17082.59300 16915.76400 17453.37250 17289.09050 17122.26150 17662.45550 17498.17350 17331.34450 17086.99900 16920.15600 16750.75750 17293.49650 17126.65350 16957.25500 17502.57950 17335.73650 17166.33800 16924.48200 16755.08450 16583.12250 17130.97950 16961.58200 16789.62000 17340.06250 17170.66500 16998.70300
17290.31850 17123.47550 16954.07700 17500.09850 17333.25550 17163.85700 17712.46550 17545.62250 17376.22400 17127.80150 16958.40400 16786.44200 17337.58150 17168.18400 16996.22200 17549.94850 17380.55100 17208.58900 16962.65300 16790.70650 16616.18800 17172.43300 17000.48650 16825.96800 17384.80000 17212.85350 17038.33500
17334.45400 17165.05650 16993.09450 17547.51050 17378.11300 17206.15100 17763.15350 17593.75600 17421.79400 17169.30550 16997.35900 16822.84050 17382.36200 17210.41550 17035.89700 17598.00500 17426.05850 17251.54000 17001.53350 16827.04300 16649.97550 17214.59000 17040.09950 16863.03200 17430.23300 17255.74250 17078.67500
17379.28300 17207.33650 17032.81800 17595.60850 17423.66200 17249.14350 17814.52000 17642.57350 17468.05500 17211.51100 17037.02050 16859.95300 17427.83650 17253.34600 17076.27850 17646.74800 17472.25750 17295.19000 17041.12350 16864.09650 16684.48650 17257.44900 17080.42200 16900.81200 17476.36050 17299.33350 17119.72350
17424.80500 17250.31450 17073.24700 17644.39200 17469.90150 17292.83400 17866.56350 17692.07300 17515.00550 17254.41750 17077.39050 16897.78050 17474.00450 17296.97750 17117.36750 17696.17600 17519.14900 17339.53900 17081.42350 16901.86700 16719.72150 17301.01050 17121.45400 16939.30850 17523.18200 17343.62550 17161.48000
17471.01850 17293.99150 17114.38150 17693.85950 17516.83250 17337.22250 17919.28300 17742.25600 17562.64600 17298.02450 17118.46800 16936.32250 17520.86550 17341.30900 17159.16350 17746.28900 17566.73250 17384.58700 17122.43350 16940.35400 16755.68100 17345.27450 17163.19500 16978.52200 17570.69800 17388.61850 17203.94550
17517.92400 17338.36750 17156.22200 17744.01050 17564.45400 17382.30850 17972.67850 17793.12200 17610.97650 17342.33300 17160.25350 16975.58050 17568.41950 17386.34000 17201.66700 17797.08750 17615.00800 17430.33500 17164.15300 16979.55750 16792.36500 17390.23950 17205.64400 17018.45150 17618.90750 17434.31200 17247.11950
17565.52050 17383.44100 17198.76800 17794.84550 17612.76600 17428.09300 18026.74850 17844.66900 17659.99600 17387.34050 17202.74500 17015.55250 17616.66550 17432.07000 17244.87750 17848.56850 17663.97300 17476.78050 17206.58150 17019.47700 16829.77350 17435.90650 17248.80200 17059.09850 17667.80950 17480.70500 17291.00150
17613.80850 17429.21300 17242.02050 17846.36300 17661.76750 17474.57500 18081.49300 17896.89750 17709.70500 17433.04950 17245.94500 17056.24150 17665.60400 17478.49950 17288.79600 17900.73400 17713.62950 17523.92600 17249.72000 17060.11500 16867.90800 17482.27450 17292.66950 17100.46250 17717.40450 17527.79950 17335.59250
17662.78750 17475.68300 17285.97950 17898.56300 17711.45850 17521.75500 18136.91050 17949.80600 17760.10250 17479.45800 17289.85300 17097.64600 17715.23350 17525.62850 17333.42150 17953.58100 17763.97600 17571.76900 17293.56800 17101.47000 16906.76800 17529.34350 17337.24550 17142.54350 17767.69100 17575.59300 17380.89100
17712.45550 17522.85050 17330.64350 17951.44450 17761.83950 17569.63250 18193.00050 18003.39550 17811.18850 17526.56550 17334.46750 17139.76550 17765.55450 17573.45650 17378.75450 18007.11050 17815.01250 17620.31050 17338.12500 17143.54100 16946.35400 17577.11400 17382.53000 17185.34300 17818.67000 17624.08600 17426.89900
17762.81450 17570.71650 17376.01450 18005.00650 17812.90850 17618.20650 18249.76150 18057.66350 17862.96150 17574.37400 17379.79000 17182.60300 17816.56600 17621.98200 17424.79500 18061.32100 17866.73700 17669.55000 17383.39200 17186.33150 16986.66700 17625.58400 17428.52350 17228.85900 17870.33900 17673.27850 17473.61400
17813.86250 17619.27850 17422.09150 18059.24950 17864.66550 17667.47850 18307.19500 18112.61100 17915.42400 17622.88050 17425.82000 17226.15550 17868.26750 17671.20700 17471.54250 18116.21300 17919.15250 17719.48800 17429.36700 17229.83850 17027.70550 17674.75400 17475.22550 17273.09250 17922.69950 17723.17100 17521.03800
17865.60000 17668.53950 17468.87500 18114.17200 17917.11150 17717.44700 18365.29800 18168.23750 17968.57300 17672.08650 17472.55800 17270.42500 17920.65850 17721.13000 17518.99700 18171.78450 17972.25600 17770.12300 17476.05150 17274.06350 17069.47200 17724.62350 17522.63550 17318.04400 17975.74950 17773.76150 17569.17000
17918.02600 17718.49750 17516.36450 18169.77400 17970.24550 17768.11250 18424.07050 18224.54200 18022.40900 17721.99100 17520.00300 17315.41150 17973.73900 17771.75100 17567.15950 18228.03550 18026.04750 17821.45600 17523.44500 17319.00650 17111.96600 17775.19300 17570.75450 17363.71400 18029.48950 17825.05100 17618.01050
17971.14050 17769.15250 17564.56100 18226.05450 18024.06650 17819.47500 18483.51150 18281.52350 18076.93200 17772.59450 17568.15600 17361.11550 18027.50850 17823.07000 17616.02950 18284.96550 18080.52700 17873.48650 17571.54850 17364.66800 17155.18750 17826.46250 17619.58200 17410.10150 18083.91950 17877.03900 17667.55850
18024.94250 17820.50400 17613.46350 18283.01350 18078.57500 17871.53450 18543.62050 18339.18200 18132.14150 17823.89650 17617.01600 17407.53550 18081.96750 17875.08700 17665.60650 18342.57450 18135.69400 17926.21350 17620.36000 17411.04750 17199.13650 17878.43100 17669.11850 17457.20750 18139.03800 17929.72550 17717.81450
18079.43300 17872.55250 17663.07200 18340.65050 18133.77000 17924.28950 18604.39800 18397.51750 18188.03700 17875.89650 17666.58400 17454.67300 18137.11400 17927.80150 17715.89050 18400.86150 18191.54900 17979.63800 17669.88000 17458.14500 17243.81400 17931.09750 17719.36250 17505.03150 18194.84500 17983.11000 17768.77900
18134.61100 17925.29850 17713.38750 18398.96500 18189.65250 17977.74150 18665.84150 18456.52900 18244.61800 17928.59450 17716.85950 17502.52850 18192.94850 17981.21350 17766.88250 18459.82500 18248.09000 18033.75900 17720.10950 17505.96100 17289.22100 17984.46350 17770.31500 17553.57500 18251.34000 18037.19150 17820.45150
18190.47550 17978.74050 17764.40950 18457.95500 18246.22000 18031.88900 18727.95050 18516.21550 18301.88450 17981.99050 17767.84200 17551.10200 18249.47000 18035.32150 17818.58150 18519.46550 18305.31700 18088.57700 17771.04750 17554.49650 17335.35650 18038.52700 17821.97600 17602.83600 18308.52250 18091.97150 17872.83150
18247.02650 18032.87800 17816.13800 18517.62150 18303.47300 18086.73300 18790.72500 18576.57650 18359.83650 18036.08350 17819.53250 17600.39250 18306.67850 18090.12750 17870.98750 18579.78200 18363.23100 18144.09100 17822.69400 17603.74950 17382.22100 18093.28900 17874.34450 17652.81600 18366.39250 18147.44800 17925.91950
18304.26400 18087.71300 17868.57300 18577.96300 18361.41200 18142.27200 18854.16350 18637.61250 18418.47250 18090.87450 17871.93000 17650.40150 18364.57350 18145.62900 17924.10050 18640.77400 18421.82950 18200.30100 17875.04900 17653.72250 17429.81550 18148.74800 17927.42150 17703.51450 18424.94850 18203.62200 17979.71500
18362.18700 18143.24250 17921.71400 18638.98050 18420.03600 18198.50750 18918.26600 18699.32150 18477.79300 18146.36150 17925.03500 17701.12800 18423.15500 18201.82850 17977.92150 18702.44050 18481.11400 18257.20700 17928.11250 17704.41350 17478.13850 18204.90600 17981.20700 17754.93200 18484.19150 18260.49250 18034.21750
18420.79550 18199.46900 17975.56200 18700.67100 18479.34450 18255.43750 18983.03100 18761.70450 18537.79750 18202.54650 17978.84750 17752.57250 18482.42200 18258.72300 18032.44800 18764.78200 18541.08300 18314.80800 17981.88450 17755.82350 17527.19300 18261.76000 18035.69900 17807.06850 18544.12000 18318.05900 18089.42850
18480.08900 18256.39000 18030.11500 18763.03600 18539.33700 18313.06200 19048.45900 18824.76000 18598.48500 18259.42700 18033.36600 17804.73550 18542.37400 18316.31300 18087.68250 18827.79700 18601.73600 18373.10550 18036.36400 17807.95300 17576.97650 18319.31100 18090.90000 17859.92350 18604.73400 18376.32300 18145.34650
18540.06750 18314.00650 18085.37600 18826.07400 18600.01300 18371.38250 19114.54850 18888.48750 18659.85700 18317.00450 18088.59350 17857.61700 18603.01100 18374.60000 18143.62350 18891.48550 18663.07450 18432.09800 18091.55250 17860.80150 17627.49150 18377.55900 18146.80800 17913.49800 18666.03350 18435.28250 18201.97250
18600.72950 18372.31850 18141.34200 18889.78500 18661.37400 18430.39750 19181.29850 18952.88750 18721.91100 18375.27750 18144.52650 17911.21650 18664.33300 18433.58200 18200.27200 18955.84650 18725.09550 18491.78550 18147.44800 17914.36850 17678.73700 18436.50350 18203.42400 17967.79250 18728.01700 18494.93750 18259.30600
18662.07550 18431.32450 18198.01450 18954.16750 18723.41650 18490.10650 19248.70800 19017.95700 18784.64700 18434.24600 18201.16650 17965.53500 18726.33800 18493.25850 18257.62700 19020.87850 18787.79900 18552.16750 18204.05150 17968.65500 17730.71250 18496.14350 18260.74700 18022.80450 18790.68400 18555.28750 18317.34500
18724.10550 18491.02600 18255.39450 19019.22150 18786.14200 18550.51050 19316.77750 19083.69800 18848.06650 18493.91100 18258.51450 18020.57200 18789.02700 18553.63050 18315.68800 19086.58300 18851.18650 18613.24400 18261.36400 18023.66150 17783.42100 18556.48000 18318.77750 18078.53700 18854.03600 18616.33350 18376.09300
18786.81750 18551.42100 18313.47850 19084.94650 18849.55000 18611.60750 19385.50500 19150.10850 18912.16600 18554.27050 18316.56800 18076.32750 18852.39950 18614.69700 18374.45650 19152.95800 18915.25550 18675.01500 18319.38250 18079.38650 17836.85950 18617.51150 18377.51550 18134.98850 18918.07000 18678.07400 18435.54700
18850.21300 18612.51050 18372.27000 19151.34250 18913.64000 18673.39950 19454.89100 19217.18850 18976.94800 18615.32500 18375.32900 18132.80200 18916.45450 18676.45850 18433.93150 19220.00300 18980.00700 18737.48000 18378.10950 18135.83200 17891.03000 18679.23900 18436.96150 18192.15950 18982.78750 18740.51000 18495.70800
18914.29050 18674.29450 18431.76750 19218.40700 18978.41100 18735.88400 19524.93350 19284.93750 19042.41050 18677.07500 18434.79750 18189.99550 18981.19150 18738.91400 18494.11200 19287.71800 19045.44050 18800.63850 18437.54450 18192.99700 17945.93300 18741.66100 18497.11350 18250.04950 19048.18750 18803.64000 18556.57600
18979.05000 18736.77250 18491.97050 19286.14200 19043.86450 18799.06250 19595.63200 19353.35450 19108.55250 18739.51950 18494.97200 18247.90800 19046.61150 18802.06400 18555.00000 19356.10150 19111.55400 18864.49000 18497.68650 18250.88100 18001.56800 18804.77850 18557.97300 18308.66000 19114.26850 18867.46300 18618.15000
19044.49100 18799.94350 18552.87950 19354.54500 19109.99750 18862.93350 19666.98750 19422.44000 19175.37600 18802.65800 18555.85250 18306.53950 19112.71200 18865.90650 18616.59350 19425.15450 19178.34900 18929.03600 18558.53600 18309.48500 18057.93500 18868.59000 18619.53900 18367.98900 19181.03250 18931.98150 18680.43150
19110.61250 18863.80700 18614.49400 19423.61650 19176.81100 18927.49800 19738.99700 19492.19150 19242.87850 18866.49050 18617.43950 18365.88950 19179.49450 18930.44350 18678.89350 19494.87500 19245.82400 18994.27400 18620.09150 18368.80800 18115.03450 18933.09550 18681.81200 18428.03850 19248.47600 18997.19250 18743.41900
19177.41550 18928.36450 18676.81450 19493.35600 19244.30500 18992.75500 19811.66200 19562.61100 19311.06100 18931.01650 18679.73300 18425.95950 19246.95700 18995.67350 18741.90000 19565.26300 19313.97950 19060.20600 18682.35450 18428.85150 18172.86650 18998.29500 18744.79200 18488.80700 19316.60100 19063.09800 18807.11300
19244.89800 18993.61450 18739.84100 19563.76100 19312.47750 19058.70400 19884.97850 19633.69500 19379.92150 18996.23600 18742.73300 18486.74800 19315.09900 19061.59600 18805.61100 19636.31650 19382.81350 19126.82850 18745.32500 18489.61450 18231.43200 19064.18800 18808.47750 18550.29500 19385.40550 19129.69500 18871.51250
19313.05950 19059.55650 18803.57150 19634.83250 19381.32950 19125.34450 19958.94850 19705.44550 19449.46050 19062.14850 18806.43800 18548.25550 19383.92150 19128.21100 18870.02850 19708.03750 19452.32700 19194.14450 18809.00100 18551.09700 18290.73050 19130.77400 18872.87000 18612.50350 19454.89000 19196.98600 18936.61950
19381.90150 19126.19100 18868.00850 19706.57100 19450.86050 19192.67800 20033.57050 19777.86000 19519.67750 19128.75400 18870.85000 18610.48350 19453.42350 19195.51950 18935.15300 19780.42300 19522.51900 19262.15250 18873.38450 18613.29950 18350.76250 19198.05400 18937.96900 18675.43200 19525.05350 19264.96850 19002.43150
19451.42150 19193.51750 18933.15100 19778.97350 19521.06950 19260.70300 20108.84400 19850.94000 19590.57350 19196.05200 18935.96700 18673.43000 19523.60400 19263.51900 19000.98200 19853.47450 19593.38950 19330.85250 18938.47450 18676.22200 18411.52700 19266.02650 19003.77400 18739.07900 19595.89700 19333.64450 19068.94950
19521.62100 19261.53600 18998.99900 19852.04150 19591.95650 19329.41950 20184.76750 19924.68250 19662.14550 19264.04350 19001.79100 18737.09600 19594.46400 19332.21150 19067.51650 19927.19000 19664.93750 19400.24250 19004.27100 18739.86450 18473.02700 19334.69150 19070.28500 18803.44750 19667.41750 19403.01100 19136.17350
19592.49800 19330.24550 19065.55050 19925.77300 19663.52050 19398.82550 20261.34150 19999.08900 19734.39400 19332.72550 19068.31900 18801.48150 19666.00050 19401.59400 19134.75650 20001.56900 19737.16250 19470.32500 19070.77300 18804.22650 18535.25900 19404.04800 19137.50150 18868.53400 19739.61650 19473.07000 19204.10250
19664.05250 19399.64600 19132.80850 20000.16800 19735.76150 19468.92400 20338.56350 20074.15700 19807.31950 19402.10000 19135.55350 18866.58600 19738.21550 19471.66900 19202.70150 20076.61100 19810.06450 19541.09700 19137.98100 18869.30850 18598.22600 19474.09650 19205.42400 18934.34150 19812.49200 19543.81950 19272.73700
19736.28500 19469.73850 19200.77100 20075.22550 19808.67900 19539.71150 20416.43450 20149.88800 19880.92050 19472.16600 19203.49350 18932.41100 19811.10650 19542.43400 19271.35150 20152.31550 19883.64300 19612.56050 19205.89550 18935.11150 18661.92750 19544.83600 19274.05200 19000.86800 19886.04500 19615.26100 19342.07700
19809.19350 19540.52100 19269.43850 20150.94550 19882.27300 19611.19050 20494.95250 20226.28000 19955.19750 19542.92300 19272.13900 18998.95500 19884.67500 19613.89100 19340.70700 20228.68200 19957.89800 19684.71400 19274.51600 19001.63350 18726.36350 19616.26800 19343.38550 19068.11550 19960.27500 19687.39250 19412.12250
19882.77800 19611.99400 19338.81000 20227.32700 19956.54300 19683.35900 20574.11750 20303.33350 20030.14950 19614.37100 19341.48850 19066.21850 19958.92000 19686.03750 19410.76750 20305.71050 20032.82800 19757.55800 19343.84150 19068.87550 18791.53400 19688.39050 19413.42450 19136.08300 20035.18100 19760.21500 19482.87350
19957.03900 19684.15650 19408.88650 20304.37000 20031.48750 19756.21750 20653.92800 20381.04550 20105.77550 19686.50950 19411.54350 19134.20200 20033.84050 19758.87450 19481.53300 20383.39850 20108.43250 19831.09100 19413.87250 19136.83750 18857.43850 19761.20350 19484.16850 19204.76950 20110.76150 19833.72650 19554.32750
20031.97500 19757.00900 19479.66750 20382.07300 20107.10700 19829.76550 20734.38450 20459.41850 20182.07700 19759.33800 19482.30300 19202.90400 20109.43600 19832.40100 19553.00200 20461.74750 20184.71250 19905.31350 19484.60850 19205.51900 18924.07850 19834.70650 19555.61700 19274.17650 20187.01800 19907.92850 19626.48800
20107.58650 19830.55150 19551.15250 20460.43550 20183.40050 19904.00150 20815.48450 20538.44950 20259.05050 19832.85700 19553.76750 19272.32700 20185.70600 19906.61650 19625.17600 20540.75500 20261.66550 19980.22500 19556.05100 19274.92200 18991.45350 19908.90000 19627.77100 19344.30250 20263.94900 19982.82000 19699.35150
20183.87200 19904.78250 19623.34200 20539.45750 20260.36800 19978.92750 20897.22900 20618.13950 20336.69900 19907.06600 19625.93700 19342.46850 20262.65150 19981.52250 19698.05400 20620.42300 20339.29400 20055.82550 19628.19700 19345.04350 19059.56350 19983.78250 19700.62900 19415.14900 20341.55400 20058.40050 19772.92050
20260.83200 19979.70300 19696.23450 20619.13850 20338.00950 20054.54100 20979.61650 20698.48750 20415.01900 19981.96300 19698.80950 19413.32950 20340.26950 20057.11600 19771.63600 20700.74750 20417.59400 20132.11400 19701.04800 19415.88550 19128.40800 20059.35450 19774.19200 19486.71450 20419.83250 20134.67000 19847.19250
20338.46500 20055.31150 19769.83150 20699.47700 20416.32350 20130.84350 21062.64550 20779.49200 20494.01200 20057.55000 19772.38750 19484.91000 20418.56200 20133.39950 19845.92200 20781.73050 20496.56800 20209.09050 19774.60400 19487.44750 19197.98950 20135.61600 19848.45950 19559.00150 20498.78450 20211.62800 19922.17000
20416.77150 20131.60900 19844.13150 20780.47300 20495.31050 20207.83300 21146.31600 20861.15350 20573.67600 20133.82550 19846.66900 19557.21100 20497.52700 20210.37050 19920.91250 20863.37000 20576.21350 20286.75550 19848.86450 19559.72900 19268.30600 20212.56600 19923.43050 19632.00750 20578.40900 20289.27350 19997.85050
20495.75050 20208.59400 19919.13600 20862.12550 20574.96900 20285.51100 21230.62700 20943.47050 20654.01250 20210.78950 19921.65400 19630.23100 20577.16450 20288.02900 19996.60600 20945.66600 20656.53050 20365.10750 19923.82950 19632.73100 19339.35800 20290.20450 19999.10600 19705.73300 20658.70600 20367.60750 20074.23450
20575.40200 20286.26650 19994.84350 20944.43450 20655.29900 20363.87600 21315.57900 21026.44350 20735.02050 20288.44200 19997.34350 19703.97050 20657.47450 20366.37600 20073.00300 21028.61900 20737.52050 20444.14750 19999.49800 19706.45250 19411.14650 20368.53050 20075.48500 19780.17900 20739.67500 20446.62950 20151.32350
20655.72500 20364.62650 20071.25350 21027.39850 20736.30000 20442.92700 21401.16900 21110.07050 20816.69750 20366.78100 20073.73550 19778.42950 20738.45450 20445.40900 20150.10300 21112.22500 20819.17950 20523.87350 20075.87050 19780.89350 19483.67000 20447.54400 20152.56700 19855.34350 20821.31450 20526.33750 20229.11400
20736.71950 20443.67400 20148.36800 21111.01750 20817.97200 20522.66600 21487.39750 21194.35200 20899.04600 20445.80900 20150.83200 19853.60850 20820.10700 20525.13000 20227.90650 21196.48700 20901.51000 20604.28650 20152.94800 19856.05550 19556.93100 20527.24600 20230.35350 19931.22900 20903.62600 20606.73350 20307.60900
20818.38500 20523.40800 20226.18450 21195.29100 20900.31400 20603.09050 21574.26350 21279.28650 20982.06300 20525.52400 20228.63150 19929.50700 20902.43000 20605.53750 20306.41300 21281.40250 20984.51000 20685.38550 20230.72800 19931.93700 19630.92750 20607.63400 20308.84300 20007.83350 20986.60650 20687.81550 20386.80600
20900.72050 20603.82800 20304.70350 21280.21850 20983.32600 20684.20150 21661.76650 21364.87400 21065.74950 20605.92450 20307.13350 20006.12400 20985.42250 20686.63150 20385.62200 21366.97050 21068.17950 20767.17000 20309.21100 20008.53750 19705.66000 20688.70900 20388.03550 20085.15800 21070.25700 20769.58350 20466.70600
20983.72550 20684.93450 20383.92500 21365.79850 21067.00750 20765.99800 21749.90500 21451.11400 21150.10450 20687.01200 20386.33850 20083.46100 21069.08500 20768.41150 20465.53400 21453.19150 21152.51800 20849.64050 20388.39800 20085.85800 19781.12900 20770.47100 20467.93100 20163.20200 21154.57750 20852.03750 20547.30850
21067.40000 20766.72650 20463.84900 21452.03050 21151.35700 20848.47950 21838.67900 21538.00550 21235.12800 20768.78600 20466.24600 20161.51700 21153.41650 20850.87650 20546.14750 21540.06500 21237.52500 20932.79600 20468.28750 20163.89850 19857.33500 20852.91800 20548.52900 20241.96550 21239.56650 20935.17750 20628.61400
21151.74350 20849.20350 20544.47450 21538.91500 21236.37500 20931.64600 21928.08750 21625.54750 21320.81850 20851.24500 20546.85600 20240.29250 21238.41650 20934.02750 20627.46400 21627.58900 21323.20000 21016.63650 20548.88000 20242.65800 19934.27750 20936.05150 20629.82950 20321.44900 21325.22400 21019.00200 20710.62150
21236.75550 20932.36650 20625.80300 21626.45000 21322.06100 21015.49750 22018.12900 21713.74000 21407.17650 20934.39050 20628.16850 20319.78800 21324.08500 21017.86300 20709.48250 21715.76400 21409.54200 21101.16150 20630.17500 20322.13800 20011.95700 21019.86950 20711.83250 20401.65150 21411.54850 21103.51150 20793.33050
21322.43600 21016.21400 20707.83350 21714.63550 21408.41350 21100.03300 22108.80450 21802.58250 21494.20200 21018.22050 20710.18350 20400.00250 21410.42000 21102.38300 20792.20200 21804.58900 21496.55200 21186.37100 20712.17300 20402.33700 20090.37400 21104.37250 20794.53650 20482.57350 21498.54150 21188.70550 20876.74250
21408.78300 21100.74600 20790.56500 21803.47050 21495.43350 21185.25250 22200.11050 21892.07350 21581.89250 21102.73550 20792.89950 20480.93650 21497.42300 21187.58700 20875.62400 21894.06300 21584.22700 21272.26400 20794.87300 20483.25650 20169.52750 21189.56050 20877.94400 20564.21500 21586.20050 21274.58400 20960.85500
21495.79750 21185.96150 20873.99850 21892.95550 21583.11950 21271.15650 22292.04850 21982.21250 21670.24950 21187.93500 20876.31850 20562.58950 21585.09300 21273.47650 20959.74750 21984.18600 21672.56950 21358.84050 20878.27500 20564.89450 20249.41850 21275.43300 20962.05250 20646.57650 21674.52600 21361.14550 21045.66950
21583.47850 21271.86200 20958.13300 21983.08900 21671.47250 21357.74350 22384.61700 22073.00050 21759.27150 21273.81850 20960.43800 20644.96200 21673.42900 21360.04850 21044.57250 22074.95700 21761.57650 21446.10050 20962.37850 20647.25250 20330.04650 21361.98900 21046.86300 20729.65700 21763.51700 21448.39100 21131.18500
21671.82500 21358.44450 21042.96850 22073.86950 21760.48900 21445.01300 22477.81500 22164.43450 21848.95850 21360.38500 21045.25900 20728.05300 21762.42950 21447.30350 21130.09750 22166.37500 21851.24900 21534.04300 21047.18400 20730.32950 20411.41100 21449.22850 21132.37400 20813.45550 21853.17400 21536.31950 21217.40100
21760.83650 21445.71050 21128.50450 22165.29700 21850.17100 21532.96500 22571.64150 22256.51550 21939.30950 21447.63550 21130.78100 20811.86250 21852.09600 21535.24150 21216.32300 22258.44050 21941.58600 21622.66750 21132.69050 20814.12550 20493.51300 21537.15100 21218.58600 20897.97350 21943.49550 21624.93050 21304.31800
21850.51300 21533.65850 21214.74000 22257.37250 21940.51800 21621.59950 22666.09600 22349.24150 22030.32300 21535.56800 21217.00300 20896.39050 21942.42750 21623.86250 21303.25000 22351.15100 22032.58600 21711.97350 21218.89800 20898.64050 20576.35250 21625.75750 21305.50000 20983.21200 22034.48100 21714.22350 21391.93550
21940.85450 21622.28950 21301.67700 22350.09250 22031.52750 21710.91500 22761.17800 22442.61300 22122.00050 21624.18450 21303.92700 20981.63900 22033.42250 21713.16500 21390.87700 22444.50800 22124.25050 21801.96250 21305.80650 20983.87500 20659.93050 21715.04450 21393.11300 21069.16850 22126.13000 21804.19850 21480.25400
22031.86000 21711.60250 21389.31450 22443.45900 22123.20150 21800.91350 22856.88650 22536.62900 22214.34100 21713.48200 21391.55050 21067.60600 22125.08100 21803.14950 21479.20500 22538.50850 22216.57700 21892.63250 21393.41600 21069.82900 20744.24500 21805.01500 21481.42800 21155.84400 22218.44250 21894.85550 21569.27150
22123.52850 21801.59700 21477.65250 22537.46850 22215.53700 21891.59250 22953.21950 22631.28800 22307.34350 21803.46250 21479.87550 21154.29150 22217.40250 21893.81550 21568.23150 22633.15350 22309.56650 21983.98250 21481.72650 21156.50250 20829.29850 21895.66650 21570.44250 21243.23850 22311.41750 21986.19350 21658.98950
22215.86000 21892.27300 21566.68900 22632.12300 22308.53600 21982.95200 23050.17800 22726.59100 22401.00700 21894.12400 21568.90000 21241.69600 22310.38700 21985.16300 21657.95900 22728.44200 22403.21800 22076.01400 21570.73600 21243.89350 20915.08900 21986.99900 21660.15650 21331.35200 22405.05400 22078.21150 21749.40700
22308.85400 21983.63000 21656.42600 22727.42000 22402.19600 22074.99200 23147.76050 22822.53650 22495.33250 21985.46600 21658.62350 21329.81900 22404.03200 22077.18950 21748.38500 22824.37250 22497.53000 22168.72550 21660.44700 21332.00450 21001.61700 22079.01300 21750.57050 21420.18300 22499.35350 22170.91100 21840.52350
22402.50900 22075.66650 21746.86200 22823.36000 22496.51750 22167.71300 23245.96550 22919.12300 22590.31850 22077.49000 21749.04750 21418.66000 22498.34100 22169.89850 21839.51100 22920.94650 22592.50400 22262.11650 21750.85700 21420.83400 21088.88350 22171.70800 21841.68500 21509.73450 22594.31350 22264.29050 21932.34000
22496.82650 22168.38400 21837.99650 22919.94200 22591.49950 22261.11200 23344.79350 23016.35100 22685.96350 22170.19350 21840.17050 21508.22000 22593.30900 22263.28600 21931.33550 23018.16050 22688.13750 22356.18700 21841.96650 21510.38150 21176.88800 22265.08200 21933.49700 21600.00350 22689.93350 22358.34850 22024.85500
22591.80350 22261.78050 21929.83000 23017.16500 22687.14200 22355.19150 23444.24250 23114.21950 22782.26900 22263.57650 21931.99150 21598.49800 22688.93800 22357.35300 22023.85950 23116.01550 22784.43050 22450.93700 21933.77500 21600.64800 21265.62950 22359.13650 22026.00950 21690.99100 22786.21400 22453.08700 22118.06850
22687.44150 22355.85650 22022.36300 23115.02800 22783.44300 22449.94950 23544.31200 23212.72700 22879.23350 22357.64000 22024.51300 21689.49450 22785.22650 22452.09950 22117.08100 23214.51050 22881.38350 22546.36500 22026.28300 21691.63300 21355.11050 22453.86950 22119.21950 21782.69700 22883.15350 22548.50350 22211.98100
22783.73850 22450.61150 22115.59300 23213.53100 22880.40400 22545.38550 23645.00150 23311.87450 22976.85600 22452.38150 22117.73150 21781.20900 22882.17400 22547.52400 22211.00150 23313.64450 22978.99450 22642.47200 22119.49000 21783.33600 21445.32800 22549.28250 22213.12850 21875.12050 22980.75300 22644.59900 22306.59100
22880.69550 22546.04550 22209.52300 23312.67300 22978.02300 22641.50050 23746.30900 23411.65900 23075.13650 22547.80400 22211.65000 21873.64200 22979.78150 22643.62750 22305.61950 23413.41750 23077.26350 22739.25550 22213.39550 21875.75850 21536.28500 22645.37300 22307.73600 21968.26250 23079.00900 22741.37200 22401.89850
22978.31100 22642.15700 22304.14900 23412.45450 23076.30050 22738.29250 23848.23650 23512.08250 23174.07450 22643.90250 22306.26550 21966.79200 23078.04600 22740.40900 22400.93550 23513.82800 23176.19100 22836.71750 22307.99900 21968.89750 21627.97950 22742.14250 22403.04100 22062.12300 23177.92450 22838.82300 22497.90500
23076.58400 22738.94700 22399.47350 23512.87200 23175.23500 22835.76150 23950.77950 23613.14250 23273.66900 22740.68050 22401.57900 22060.66100 23176.96850 22837.86700 22496.94900 23614.87600 23275.77450 22934.85650 22403.30150 22062.75600 21720.41250 22839.58950 22499.04400 22156.70050 23277.49700 22936.95150 22594.60800
23175.51500 22836.41350 22495.49550 23613.92800 23274.82650 22933.90850 24053.93950 23714.83800 23373.92000 22838.13600 22497.59050 22155.24700 23276.54900 22936.00350 22593.66000 23716.56050 23376.01500 23033.67150 22499.30100 22157.33200 21813.58450 22937.71400 22595.74500 22251.99750 23377.72550 23035.75650 22692.00900
23275.10350 22934.55800 22592.21450 23715.62000 23375.07450 23032.73100 24157.71550 23817.17000 23474.82650 22936.26850 22594.29950 22250.55200 23376.78500 23034.81600 22691.06850 23818.88050 23476.91150 23133.16400 22595.99850 22252.62600 21907.49400 23036.51500 22693.14250 22348.01050 23478.61050 23135.23800 22790.10600
23375.34750 23033.37850 22689.63100 23817.94750 23475.97850 23132.23100 24262.10550 23920.13650 23576.38900 23035.07750 22691.70500 22346.57300 23477.67750 23134.30500 22789.17300 23921.83550 23578.46300 23233.33100 22693.39250 22348.63750 22002.14150 23135.99250 22791.23750 22444.74150 23580.15050 23235.39550 22888.89950
23476.24750 23132.87500 22787.74300 23920.90950 23577.53700 23232.40500 24367.10950 24023.73700 23678.60500 23134.56250 22789.80750 22443.31150 23579.22450 23234.46950 22887.97350 24025.42450 23680.66950 23334.17350 22791.48400 22445.36650 22097.52800 23236.14600 22890.02850 22542.19000 23682.34600 23336.22850 22988.39000
23577.80300 23233.04800 22886.55200 24024.50550 23679.75050 23333.25450 24472.72600 24127.97100 23781.47500 23234.72450 22888.60700 22540.76850 23681.42700 23335.30950 22987.47100 24129.64750 23783.53000 23435.69150 22890.27300 22542.81350 22193.65350 23336.97550 22989.51600 22640.35600 23785.19600 23437.73650 23088.57650
23680.01250 23333.89500 22986.05650 24128.73600 23782.61850 23434.78000 24578.95500 24232.83750 23884.99900 23335.56100 22988.10150 22638.94150 23784.28450 23436.82500 23087.66500 24234.50350 23887.04400 23537.88400 22989.75700 22640.97650 22290.51550 23438.48050 23089.70000 22739.23900 23888.69950 23539.91900 23189.45800
23782.87750 23435.41800 23086.25800 24233.59900 23886.13950 23536.97950 24685.79600 24338.33650 23989.17650 23437.07350 23088.29300 22737.83200 23887.79500 23539.01450 23188.55350 24339.99200 23991.21150 23640.75050 23089.93850 22739.85850 22388.11800 23540.66000 23190.58000 22838.83950 23992.85700 23642.77700 23291.03650
23886.39550 23537.61500 23187.15400 24339.09350 23990.31300 23639.85200 24793.24650 24444.46600 24094.00500 23539.26050 23189.18050 22837.44000 23991.95850 23641.87850 23290.13800 24446.11150 24096.03150 23744.29100 23190.81600 22839.45700 22486.45800 23643.51400 23292.15500 22939.15600 24097.66700 23746.30800 23393.30900
23990.56650 23640.48650 23288.74600 24445.22000 24095.14000 23743.39950 24901.30650 24551.22650 24199.48600 23642.12200 23290.76300 22937.76400 24096.77550 23745.41650 23392.41750 24552.86200 24201.50300 23848.50400 23292.38850 22939.77250 22585.53700 23747.04200 23394.42600 23040.19050 24203.12850 23850.51250 23496.27700
24095.39050 23744.03150 23391.03250 24551.97700 24200.61800 23847.61900 25009.97600 24658.61700 24305.61800 23745.65700 23393.04100 23038.80550 24202.24350 23849.62750 23495.39200 24660.24250 24307.62650 23953.39100 23394.65650 23040.80500 22685.35400 23851.24300 23497.39150 23141.94050 24309.24200 23955.39050 23599.93950
24200.86550 23848.24950 23494.01400 24659.36350 24306.74750 23952.51200 25119.25200 24766.63600 24412.40050 23849.86500 23496.01350 23140.56250 24308.36300 23954.51150 23599.06050 24768.25150 24414.40000 24058.94900 23497.61950 23142.55350 22785.90950 23956.11750 23601.05150 23244.40750 24416.00600 24060.94000 23704.29600
24306.99200 23953.14050 23597.68950 24767.37950 24413.52800 24058.07700 25229.13550 24875.28400 24519.83300 23954.74650 23599.68050 23243.03650 24415.13400 24060.06800 23703.42400 24876.89000 24521.82400 24165.18000 23601.27750 23245.01900 22887.20350 24061.66500 23705.40650 23347.59100 24523.42100 24167.16250 23809.34700
24413.76950 24058.70350 23702.05950 24876.02450 24520.95850 24164.31450 25339.62550 24984.55950 24627.91550 24060.30050 23704.04200 23346.22650 24522.55550 24166.29700 23808.48150 24986.15650 24629.89800 24272.08250 23705.63000 23348.20100 22989.23600 24167.88500 23810.45600 23451.49100 24631.48600 24274.05700 23915.09200
24521.19750 24164.93900 23807.12350 24985.29650 24629.03800 24271.22250 25450.72050 25094.46200 24736.64650 24166.52700 23809.09800 23450.13300 24630.62600 24273.19700 23914.23200 25096.05000 24738.62100 24379.65600 23810.67650 23452.09950 23092.00750 24274.77550 23916.19850 23556.10650 24740.19950 24381.62250 24021.53050
24629.27450 24271.84550 23912.88050 25095.19600 24737.76700 24378.80200 25562.41900 25204.99000 24846.02500 24273.42400 23914.84700 23554.75500 24739.34550 24380.76850 24020.67650 25206.56850 24847.99150 24487.89950 23916.41700 23556.71350 23195.51650 24382.33850 24022.63500 23661.43800 24849.56150 24489.85800 24128.66100
24738.00050 24379.42350 24019.33150 25205.72100 24847.14400 24487.05200 25674.72150 25316.14450 24956.05250 24380.99350 24021.29000 23660.09300 24848.71400 24489.01050 24127.81350 25317.71450 24958.01100 24596.81400 24022.85200 23662.04450 23299.76500 24490.57250 24129.76500 23767.48550 24959.57300 24598.76550 24236.48600
24847.37500 24487.67150 24126.47450 25316.87200 24957.16850 24595.97150 25787.62650 25427.92300 25066.72600 24489.23350 24128.42600 23766.14650 24958.73050 24597.92300 24235.64350 25429.48500 25068.67750 24706.39800 24129.97900 23768.09050 23404.75150 24599.47600 24237.58750 23874.24850 25070.23050 24708.34200 24345.00300
24957.39800 24596.59050 24234.31100 25428.64800 25067.84050 24705.56100 25901.13300 25540.32550 25178.04600 24598.14350 24236.25500 23872.91600 25069.39350 24707.50500 24344.16600 25541.87850 25179.99000 24816.65100 24237.80000 23874.85250 23510.47650 24709.05000 24346.10250 23981.72650 25181.53500 24818.58750 24454.21150
25068.06750 24706.17900 24342.84000 25541.04750 25179.15900 24815.82000 26015.24000 25653.35150 25290.01250 24707.72400 24344.77650 23980.40050 25180.70400 24817.75650 24453.38050 25654.89650 25291.94900 24927.57300 24346.31350 23982.33000 23616.94100 24819.29350 24455.31000 24089.92100 25293.48600 24929.50250 24564.11350
25179.38400 24816.43650 24452.06050 25654.07100 25291.12350 24926.74750 26129.94700 25766.99950 25402.62350 24817.97350 24453.99000 24088.60100 25292.66050 24928.67700 24563.28800 25768.53650 25404.55300 25039.16400 24455.51950 24090.52250 23724.14300 24930.20650 24565.20950 24198.83000 25406.08250 25041.08550 24674.70600
25291.34600 24927.36250 24561.97350 25767.71650 25403.73300 25038.34400 26245.25300 25881.26950 25515.88050 24928.89200 24563.89500 24197.51550 25405.26250 25040.26550 24673.88600 25882.79900 25517.80200 25151.42250 24565.41700 24199.43050 23832.08300 25041.78750 24675.80100 24308.45350 25519.32400 25153.33750 24785.99000
25403.95400 25038.95700 24672.57750 25881.98450 25516.98750 25150.60800 26361.15700 25996.16000 25629.78050 25040.47900 24674.49250 24307.14500 25518.50950 25152.52300 24785.17550 25997.68200 25631.69550 25264.34800 24676.00650 24309.05350 23940.76200 25154.03700 24787.08400 24418.79250 25633.20950 25266.25650 24897.96500
25517.20650 25151.22000 24783.87250 25996.87250 25630.88600 25263.53850 26477.65800 26111.67150 25744.32400 25152.73400 24785.78100 24417.48950 25632.40000 25265.44700 24897.15550 26113.18550 25746.23250 25377.94100 24787.28750 24419.39150 24050.17950 25266.95350 24899.05750 24529.84550 25747.73900 25379.84300 25010.63100
25631.10250 25264.14950 24895.85800 26112.38100 25745.42800 25377.13650 26594.75500 26227.80200 25859.51050 25265.65600 24897.76000 24528.54800 25746.93450 25379.03850 25009.82650 26229.30850 25861.41250 25492.20050 24899.25950 24530.44350 24160.33500 25380.53800 25011.72200 24641.61350 25862.91200 25494.09600 25123.98750
25745.64250 25377.74650 25008.53450 26228.50950 25860.61350 25491.40150 26712.44650 26344.55050 25975.33850 25379.24600 25010.43000 24640.32150 25862.11300 25493.29700 25123.18850 26346.05000 25977.23400 25607.12550 25011.92250 24642.21050 24271.22850 25494.78950 25125.07750 24754.09550 25978.72650 25609.01450 25238.03250
25860.82600 25492.01000 25121.90150 26345.25650 25976.44050 25606.33200 26830.73350 26461.91750 26091.80900 25493.50250 25123.79050 24752.80850 25977.93300 25608.22100 25237.23900 26463.41000 26093.69800 25722.71600 25125.27650 24754.69200 24382.86150 25609.70700 25239.12250 24867.29200 26095.18400 25724.59950 25352.76900
25976.65150 25606.93950 25235.95750 26462.62100 26092.90900 25721.92700 26949.61350 26579.90150 26208.91950 25608.42550 25237.84100 24866.01050 26094.39500 25723.81050 25351.98000 26581.38750 26210.80300 25838.97250 25239.32050 24867.88750 24495.23150 25725.29000 25353.85700 24981.20100 26212.28250 25840.84950 25468.19350
26093.11900 25722.53450 25350.70400 26580.60350 26210.01900 25838.18850 27069.08700 26698.50250 26326.67200 25724.01400 25352.58100 24979.92500 26211.49850 25840.06550 25467.40950 26699.98200 26328.54900 25955.89300 25354.05350 24981.79700 24608.34050 25841.53800 25469.28150 25095.82500 26330.02150 25957.76500 25584.30850
26210.22750 25838.79450 25466.13850 26699.20250 26327.76950 25955.11350 27189.15150 26817.71850 26445.06250 25840.26700 25468.01050 25094.55400 26329.24200 25956.98550 25583.52900 26819.19100 26446.93450 26073.47800 25469.47700 25096.42000 24722.18700 25958.45200 25585.39500 25211.16200 26448.40100 26075.34400 25701.11100
26327.97550 25955.71900 25582.26250 26818.41600 26446.15950 26072.70300 27309.80600 26937.54950 26564.09300 25957.18550 25584.12850 25209.89550 26447.62600 26074.56900 25700.33600 26939.01600 26565.95900 26191.72600        nan        nan        nan        nan        nan        nan        nan        nan        nan
