       nan        nan        nan        nan        nan        nan        nan        nan        nan 22967.24050        nan        nan        nan        nan        nan        nan        nan        nan 22964.52150 22922.04300        nan        nan        nan        nan        nan        nan        nan
22970.30850        nan        nan 23005.22200        nan        nan        nan        nan        nan 22967.58950 22925.11100        nan 23002.50300 22960.02450        nan        nan        nan        nan 22962.14900 22919.34950 22883.65700 22997.06250 22954.26300 22918.57050        nan        nan        nan
22973.73450 22931.25600        nan 23009.16600 22966.68750        nan 23038.38750 22995.90900        nan 22968.29400 22925.49450 22889.80200 23003.72550 22960.92600 22925.23350 23032.94700 22990.14750 22954.45500 22960.12800 22916.84650 22880.33450 22995.55950 22952.27800 22915.76600 23024.78100 22981.49950 22944.98750
22977.53150 22934.73200 22899.03950 23013.74300 22970.94350 22935.25100 23044.30650 23001.50700 22965.81450 22969.36550 22926.08400 22889.57200 23005.57700 22962.29550 22925.78350 23036.14050 22992.85900 22956.34700 22958.46600 22914.54300 22876.97150 22994.67750 22950.75450 22913.18300 23025.24100 22981.31800 22943.74650
22981.71700 22938.43550 22901.92350 23018.96550 22975.68400 22939.17200 23051.21400 23007.93250 22971.42050 22970.81750 22926.89450 22889.32300 23008.06600 22964.14300 22926.57150 23040.31450 22996.39150 22958.82000 22957.17550 22912.45350 22873.60750 22994.42400 22949.70200 22910.85600 23026.67250 22981.95050 22943.10450
22986.30850 22942.38550 22904.81400 23024.84250 22980.91950 22943.34800 23059.05900 23015.13600 22977.56450 22972.66650 22927.94450 22889.09850 23011.20050 22966.47850 22927.63250 23045.41700 23000.69500 22961.84900 22956.27400 22910.59700 22870.28550 22994.80800 22949.13100 22908.81950 23029.02450 22983.34750 22943.03600
22991.32350 22946.60150 22907.75550 23031.37800 22986.65600 22947.81000 23067.78850 23023.06650 22984.22050 22974.93100 22929.25400 22888.94250 23014.98550 22969.30850 22928.99700 23051.39600 23005.71900 22965.40750 22955.77600 22908.99550 22867.05100 22995.83050 22949.05000 22907.10550 23032.24100 22985.46050 22943.51600
22996.78150 22951.10450 22910.79300 23038.57100 22992.89400 22952.58250 23077.35650 23031.67950 22991.36800 22977.62650 22930.84600 22888.90150 23019.41600 22972.63550 22930.69100 23058.20150 23011.42100 22969.47650 22955.69850 22907.67150 22863.95000 22997.48800 22949.46100 22905.73950 23036.27350 22988.24650 22944.52500
23002.69400 22955.91350 22913.96900 23046.41200 22999.63150 22957.68700 23087.71750 23040.93700 22998.99250 22980.76600 22932.73900 22889.01750 23024.48400 22976.45700 22932.73550 23065.78950 23017.76250 22974.04100 22956.05350 22906.64500 22861.02300 22999.77150 22950.36300 22904.74100 23041.07700 22991.66850 22946.04650
23009.07400 22961.04700 22917.32550 23054.89200 23006.86500 22963.14350 23098.83200 23050.80500 23007.08350 22984.36150 22934.95300 22889.33100 23030.17950 22980.77100 22935.14900 23074.11950 23024.71100 22979.08900 22956.85500 22905.93900 22858.31000 23002.67300 22951.75700 22904.12800 23046.61300 22995.69700 22948.06800
23015.92850 22966.52000 22920.89800 23063.99700 23014.58850 22968.96650 23110.66400 23061.25550 23015.63350 22988.42200 22937.50600 22889.87700 23036.49050 22985.57450 22937.94550 23083.15750 23032.24150 22984.61250 22958.11150 22905.57100 22855.84350 23006.18000 22953.63950 22903.91200 23052.84700 23000.30650 22950.57900
23023.26600 22972.35000 22924.72100 23073.71350 23022.79750 22975.16850 23123.18400 23072.26800 23024.63900 22992.95550 22940.41500 22890.68750 23043.40300 22990.86250 22941.13500 23092.87350 23040.33300 22990.60550 22959.83050 22905.55950 22853.65550 23010.27800 22956.00700 22904.10300 23059.74850 23005.47750 22953.57350
23031.08950 22978.54900 22928.82150 23084.02850 23031.48800 22981.76050 23136.36300 23083.82250 23034.09500 22997.96450 22943.69350 22891.78950 23050.90350 22996.63250 22944.72850 23103.23800 23048.96700 22997.06300 22962.01900 22905.91850 22851.77050 23014.95800 22958.85750 22904.70950 23067.29250 23011.19200 22957.04400
23039.39950 22985.12850 22933.22450 23094.92600 23040.65500 22988.75100 23150.17650 23095.90550 23044.00150 23003.45400 22947.35350 22893.20550 23058.98050 23002.88000 22948.73200 23114.23100 23058.13050 23003.98250 22964.67900 22906.66050 22850.21150 23020.20550 22962.18700 22905.73800 23075.45600 23017.43750 22960.98850
23048.19800 22992.09750 22937.94950 23106.39500 23050.29450 22996.14650 23164.60400 23108.50350 23054.35550 23009.42300 22951.40450 22894.95550 23067.62000 23009.60150 22953.15250 23125.82900 23067.81050 23011.36150 22967.81400 22907.79650 22848.99550 23026.01100 22965.99350 22907.19250 23084.22000 23024.20250 22965.40150
23057.48450 22999.46600 22943.01700 23118.42150 23060.40300 23003.95400 23179.62350 23121.60500 23065.15600 23015.87550 22955.85800 22897.05700 23076.81250 23016.79500 22957.99400 23138.01450 23077.99700 23019.19600 22971.42550 22909.33750 22848.14150 23032.36250 22970.27450 22909.07850 23093.56450 23031.47650 22970.28050
23067.25750 23007.24000 22948.43900 23130.99600 23070.97850 23012.17750 23195.22200 23135.20450 23076.40350 23022.80750 22960.71950 22899.52350 23086.54600 23024.45800 22963.26200 23150.77200 23088.68400 23027.48800 22975.51250 22911.28850 22847.66000 23039.25100 22975.02700 22911.39850 23103.47700 23039.25300 22975.62450
23077.51400 23015.42600 22954.23000 23144.10600 23082.01800 23020.82200 23211.38100 23149.29300 23088.09700 23030.21900 22965.99500 22902.36650 23096.81100 23032.58700 22968.95850 23164.08600 23099.86200 23036.23350 22980.07600 22913.65750 22847.56300 23046.66800 22980.24950 22914.15500 23113.94300 23047.52450 22981.43000
23088.25200 23024.02800 22960.39950 23157.74200 23093.51800 23029.88950 23228.08650 23163.86250 23100.23400 23038.10900 22971.69050 22905.59600 23107.59900 23041.18050 22975.08600 23177.94350 23111.52500 23045.43050 22985.11450 22916.44900 22847.85950 23054.60450 22985.93900 22917.34950 23124.94900 23056.28350 22987.69400
23099.46900 23033.05050 22966.95600 23171.89500 23105.47650 23039.38200 23245.32750 23178.90900 23112.81450 23046.47450 22977.80900 22909.21950 23118.90050 23050.23500 22981.64550 23192.33300 23123.66750 23055.07800 22990.62700 22919.66800 22848.55750 23063.05300 22992.09400 22920.98350 23136.48550 23065.52650 22994.41600
23111.16200 23042.49650 22973.90700 23186.55650 23117.89100 23049.30150 23263.09200 23194.42650 23125.83700 23055.31450 22984.35550 22913.24500 23130.70900 23059.75000 22988.63950 23207.24450 23136.28550 23065.17500 22996.61250 22923.31750 22849.66500 23072.00700 22998.71200 22925.05950 23148.54250 23075.24750 23001.59500
23123.32850 23052.36950 22981.25900 23201.71850 23130.75950 23059.64900 23281.37000 23210.41100 23139.30050 23064.62650 22991.33150 22917.67900 23143.01650 23069.72150 22996.06900 23222.66800 23149.37300 23075.72050 23003.06900 22927.40050 22851.18500 23081.45900 23005.79050 22929.57500 23161.11050 23085.44200 23009.22650
23135.96450 23062.66950 22989.01700 23217.37450 23144.07950 23070.42700 23300.15150 23226.85650 23153.20400 23074.40700 22998.73850 22922.52300 23155.81700 23080.14850 23003.93300 23238.59400 23162.92550 23086.71000 23009.99400 22931.91850 22853.12300 23091.40400 23013.32850 22934.53300 23174.18100 23096.10550 23017.31000
23149.06650 23073.39800 22997.18250 23233.51650 23157.84800 23081.63250 23319.42850 23243.76000 23167.54450 23084.65350 23006.57800 22927.78250 23169.10350 23091.02800 23012.23250 23255.01550 23176.94000 23098.14450 23017.38500 22936.87250 22855.48150 23101.83500 23021.32250 22939.93150 23187.74700 23107.23450 23025.84350
23162.63150 23084.55600 23005.76050 23250.13850 23172.06300 23093.26750 23339.19250 23261.11700 23182.32150 23095.36300 23014.85050 22933.45950 23182.87000 23102.35750 23020.96650 23271.92400 23191.41150 23110.02050 23025.23950 22942.26250 22858.26400 23112.74650 23029.76950 22945.77100 23201.80050 23118.82350 23034.82500
23176.65600 23096.14350 23014.75250 23267.23450 23186.72200 23105.33100 23359.43500 23278.92250 23197.53150 23106.53250 23023.55550 22939.55700 23197.11100 23114.13400 23030.13550 23289.31150 23206.33450 23122.33600 23033.55550 22948.09100 22861.47100 23124.13400 23038.66950 22952.04950 23216.33450 23130.87000 23044.25000
23191.13550 23108.15850 23024.16000 23284.79850 23201.82150 23117.82300 23380.14900 23297.17200 23213.17350 23118.15850 23032.69400 22946.07400 23211.82150 23126.35700 23039.73700 23307.17200 23221.70750 23135.08750 23042.32900 22954.35550 22865.10550 23135.99200 23048.01850 22958.76850 23231.34250 23143.36900 23054.11900
23206.06800 23120.60350 23033.98350 23302.82400 23217.35950 23130.73950 23401.32850 23315.86400 23229.24400 23130.23850 23042.26500 22953.01500 23226.99450 23139.02100 23049.77100 23325.49900 23237.52550 23148.27550 23051.56000 22961.05750 22869.16800 23148.31600 23057.81350 22965.92400 23246.82050 23156.31800 23064.42850
23221.44800 23133.47450 23044.22450 23321.30550 23233.33200 23144.08200 23422.96600 23334.99250 23245.74250 23142.76950 23052.26700 22960.37750 23242.62700 23152.12450 23060.23500 23344.28750 23253.78500 23161.89550 23061.24200 22968.19500 22873.65750 23161.09950 23068.05250 22973.51500 23262.76000 23169.71300 23075.17550
23237.27400 23146.77150 23054.88200 23340.23900 23249.73650 23157.84700 23445.05550 23354.55300 23262.66350 23155.74650 23062.69950 22968.16200 23258.71150 23165.66450 23071.12700 23363.52800 23270.48100 23175.94350 23071.37450 22975.76700 22878.57450 23174.33950 23078.73200 22981.53950 23279.15600 23183.54850 23086.35600
23253.54000 23160.49300 23065.95550 23359.61800 23266.57100 23172.03350 23467.59050 23374.54350 23280.00600 23169.16800 23073.56050 22976.36800 23275.24600 23179.63850 23082.44600 23383.21850 23287.61100 23190.41850 23081.95250 22983.77200 22883.92000 23188.03050 23089.85000 22989.99800 23296.00300 23197.82250 23097.97050
23270.24400 23174.63650 23077.44400 23379.43850 23283.83100 23186.63850 23490.56500 23394.95750 23297.76500 23183.02850 23084.84800 22984.99600 23292.22300 23194.04250 23094.19050 23403.34950 23305.16900 23205.31700 23092.97450 22992.20850 22889.69150 23202.16900 23101.40300 22998.88600 23313.29550 23212.52950 23110.01250
23287.38000 23189.19950 23089.34750 23399.69300 23301.51250 23201.66050 23513.97350 23415.79300 23315.94100 23197.32600 23096.56000 22994.04300 23309.63900 23208.87300 23106.35600 23423.91950 23323.15350 23220.63650 23104.43600 23001.07450 22895.88800 23216.74900 23113.38750 23008.20100 23331.02950 23227.66800 23122.48150
23304.94700 23204.18100 23101.66400 23420.37900 23319.61300 23217.09600 23537.81000 23437.04400 23334.52700 23212.05700 23108.69550 23003.50900 23327.48900 23224.12750 23118.94100 23444.92000 23341.55850 23236.37200 23116.33400 23010.36850 22902.50950 23231.76600 23125.80050 23017.94150 23349.19700 23243.23150 23135.37250
23322.93900 23219.57750 23114.39100 23441.49050 23338.12900 23232.94250 23562.06850 23458.70700 23353.52050 23227.21600 23121.25050 23013.39150 23345.76750 23239.80200 23131.94300 23466.34550 23360.38000 23252.52100 23128.66500 23020.08750 22909.55400 23247.21650 23138.63900 23028.10550 23367.79450 23259.21700 23148.68350
23341.35150 23235.38600 23127.52700 23463.02200 23357.05650 23249.19750 23586.74350 23480.77800 23372.91900 23242.80050 23134.22300 23023.68950 23364.47100 23255.89350 23145.36000 23488.19250 23379.61500 23269.08150 23141.42500 23030.22850 22917.01850 23263.09550 23151.89900 23038.68900 23386.81700 23275.62050 23162.41050
23360.18150 23251.60400 23141.07050 23484.96850 23376.39100 23265.85750 23611.82950 23503.25200 23392.71850 23258.80600 23147.60950 23034.39950 23383.59300 23272.39650 23159.18650 23510.45400 23399.25750 23286.04750 23154.61050 23040.79000 22924.90150 23279.39750 23165.57700 23049.68850 23406.25850 23292.43800 23176.54950
23379.42450 23268.22800 23155.01800 23507.32650 23396.13000 23282.92000 23637.32050 23526.12400 23412.91400 23275.22900 23161.40850 23045.52000 23403.13100 23289.31050 23173.42200 23533.12500 23419.30450 23303.41600 23168.21800 23051.76850 22933.20100 23296.12000 23179.67050 23061.10300 23426.11400 23309.66450 23191.09700
23399.07600 23285.25550 23169.36700 23530.08850 23416.26800 23300.37950 23663.21150 23549.39100 23433.50250 23292.06500 23175.61550 23057.04800 23423.07750 23306.62800 23188.06050 23556.20050 23439.75100 23321.18350 23182.24350 23063.16050 22941.91450 23313.25600 23194.17300 23072.92700 23446.37900 23327.29600 23206.05000
23419.13100 23302.68150 23184.11400 23553.25150 23436.80200 23318.23450 23689.49650 23573.04700 23454.47950 23309.30950 23190.22650 23068.98050 23443.43000 23324.34700 23203.10100 23579.67500 23460.59200 23339.34600 23196.68200 23074.96300 22951.03800 23330.80250 23209.08350 23085.15850 23467.04750 23345.32850 23221.40350
23439.58650 23320.50350 23199.25750 23576.80900 23457.72600 23336.48000 23716.16950 23597.08650 23475.84050 23326.95900 23205.24000 23081.31500 23464.18150 23342.46250 23218.53750 23603.54200 23481.82300 23357.89800 23211.53050 23087.17350 22960.57100 23348.75300 23224.39600 23097.79350 23488.11350 23363.75650 23237.15400
23460.43700 23338.71800 23214.79300 23600.75650 23479.03750 23355.11250 23743.22550 23621.50650 23497.58150 23345.00850 23220.65150 23094.04900 23485.32800 23360.97100 23234.36850 23627.79700 23503.44000 23376.83750 23226.78500 23099.78750 22970.50900 23367.10450 23240.10700 23110.82850 23509.57350 23382.57600 23253.29750
23481.67700 23357.32000 23230.71750 23625.08850 23500.73150 23374.12900 23770.65750 23646.30050 23519.69800 23363.45350 23236.45600 23107.17750 23506.86500 23379.86750 23250.58900 23652.43400 23525.43650 23396.15800 23242.44050 23112.80200 22980.84800 23385.85200 23256.21350 23124.25950 23531.42100 23401.78250 23269.82850
23503.30350 23376.30600 23247.02750 23649.79950 23522.80200 23393.52350 23798.46200 23671.46450 23542.18600 23382.29050 23252.65200 23120.69800 23528.78650 23399.14800 23267.19400 23677.44900 23547.81050 23415.85650 23258.49300 23126.21250 22991.58650 23404.98900 23272.70850 23138.08250 23553.65150 23421.37100 23286.74500
23525.31100 23395.67250 23263.71850 23674.88450 23545.24600 23413.29200 23826.63150 23696.99300 23565.03900 23401.51350 23269.23300 23134.60700 23551.08700 23418.80650 23284.18050 23702.83400 23570.55350 23435.92750 23274.93750 23140.01600 23002.71900 23424.51100 23289.58950 23152.29250 23576.25800 23441.33650 23304.03950
23547.69350 23415.41300 23280.78700 23700.33800 23568.05750 23433.43150 23855.16050 23722.88000 23588.25400 23421.11750 23286.19600 23148.89900 23573.76200 23438.84050 23301.54350 23728.58450 23593.66300 23456.36600 23291.76900 23154.20650 23014.24300 23444.41350 23306.85100 23166.88750 23599.23600 23461.67350 23321.71000
23570.44700 23435.52550 23298.22850 23726.15400 23591.23250 23453.93550 23884.04300 23749.12150 23611.82450 23441.09850 23303.53600 23163.57250 23596.80550 23459.24300 23319.27950 23754.69450 23617.13200 23477.16850 23308.98400 23168.78250 23026.15450 23464.69100 23324.48950 23181.86150 23622.58000 23482.37850 23339.75050
23593.56650 23456.00400 23316.04050 23752.32700 23614.76450 23474.80100 23913.27300 23775.71050 23635.74700 23461.45200 23321.25050 23178.62250 23620.21250 23480.01100 23337.38300 23781.15850 23640.95700 23498.32900 23326.57850 23183.73850 23038.45000 23485.33900 23342.49900 23197.21050 23646.28500 23503.44500 23358.15650
23617.04600 23476.84450 23334.21650 23778.85150 23638.65000 23496.02200 23942.84500 23802.64350 23660.01550 23482.17250 23339.33250 23194.04400 23643.97800 23501.13800 23355.84950 23807.97150 23665.13150 23519.84300 23344.54500 23199.06900 23051.12350 23506.35050 23360.87450 23212.92900 23670.34400 23524.86800 23376.92250
23640.88150 23498.04150 23352.75300 23805.72250 23662.88250 23517.59400 23972.75250 23829.91250 23684.62400 23503.25400 23357.77800 23209.83250 23668.09500 23522.61900 23374.67350 23835.12500 23689.64900 23541.70350 23362.88000 23214.77100 23064.17300 23527.72100 23379.61200 23229.01400 23694.75100 23546.64200 23396.04400
23665.06550 23519.58950 23371.64400 23832.93350 23687.45750 23539.51200 24002.98850 23857.51250 23709.56700 23524.69150 23376.58250 23225.98450 23692.55950 23544.45050 23393.85250 23862.61450 23714.50550 23563.90750 23381.57800 23230.83850 23077.59250 23549.44600 23398.70650 23245.46050 23719.50100 23568.76150 23415.51550
23689.59400 23541.48500 23390.88700 23860.47750 23712.36850 23561.77050 24033.54750 23885.43850 23734.84050 23546.48050 23395.74100 23242.49500 23717.36400 23566.62450 23413.37850 23890.43400 23739.69450 23586.44850 23400.63400 23247.26800 23091.37850 23571.51750 23418.15150 23262.26200 23744.58750 23591.22150 23435.33200
23714.46150 23563.72200 23410.47600 23888.35050 23737.61100 23584.36500 24064.42350 23913.68400 23760.43800 23568.61500 23415.24900 23259.35950 23742.50400 23589.13800 23433.24850 23918.57700 23765.21100 23609.32150 23420.04350 23264.05400 23105.52600 23593.93250 23437.94300 23279.41500 23770.00550 23614.01600 23455.48800
23739.66150 23586.29550 23430.40600 23916.54400 23763.17800 23607.28850 24095.60900 23942.24300 23786.35350 23591.09000 23435.10050 23276.57250 23767.97250 23611.98300 23453.45500 23947.03750 23791.04800 23632.52000 23439.80050 23281.19150 23120.03000 23616.68300 23458.07400 23296.91250 23795.74800 23637.13900 23475.97750
23765.18800 23609.19850 23450.67050 23945.05450 23789.06500 23630.53700 24127.09900 23971.10950 23812.58150 23613.89850 23455.28950 23294.12800 23793.76500 23635.15600 23473.99450 23975.80950 23817.20050 23656.03900 23459.89750 23298.67400 23134.88550 23639.76400 23478.54050 23314.75200 23821.80850 23660.58500 23496.79650
23791.03600 23632.42700 23471.26550 23973.87400 23815.26500 23654.10350 24158.88550 24000.27650 23839.11500 23637.03500 23475.81150 23312.02300 23819.87300 23658.64950 23494.86100 24004.88450 23843.66100 23679.87250 23480.33150 23316.49700 23150.08700 23663.16950 23499.33500 23332.92500 23848.18100 23684.34650 23517.93650
23817.19850 23655.97500 23492.18650 24002.99600 23841.77250 23677.98400 24190.96150 24029.73800 23865.94950 23660.49500 23496.66050 23330.25050 23846.29250 23682.45800 23516.04800 24034.25800 23870.42350 23704.01350 23501.09600 23334.65700 23165.63100 23686.89350 23520.45450 23351.42850 23874.85900 23708.42000 23539.39400
23843.67000 23679.83550 23513.42550 24032.41450 23868.58000 23702.17000 24223.32150 24059.48700 23893.07700 23684.27100 23517.83200 23348.80600 23873.01550 23706.57650 23537.55050 24063.92250 23897.48350 23728.45750 23522.18500 23353.14600 23181.51100 23710.92950 23541.89050 23370.25550 23901.83650 23732.79750 23561.16250
23870.44400 23704.00500 23534.97900 24062.12300 23895.68400 23726.65800 24255.95750 24089.51850 23920.49250 23708.35800 23539.31900 23367.68400 23900.03700 23730.99800 23559.36300 24093.87150 23924.83250 23753.19750 23543.59300 23371.95900 23197.72200 23735.27200 23563.63800 23389.40100 23929.10650 23757.47250 23583.23550
23897.51450 23728.47550 23556.84050 24092.11500 23923.07600 23751.44100 24288.86350 24119.82450 23948.18950 23732.74950 23561.11550 23386.87850 23927.35000 23755.71600 23581.47900 24124.09850 23952.46450 23778.22750 23565.31350 23391.09150 23214.25800 23759.91400 23585.69200 23408.85850 23956.66250 23782.44050 23605.60700
23924.87450 23753.24050 23579.00350 24122.38350 23950.74950 23776.51250 24322.03200 24150.39800 23976.16100 23757.43850 23583.21650 23406.38300 23954.94750 23780.72550 23603.89200 24154.59600 23980.37400 23803.54050 23587.34000 23410.53500 23231.11300 23784.84900 23608.04400 23428.62200 23984.49750 23807.69250 23628.27050
23952.51800 23778.29600 23601.46250 24152.92100 23978.69900 23801.86550 24355.45600 24181.23400 24004.40050 23782.41950 23605.61450 23426.19250 23982.82250 23806.01750 23626.59550 24185.35750 24008.55250 23829.13050 23609.66700 23430.28650 23248.28250 23810.07000 23630.68950 23448.68550 24012.60500 23833.22450 23651.22050
23980.43800 23803.63300 23624.21100 24183.72100 24006.91600 23827.49400 24389.12750 24212.32250 24032.90050 23807.68550 23628.30500 23446.30100 24010.96850 23831.58800 23649.58400 24216.37500 24036.99450 23854.99050 23632.28750 23450.33750 23265.76000 23835.57050 23653.62050 23469.04300 24040.97700 23859.02700 23674.44950
24008.62750 23829.24700 23647.24300 24214.77700 24035.39650 23853.39250 24423.03950 24243.65900 24061.65500 23833.22950 23651.27950 23466.70200 24039.37900 23857.42900 23672.85150 24247.64150 24065.69150 23881.11400 23655.19600 23470.68300 23283.53950 23861.34550 23676.83250 23489.68900 24069.60800 23885.09500 23697.95150
24037.07950 23855.12950 23670.55200 24246.08050 24064.13050 23879.55300 24457.18400 24275.23400 24090.65650 23859.04600 23674.53300 23487.38950 24068.04700 23883.53400 23696.39050 24279.15050 24094.63750 23907.49400 23678.38400 23491.31700 23301.61400 23887.38500 23700.31800 23510.61500 24098.48850 23911.42150 23721.71850
24065.78900 23881.27600 23694.13250 24277.62600 24093.11300 23905.96950 24491.55550 24307.04250 24119.89900 23885.12700 23698.06000 23508.35700 24096.96400 23909.89700 23720.19400 24310.89350 24123.82650 23934.12350 23701.84750 23512.23250 23319.97950 23913.68450 23724.06950 23531.81650 24127.61400 23937.99900 23745.74600
24094.74550 23907.67850 23717.97550 24309.40350 24122.33650 23932.63350 24526.14350 24339.07650 24149.37350 23911.46600 23721.85100 23529.59800 24126.12400 23936.50900 23744.25600 24342.86400 24153.24900 23960.99600 23725.57800 23533.42250 23338.62700 23940.23600 23748.08050 23553.28500 24156.97600 23964.82050 23770.02500
24123.94500 23934.33000 23742.07700 24341.40800 24151.79300 23959.54000 24560.94200 24371.32700 24179.07400 23938.05700 23745.90150 23551.10600 24155.52000 23963.36450 23768.56900 24375.05400 24182.89850 23988.10300 23749.56900 23554.88150 23357.55200 23967.03200 23772.34450 23575.01500 24186.56600 23991.87850 23794.54900
24153.37850 23961.22300 23766.42750 24373.63200 24181.47650 23986.68100 24595.94300 24403.78750 24208.99200 23964.89050 23770.20300 23572.87350 24185.14400 23990.45650 23793.12700 24407.45500 24212.76750 24015.43800 23773.81300 23576.60100 23376.74700 23994.06650 23796.85450 23597.00050 24216.37750 24019.16550 23819.31150
24183.03900 23988.35150 23791.02200 24406.06550 24211.37800 24014.04850 24631.13750 24436.45000 24239.12050 23991.96150 23794.74950 23594.89550 24214.98800 24017.77600 23817.92200 24440.06000 24242.84800 24042.99400 23798.30400 23598.57600 23396.20550 24021.33050 23821.60250 23619.23200 24246.40250 24046.67450 23844.30400
24212.91900 24015.70700 23815.85300 24438.70250 24241.49050 24041.63650 24666.51900 24469.30700 24269.45300 24019.26150 23819.53350 23617.16300 24245.04500 24045.31700 23842.94650 24472.86150 24273.13350 24070.76300 23823.03400 23620.79850 23415.92050 24048.81750 23846.58200 23641.70400 24276.63400 24074.39850 23869.52050
24243.01050 24043.28250 23840.91200 24471.53450 24271.80650 24069.43600 24702.07800 24502.35000 24299.97950 24046.78300 23844.54750 23639.66950 24275.30700 24073.07150 23868.19350 24505.85050 24303.61500 24098.73700 23847.99500 23643.26100 23435.88550 24076.51900 23871.78500 23664.40950 24307.06250 24102.32850 23894.95300
24273.30700 24071.07150 23866.19350 24504.55400 24302.31850 24097.44050 24737.80700 24535.57150 24330.69350 24074.51900 23869.78500 23662.40950 24305.76600 24101.03200 23893.65650 24539.01900 24334.28500 24126.90950 23873.18150 23665.95750 23456.09400 24104.42850 23897.20450 23687.34100 24337.68150 24130.45750 23920.59400
24303.79850 24099.06450 23891.68900 24537.75200 24333.01800 24125.64250 24773.69650 24568.96250 24361.58700 24102.46100 23895.23700 23685.37350 24336.41450 24129.19050 23919.32700 24572.35900 24365.13500 24155.27150 23898.58350 23688.87950 23476.53700 24132.53700 23922.83300 23710.49050 24368.48150 24158.77750 23946.43500
24334.47950 24127.25550 23917.39200 24571.12100 24363.89700 24154.03350 24809.73900 24602.51500 24392.65150 24130.60200 23920.89800 23708.55550 24367.24350 24157.53950 23945.19700 24605.86150 24396.15750 24183.81500 23924.19650 23712.02050 23497.20900 24160.83800 23948.66200 23733.85050 24399.45600 24187.28000 23972.46850
24365.34000 24155.63600 23943.29350 24604.65200 24394.94800 24182.60550 24845.92550 24636.22150 24423.87900 24158.93450 23946.75850 23731.94700 24398.24650 24186.07050 23971.25900 24639.52000 24427.34400 24212.53250 23950.01000 23735.37200 23518.10200 24189.32200 23974.68400 23757.41400 24430.59550 24215.95750 23998.68750
24396.37450 24184.19850 23969.38700 24638.33850 24426.16250 24211.35100 24882.24850 24670.07250 24455.26100 24187.45000 23972.81200 23755.54200 24429.41400 24214.77600 23997.50600 24673.32400 24458.68600 24241.41600 23976.01750 23758.92800 23539.20900 24217.98150 24000.89200 23781.17300 24461.89150 24244.80200 24025.08300
24427.57100 24212.93300 23995.66300 24672.16950 24457.53150 24240.26150 24918.69750 24704.05950 24486.78950 24216.13850 23999.04900 23779.33000 24460.73700 24243.64750 24023.92850 24707.26500 24490.17550 24270.45650 24002.21000 23782.67850 23560.52050 24246.80850 24027.27700 23805.11900 24493.33650 24273.80500 24051.64700
24458.92350 24241.83400 24022.11500 24706.13700 24489.04750 24269.32850 24955.26400 24738.17450 24518.45550 24244.99500 24025.46350 23803.30550 24492.20850 24272.67700 24050.51900 24741.33550 24521.80400 24299.64600 24028.58050 23806.61700 23582.03150 24275.79400 24053.83050 23829.24500 24524.92100 24302.95750 24078.37200
24490.42400 24270.89250 24048.73450 24740.23300 24520.70150 24298.54350 24991.93950 24772.40800 24550.25000 24274.00950 24052.04600 23827.46050 24523.81850 24301.85500 24077.26950 24775.52500 24553.56150 24328.97600 24055.12150 23830.73550 23603.73250 24304.93050 24080.54450 23853.54150 24556.63700 24332.25100 24105.24800
24522.06250 24300.09900 24075.51350 24774.44850 24552.48500 24327.89950 25028.71450 24806.75100 24582.16550 24303.17450 24078.78850 23851.78550 24555.56050 24331.17450 24104.17150 24809.82650 24585.44050 24358.43750 24081.82250 23855.02600 23625.61700 24334.20850 24107.41200 23878.00300 24588.47450 24361.67800 24132.26900
24553.83150 24329.44550 24102.44250 24808.77500 24584.38900 24357.38600 25065.58100 24841.19500 24614.19200 24332.47950 24105.68300 23876.27400 24587.42300 24360.62650 24131.21750 24844.22900 24617.43250 24388.02350 24108.67700 23879.47950 23647.67500 24363.62050 24134.42300 23902.61850 24620.42650 24391.22900 24159.42450
24585.72050 24358.92400 24129.51500 24843.20100 24616.40450 24386.99550 25102.52700 24875.73050 24646.32150 24361.91800 24132.72050 23900.91600 24619.39850 24390.20100 24158.39650 24878.72450 24649.52700 24417.72250 24135.67500 23904.08800 23669.89950 24393.15550 24161.56850 23927.38000 24652.48150 24420.89450 24186.70600
24617.72300 24388.52550 24156.72100 24877.72100 24648.52350 24416.71900 25139.54550 24910.34800 24678.54350 24391.48000 24159.89300 23925.70450 24651.47800 24419.89100 24185.70250 24913.30250 24681.71550 24447.52700 24162.80950 23928.84400 23692.28250 24422.80750 24188.84200 23952.28050 24684.63200 24450.66650 24214.10500
24649.82800 24418.24100 24184.05250 24912.32300 24680.73600 24446.54750 25176.62550 24945.03850 24710.85000 24421.15750 24187.19200 23950.63050 24683.65250 24449.68700 24213.12550 24947.95500 24713.98950 24477.42800 24190.07050 23953.73750 23714.81550 24452.56550 24216.23250 23977.31050 24716.86800 24480.53500 24241.61300
24682.02750 24448.06200 24211.50050 24946.99850 24713.03300 24476.47150 25213.75900 24979.79350 24743.23200 24450.94050 24214.60750 23975.68550 24715.91150 24479.57850 24240.65650 24982.67200 24746.33900 24507.41700 24217.45000 23978.76100 23737.48950 24482.42100 24243.73200 24002.46050 24749.18150 24510.49250 24269.22100
24714.31150 24477.97850 24239.05650 24981.73750 24745.40450 24506.48250 25250.93450 25014.60150 24775.67950 24480.82100 24242.13200 24000.86050 24748.24700 24509.55800 24268.28650 25017.44400 24778.75500 24537.48350 24244.93900 24003.90550 23760.29650 24512.36500 24271.33150 24027.72250 24781.56200 24540.52850 24296.91950
24746.67150 24507.98250 24266.71100 25016.53200 24777.84300 24536.57150 25288.14300 25049.45400 24808.18250 24510.78950 24269.75600 24026.14700 24780.65000 24539.61650 24296.00750 25052.26100 24811.22750 24567.61850 24272.52800 24029.16150 23783.22700 24542.38850 24299.02200 24053.08750 24813.99950 24570.63300 24324.69850
24779.09750 24538.06400 24294.45500 25051.37050 24810.33700 24566.72800 25325.37500 25084.34150 24840.73250 24540.83600 24297.46950 24051.53500 24813.10900 24569.74250 24323.80800 25087.11350 24843.74700 24597.81250 24300.20800 24054.52100 23806.27300 24572.48100 24326.79400 24078.54600 24846.48550 24600.79850 24352.55050
24811.58000 24568.21350 24322.27900 25086.24400 24842.87750 24596.94300 25362.61900 25119.25250 24873.31800 24570.95200 24325.26500 24077.01700 24845.61600 24599.92900 24351.68100 25121.99100 24876.30400 24628.05600 24327.97000 24079.97400 23829.42550 24602.63400 24354.63800 24104.08950 24879.00900 24631.01300 24380.46450
24844.11000 24598.42300 24350.17500 25121.14300 24875.45600 24627.20800 25399.86600 25154.17900 24905.93100 24601.12800 24353.13200 24102.58350 24878.16100 24630.16500 24379.61650 25156.88400 24908.88800 24658.33950 24355.80500 24105.51250 23852.67550 24632.83800 24382.54550 24129.70850 24911.56100 24661.26850 24408.43150
24876.67700 24628.68100 24378.13250 25156.05600 24908.06000 24657.51150 25437.10550 25189.10950 24938.56100 24631.35400 24381.06150 24128.22450 24910.73300 24660.44050 24407.60350 25191.78250 24941.49000 24688.65300 24383.70250 24131.12600 23876.01350 24663.08150 24410.50500 24155.39250 24944.13100 24691.55450 24436.44200
24909.27150 24658.97900 24406.14200 25190.97500 24940.68250 24687.84550 25474.32750 25224.03500 24971.19800 24661.62000 24409.04350 24153.93100 24943.32350 24690.74700 24435.63450 25226.67600 24974.09950 24718.98700 24411.65400 24156.80550 23899.43050 24693.35750 24438.50900 24181.13400 24976.71000 24721.86150 24464.48650
24941.88350 24689.30700 24434.19450 25225.88800 24973.31150 24718.19900 25511.52050 25258.94400 25003.83150 24691.91750 24437.06900 24179.69400 24975.92200 24721.07350 24463.69850 25261.55450 25006.70600 24749.33100 24439.64950 24182.54250 23922.91700 24723.65400 24466.54700 24206.92150 25009.28650 24752.17950 24492.55400
24974.50300 24719.65450 24462.27950 25260.78600 25005.93750 24748.56250 25548.67500 25293.82650 25036.45150 24722.23500 24465.12800 24205.50250 25008.51800 24751.41100 24491.78550 25296.40700 25039.30000 24779.67450 24467.67850 24208.32500 23946.46350 24753.96150 24494.60800 24232.74650 25041.85050 24782.49700 24520.63550
25007.12000 24750.01300 24490.38750 25295.65750 25038.55050 24778.92500 25585.77950 25328.67250 25069.04700 24752.56350 24493.21000 24231.34850 25041.10100 24781.74750 24519.88600 25331.22300 25071.86950 24810.00800 24495.73250 24234.14650 23970.06100 24784.27000 24522.68400 24258.59850 25074.39200 24812.80600 24548.72050
25039.72300 24780.36950 24518.50800 25330.49250 25071.13900 24809.27750 25622.82350 25363.47000 25101.60850 24782.89200 24521.30600 24257.22050 25073.66150 24812.07550 24547.99000 25365.99250 25104.40650 24840.32100 24523.80000 24259.99350 23993.69900 24814.56950 24550.76300 24284.46850 25106.90050 24843.09400 24576.79950
25072.30350 24810.71750 24546.63200 25365.28050 25103.69450 24839.60900 25659.79600 25398.21000 25134.12450 24813.21150 24549.40500 24283.11050 25106.18850 24842.38200 24576.08750 25400.70400 25136.89750 24870.60300 24551.87150 24285.85950 24017.36900 24844.84850 24578.83650 24310.34600 25139.36400 24873.35200 24604.86150
25104.85000 24841.04350 24574.74900 25400.01000 25136.20350 24869.90900 25696.68650 25432.88000 25166.58550 24843.51000 24577.49800 24309.00750 25138.67000 24872.65800 24604.16750 25435.34650 25169.33450 24900.84400 24579.93750 24311.73250 24041.06000 24875.09750 24606.89250 24336.22000 25171.77400 24903.56900 24632.89650
25137.35100 24871.33900 24602.84850 25434.67000 25168.65800 24900.16750 25733.48200 25467.47000 25198.97950 24873.77850 24605.57350 24334.90100 25171.09750 24902.89250 24632.22000 25469.90950 25201.70450 24931.03200 24607.98650 24337.60300 24064.76200 24905.30550 24634.92200 24362.08100 25204.11750 24933.73400 24660.89300
25169.79750 24901.59250 24630.92000 25469.25100 25201.04600 24930.37350 25770.17350 25501.96850 25231.29600 24904.00550 24633.62200 24360.78100 25203.45900 24933.07550 24660.23450 25504.38150 25233.99800 24961.15700 24636.00900 24363.46000 24088.46550 24935.46250 24662.91350 24387.91900 25236.38500 24963.83600 24688.84150
25202.17800 24931.79450 24658.95350 25503.74050 25233.35700 24960.51600 25806.74850 25536.36500 25263.52400 24934.18150 24661.63250 24386.63800 25235.74400 24963.19500 24688.20050 25538.75200 25266.20300 24991.20850 24663.99450 24389.29450 24112.16000 24965.55700 24690.85700 24413.72250 25268.56500 24993.86500 24716.73050
25234.48100 24961.93200 24686.93750 25538.12800 25265.57900 24990.58450 25843.19700 25570.64800 25295.65350 24964.29400 24689.59400 24412.45950 25267.94100 24993.24100 24716.10650 25573.01000 25298.31000 25021.17550 24691.93100 24415.09450 24135.83450 24995.57800 24718.74150 24439.48150 25300.64700 25023.81050 24744.55050
25266.69650 24991.99650 24714.86200 25572.40250 25297.70250 25020.56800 25879.50500 25604.80500 25327.67050 24994.33350 24717.49700 24438.23700 25300.03950 25023.20300 24743.94300 25607.14200 25330.30550 25051.04550 24719.81000 24440.85100 24159.48000 25025.51600 24746.55700 24465.18600 25332.61850 25053.65950 24772.28850
25298.81200 25021.97550 24742.71550 25606.55150 25329.71500 25050.45500 25915.66250 25638.82600 25359.56600 25024.28850 24745.32950 24463.95850 25332.02800 25053.06900 24771.69800 25641.13900 25362.18000 25080.80900 24747.61800 24466.55150 24183.08450 25055.35750 24774.29100 24490.82400 25364.46850 25083.40200 24799.93500
25330.81750 25051.85850 24770.48750 25640.56450 25361.60550 25080.23450 25951.65800 25672.69900 25391.32800 25054.14700 24773.08050 24489.61350 25363.89400 25082.82750 24799.36050 25674.98750 25393.92100 25110.45400 24775.34600 24492.18550 24206.63850 25085.09300 24801.93250 24516.38550 25396.18650 25113.02600 24827.47900
25362.70100 25081.63450 24798.16750 25674.42900 25393.36250 25109.89550 25987.47850 25706.41200 25422.94500 25083.90000 24800.73950 24515.19250 25395.62800 25112.46750 24826.92050 25708.67750 25425.51700 25139.97000 24802.98300 24517.74450 24230.13100 25114.71100 24829.47250 24541.85900 25427.76050 25142.52200 24854.90850
25394.45200 25111.29150 24825.74450 25708.13400 25424.97350 25139.42650 26023.11250 25739.95200 25454.40500 25113.53500 24828.29650 24540.68300 25427.21700 25141.97850 24854.36500 25742.19550 25456.95700 25169.34350 24830.51650 24543.21500 24253.55100 25144.19850 24856.89700 24567.23300 25459.17700 25171.87550 24882.21150
25426.05750 25140.81900 24853.20550 25741.66750 25456.42900 25168.81550 26058.54850 25773.31000 25485.69650 25143.03900 24855.73750 24566.07350 25458.64900 25171.34750 24881.68350 25775.53000 25488.22850 25198.56450 24857.93600 24568.58600 24276.88650 25173.54600 24884.19600 24592.49650 25490.42700 25201.07700 24909.37750
25457.50600 25170.20450 24880.54050 25775.01750 25487.71600 25198.05200 26093.77250 25806.47100 25516.80700 25172.40300 24883.05300 24591.35350 25489.91450 25200.56450 24908.86500 25808.66950 25519.31950 25227.62000 24885.23050 24593.84700 24300.12800 25202.74200 24911.35850 24617.63950 25521.49700 25230.11350 24936.39450
25488.78700 25199.43700 24907.73750 25808.17250 25518.82250 25227.12300 26128.77450 25839.42450 25547.72500 25201.61450 24910.23100 24616.51200 25521.00000 25229.61650 24935.89750 25841.60200 25550.21850 25256.49950 24912.38750 24618.98750 24323.26350 25231.77300 24938.37300 24642.64900 25552.37500 25258.97500 24963.25100
25519.88800 25228.50450 24934.78550 25841.11900 25549.73550 25256.01650 26163.54150 25872.15800 25578.43900 25230.66100 24937.26100 24641.53700 25551.89200 25258.49200 24962.76800 25874.31450 25580.91450 25285.19050 24939.39600 24643.99350 24346.28250 25260.62700 24965.22450 24667.51350 25583.04950 25287.64700 24989.93600
25550.79600 25257.39600 24961.67200 25873.84600 25580.44600 25284.72200 26198.06000 25904.66000 25608.93600 25259.53100 24964.12850 24666.41750 25582.58100 25287.17850 24989.46750 25906.79500 25611.39250 25313.68150 24966.24400 24668.85600 24369.17200 25289.29400 24991.90600 24692.22200 25613.50800 25316.12000 25016.43600
25581.50000 25286.09750 24988.38650 25906.34050 25610.93800 25313.22700 26232.31700 25936.91450 25639.20350 25288.21300 24990.82500 24691.14100 25613.05350 25315.66550 25015.98150 25939.03000 25641.64200 25341.95800 24992.92050 24693.56200 24391.92200 25317.76100 25018.40250 24716.76250 25643.73750 25344.37900 25042.73900
25611.98800 25314.60000 25014.91600 25938.59050 25641.20250 25341.51850 26266.30150 25968.91350 25669.22950 25316.69550 25017.33700 24715.69700 25643.29800 25343.93950 25042.29950 25971.00900 25671.65050 25370.01050 25019.41250 24718.10050 24414.52100 25346.01500 25044.70300 24741.12350 25673.72600 25372.41400 25068.83450
25642.24650 25342.88800 25041.24800 25970.58250 25671.22400 25369.58400 26300.00000 26000.64150 25699.00150 25344.96350 25043.65150 24740.07200 25673.29950 25371.98750 25068.40800 26002.71700 25701.40500 25397.82550 25045.70850 24742.45850 24436.95550 25374.04450 25070.79450 24765.29150 25703.46200 25400.21200 25094.70900
25672.26300 25370.95100 25067.37150 26002.30450 25700.99250 25397.41300 26333.39850 26032.08650 25728.50700 25373.00800 25069.75800 24764.25500 25703.04950 25399.79950 25094.29650 26034.14350 25730.89350 25425.39050 25071.79600 24766.62500 24459.21500 25401.83750 25096.66650 24789.25650 25732.93150 25427.76050 25120.35050
25702.02700 25398.77700 25093.27400 26033.74400 25730.49400 25424.99100 26366.48550 26063.23550 25757.73250 25400.81500 25095.64400 24788.23400 25732.53200 25427.36100 25119.95100 26065.27350 25760.10250 25452.69250 25097.66350 24790.58750 24481.28750 25429.38050 25122.30450 24813.00450 25762.12200 25455.04600 25145.74600
25731.52450 25426.35350 25118.94350 26064.88800 25759.71700 25452.30700 26399.24700 26094.07600 25786.66600 25428.37300 25121.29700 24811.99700 25761.73650 25454.66050 25145.36050 26096.09550 25789.01950 25479.71950 25123.29900 24814.33450 24503.16100 25456.66250 25147.69800 24836.52450 25791.02150 25482.05700 25170.88350
25760.74250 25453.66650 25144.36650 26095.72250 25788.64650 25479.34650 26431.67050 26124.59450 25815.29450 25455.66850 25146.70400 24835.53050 25790.64850 25481.68400 25170.51050 26126.59650 25817.63200 25506.45850 25148.68850 24837.85250 24524.82350 25483.66850 25172.83250 24859.80350 25819.61650 25508.78050 25195.75150
25789.66800 25480.70350 25169.53000 26126.23600 25817.27150 25506.09800 26463.74150 26154.77700 25843.60350 25482.68800 25171.85200 24858.82300 25819.25600 25508.42000 25195.39100 26156.76150 25845.92550 25532.89650 25173.81900 24861.12950 24546.26100 25510.38700 25197.69750 24882.82900 25847.89250 25535.20300 25220.33450
25818.28900 25507.45300 25194.42400 26156.41400 25845.57800 25532.54900 26495.44750 26184.61150 25871.58250 25509.42000 25196.73050 24881.86200 25847.54500 25534.85550 25219.98700 26186.57850 25873.88900 25559.02050 25198.67950 24884.15300 24567.46300 25536.80450 25222.27800 24905.58800 25875.83800 25561.31150 25244.62150
25846.59150 25533.90200 25219.03350 26186.24300 25873.55350 25558.68500 26526.77350 26214.08400 25899.21550 25535.85100 25221.32450 24904.63450 25875.50250 25560.97600 25244.28600 26216.03300 25901.50650 25584.81650 25223.25750 24906.91050 24588.41650 25562.90900 25246.56200 24928.06800 25903.43950 25587.09250 25268.59850
25874.56200 25560.03550 25243.34550 26215.70950 25901.18300 25584.49300 26557.70700 26243.18050 25926.49050 25561.96850 25245.62150 24927.12750 25903.11600 25586.76900 25268.27500 26245.11350 25928.76650 25610.27250 25247.53850 24929.39000 24609.10900 25588.68600 25270.53750 24950.25650 25930.68350 25612.53500 25292.25400
25902.18850 25585.84150 25267.34750 26244.80200 25928.45500 25609.96100 26588.23400 26271.88700 25953.39300 25587.75850 25269.61000 24949.32900 25930.37200 25612.22350 25291.94250 26273.80400 25955.65550 25635.37450 25271.51000 24951.57650 24629.52700 25614.12350 25294.19000 24972.14050 25957.55550 25637.62200 25315.57250
25929.45700 25611.30850 25291.02750 26273.50500 25955.35650 25635.07550 26618.34050 26300.19200 25979.91100 25613.20850 25293.27500 24971.22550 25957.25650 25637.32300 25315.27350 26302.09200 25982.15850 25660.10900 25295.15950 24973.45950 24649.65900 25639.20750 25317.50750 24993.70700 25984.04300 25662.34300 25338.54250
25956.35400 25636.42050 25314.37100 26301.80450 25981.87100 25659.82150 26648.01250 26328.07900 26006.02950 25638.30500 25316.60500 24992.80450 25983.75550 25662.05550 25338.25500 26329.96350 26008.26350 25684.46300 25318.47400 24995.02450 24669.49150 25663.92450 25340.47500 25014.94200 26010.13250 25686.68300 25361.15000
25982.86500 25661.16500 25337.36450 26329.68800 26007.98800 25684.18750 26677.23600 26355.53600 26031.73550 25663.03400 25339.58450 25014.05150 26009.85700 25686.40750 25360.87450 26357.40500 26033.95550 25708.42250 25341.43850 25016.25800 24689.01100 25688.26150 25363.08100 25035.83400 26035.80950 25710.62900 25383.38200
26008.97850 25685.52900 25359.99600 26357.14050 26033.69100 25708.15800 26705.99700 26382.54750 26057.01450 25687.38300 25362.20250 25034.95550 26035.54500 25710.36450 25383.11750 26384.40150 26059.22100 25731.97400 25364.04150 25037.14800 24708.20500 25712.20350 25385.31000 25056.36700 26061.06000 25734.16650 25405.22350
26034.67850 25709.49800 25382.25100 26384.14800 26058.96750 25731.72050 26734.28100 26409.10050 26081.85350 25711.33700 25384.44350 25055.50050 26060.80650 25733.91300 25404.97000 26410.93950 26084.04600 25755.10300 25386.26850 25057.68050 24727.06000 25735.73800 25407.15000 25076.52950 26085.87100 25757.28300 25426.66250
26059.95200 25733.05850 25404.11550 26410.69700 26083.80350 25754.86050 26762.07250 26435.17900 26106.23600 25734.88350 25406.29550 25075.67500 26085.62850 25757.04050 25426.42000 26437.00400 26108.41600 25777.79550 25408.10600 25077.84150 24745.56300 25758.85100 25428.58650 25096.30800 26110.22650 25779.96200 25447.68350
26084.78500 25756.19700 25425.57650 26436.77250 26108.18450 25777.56400 26789.35800 26460.77000 26130.14950 25758.00750 25427.74300 25095.46450 26109.99500 25779.73050 25447.45200 26462.58050 26132.31600 25800.03750 25429.54000 25097.61800 24763.70000 25781.52750 25449.60550 25115.68750 26134.11300 25802.19100 25468.27300
26109.16250 25778.89800 25446.61950 26462.36000 26132.09550 25799.81700 26816.12350 26485.85900 26153.58050 25780.69500 25448.77300 25114.85500 26133.89250 25801.97050 25468.05250 26487.65600 26155.73400 25821.81600 25450.55650 25116.99600 24781.45650 25803.75400 25470.19350 25134.65400 26157.51750 25823.95700 25488.41750
26133.07200 25801.15000 25467.23200 26487.44550 26155.52350 25821.60550 26842.35250 26510.43050 26176.51250 25802.93350 25469.37300 25133.83350 26157.30700 25823.74650 25488.20700 26512.21400 26178.65350 25843.11400 25471.14250 25135.96300 24798.82150 25825.51600 25490.33650 25153.19500 26180.42300 25845.24350 25508.10200
26156.49700 25822.93650 25487.39700 26512.01400 26178.45350 25842.91400 26868.03150 26534.47100 26198.93150 25824.70600 25489.52650 25152.38500 26180.22300 25845.04350 25507.90200 26536.24050 26201.06100 25863.91950 25491.28250 25154.50300 24815.77900 25846.79950 25510.02000 25171.29600 26202.81700 25866.03750 25527.31350
26179.42400 25844.24450 25507.10300 26536.05050 26200.87100 25863.72950 26893.14450 26557.96500 26220.82350 25846.00050 25509.22100 25170.49700 26202.62700 25865.84750 25527.12350 26559.72100 26222.94150 25884.21750 25510.96350 25172.60300 24832.31600 25867.59000 25529.22950 25188.94250 26224.68400 25886.32350 25546.03650
26201.83850 25865.05900 25526.33500 26559.54050 26222.76100 25884.03700 26917.67650 26580.89700 26242.17300 25866.80150 25528.44100 25188.15400 26224.50350 25886.14300 25545.85600 26582.63950 26244.27900 25903.99200 25530.17050 25190.24800 24848.41800 25887.87250 25547.95000 25206.12000 26246.00850 25906.08600 25564.25600
26223.72600 25885.36550 25545.07850 26582.47000 26244.10950 25903.82250 26941.61350 26603.25300 26262.96600 25887.09500 25547.17250 25205.34250 26245.83900 25905.91650 25564.08650 26604.98250 26265.06000 25923.23000 25548.89000 25207.42550 24864.07150 25907.63400 25566.16950 25222.81550 26266.77750 25925.31300 25581.95900
26245.07100 25905.14850 25563.31850 26604.82150 26264.89900 25923.06900 26964.93900 26625.01650 26283.18650 25906.86600 25565.40150 25222.04750 26266.61650 25925.15200 25581.79800 26626.73400 26285.26950 25941.91550 25567.10650 25224.11950 24879.26150 25926.85700 25583.87000 25239.01200 26286.97450 25943.98750 25599.12950
26265.85950 25924.39500 25581.04100 26626.58300 26285.11850 25941.76450 26987.63800 26646.17350 26302.81950 25926.10000 25583.11300 25238.25500 26286.82350 25943.83650 25598.97850 26647.87850 26304.89150 25960.03350 25584.80600 25240.31650 24893.97400 25945.52950 25601.04000 25254.69750 26306.58450 25962.09500 25615.75250
26286.07600 25943.08900 25598.23100 26647.73650 26304.74950 25959.89150 27009.69550 26666.70850 26321.85050 25944.78200 25600.29250 25253.95000 26306.44250 25961.95300 25615.61050 26668.40150 26323.91200 25977.56950 25601.97300 25256.00100 24908.19550 25963.63350 25617.66150 25269.85600 26325.59250 25979.62050 25631.81500
26305.70550 25961.21600 25614.87350 26668.26850 26323.77900 25977.43650 27031.09450 26686.60500 26340.26250 25962.89650 25616.92450 25269.11900 26325.45950 25979.48750 25631.68200 26688.28550 26342.31350 25994.50800 25618.59400 25271.15900 24921.91000 25981.15700 25633.72200 25284.47300 26343.98300 25996.54800 25647.29900
26324.73200 25978.76000 25630.95450 26688.16250 26342.19050 25994.38500 27051.82050 26705.84850 26358.04300 25980.42950 25632.99450 25283.74550 26343.86000 25996.42500 25647.17600 26707.51800 26360.08300 26010.83400 25634.65200 25285.77550 24935.10400 25998.08250 25649.20600 25298.53450 26361.74050 26012.86400 25662.19250
26343.14150 25995.70650 25646.45750 26707.40300 26359.96800 26010.71900 27071.85750 26724.42250 26375.17350 25997.36400 25648.48750 25297.81600 26361.62550 26012.74900 25662.07750 26726.08000 26377.20350 26026.53200 25650.13400 25299.83550 24947.76150 26014.39550 25664.09700 25312.02300 26378.85000 26028.55150 25676.47750
26360.91650 26012.04000 25661.36850 26725.97450 26377.09800 26026.42650 27091.18850 26742.31200 26391.64050 26013.68650 25663.38800 25311.31400 26378.74450 26028.44600 25676.37200 26743.95850 26393.66000 26041.58600 25665.02350 25313.32350 24959.86850 26030.08150 25678.38150 25324.92650 26395.29550 26043.59550 25690.14050
26378.04450 26027.74600 25675.67200 26743.86100 26393.56250 26041.48850 27109.79900 26759.50050 26407.42650 26029.38150 25677.68150 25324.22650 26395.19800 26043.49800 25690.04300 26761.13600 26409.43600 26055.98100 25679.30700 25326.22650 24971.41100 26045.12350 25692.04300 25337.22750 26411.06150 26057.98100 25703.16550
26394.50750 26042.80750 25689.35250 26761.04700 26409.34700 26055.89200 27127.67150 26775.97150 26422.51650 26044.43300 25691.35250 25336.53700 26410.97250 26057.89200 25703.07650 26777.59700 26424.51650 26069.70100 25692.96700 25338.52750 24982.37200 26059.50650 25705.06700 25348.91150 26426.13100 26071.69150 25715.53600
26410.29000 26057.20950 25702.39400 26777.51650 26424.43600 26069.62050 27144.79050 26791.71000 26436.89450 26058.82400 25704.38450 25348.22900 26426.05050 26071.61100 25715.45550 26793.32450 26438.88500 26082.72950 25705.98800 25350.21000 24992.73650 26073.21450 25717.43650 25359.96300 26440.48850 26084.71050 25727.23700
26425.37700 26070.93750 25714.78200 26793.25200 26438.81250 26082.65700 27161.13950 26806.70000 26450.54450 26072.54100 25716.76300 25359.28950 26440.41600 26084.63800 25727.16450 26808.30350 26452.52550 26095.05200 25718.35650 25361.26150 25002.49100 26086.23150 25729.13650 25370.36600 26454.11900 26097.02400 25738.25350
26439.75150 26083.97350 25726.50000 26808.23850 26452.46050 26094.98700 27176.70150 26820.92350 26463.45000 26085.56700 25728.47200 25369.70150 26454.05400 26096.95900 25738.18850 26822.51700 26465.42200 26106.65150 25730.05550 25371.66400 25011.61850 26098.54250 25740.15100 25380.10550 26467.00550 26108.61400 25748.56850
26453.39800 26096.30300 25737.53250 26822.46000 26465.36500 26106.59450 27191.46050 26834.36550 26475.59500 26097.88650 25739.49500 25379.44950 26466.94850 26108.55700 25748.51150 26835.94900 26477.55750 26117.51200 25741.06900 25381.40350 25020.10400 26110.13100 25750.46550 25389.16600 26479.13150 26119.46600 25758.16650
26466.30000 26107.90850 25747.86300 26835.90000 26477.50850 26117.46300 27205.39950 26847.00800 26486.96250 26109.48250 25749.81700 25388.51750 26479.08250 26119.41700 25758.11750 26848.58200 26488.91650 26127.61700 25751.38100 25390.46250 25027.93050 26120.98100 25760.06250 25397.53050 26490.48050 26129.56200 25767.03000
26478.44200 26118.77650 25757.47700 26848.54050 26488.87500 26127.57550 27218.50200 26858.83650 26497.53700 26120.34050 25759.42200 25396.89000 26490.43900 26129.52050 25766.98850 26860.40050 26499.48200 26136.95000 25760.97650 25398.82700 25035.08500 26131.07500 25768.92550 25405.18350 26501.03650 26138.88700 25775.14500
26489.80650 26128.88800 25766.35600 26860.36600 26499.44750 26136.91550 27230.75050 26869.83200 26507.30000 26130.44250 25768.29300 25404.55100 26501.00200 26138.85250 25775.11050 26871.38650 26509.23700 26145.49500 25769.83850 25406.48050 25041.55000 26140.39800 25777.04000 25412.10950 26510.78250 26147.42450 25782.49400
26500.37700 26138.22750 25774.48550 26871.35950 26509.21000 26145.46800 27242.12800 26879.97850 26516.23650 26139.77300 25776.41500 25411.48450 26510.75550 26147.39750 25782.46700 26881.52400 26518.16600 26153.23550 25777.95150 25413.40550 25047.30950 26148.93400 25784.38800 25418.29200 26519.70250 26155.15650 25789.06050
26510.13800 26146.78000 25781.84950 26881.50450 26518.14650 26153.21600 27252.61850 26889.26050 26524.33000 26148.31650 25783.77050 25417.67450 26519.68300 26155.13700 25789.04100 26890.79700 26526.25100 26160.15500 25785.29800 25419.58700 25052.34800 26156.66450 25790.95350 25423.71450 26527.77850 26162.06750 25794.82850
26519.07300 26154.52700 25788.43100 26890.78350 26526.23750 26160.14150 27262.20400 26897.65800 26531.56200 26156.05450 25790.34350 25423.10450 26527.76500 26162.05400 25794.81500 26899.18550 26533.47450 26166.23550 25791.86250 25425.00950 25056.64950 26163.57300 25796.72000 25428.36000 26534.99350 26168.14050 25799.78050
26527.16250 26161.45150 25794.21250 26899.17950 26533.46850 26166.22950 27270.86700 26905.15600 26537.91700 26162.97050 25796.11750 25427.75750 26534.98750 26168.13450 25799.77450 26906.67500 26539.82200 26171.46200 25797.62750 25429.65450 25060.19650 26169.64450 25801.67150 25432.21350 26541.33200 26173.35900 25803.90100
26534.39150 26167.53850 25799.17850 26906.67500 26539.82200 26171.46200 27278.58900 26911.73600 26543.37600 26169.04850 25801.07550 25431.61750 26541.33200 26173.35900 25803.90100 26913.24600 26545.27300 26175.81500 25802.57800 25433.50700 25062.97350 26174.86150 25805.79050 25435.25700 26546.77550 26177.70450 25807.17100
26540.74300 26172.77000 25803.31200 26913.25250 26545.27950 26175.82150 27285.35400 26917.38100 26547.92300 26174.27250 25805.20150 25434.66800 26546.78200 26177.71100 25807.17750 26918.88350 26549.81250 26179.27900 25806.69550 25436.55000 25064.96450 26179.20500 25809.05950 25437.47400 26551.30650 26181.16100 25809.57550
26546.20050 26177.12950 25806.59600 26918.89650 26549.82550 26179.29200 27291.14500 26922.07400 26551.54050 26178.62350 25808.47800 25436.89250 26551.31950 26181.17400 25809.58850 26923.56800 26553.42250 26181.83700 25809.96400 25438.76800 25066.15250 26182.66000 25811.46400 25438.84850 26554.90850 26183.71250 25811.09700
26550.74400 26180.59850 25809.01300 26923.58650 26553.44100 26181.85550 27295.94150 26925.79600 26554.21050 26182.08450 25810.88850 25438.27300 26554.92700 26183.73100 25811.11550 26927.28200 26556.08600 26183.47050 25812.36650 25440.14100 25066.51950 26185.20900 25812.98350 25439.36200 26557.56400 26185.33850 25811.71700
26554.35850 26183.16250 25810.54700 26927.30700 26556.11100 26183.49550 27299.72800 26928.53200 26555.91650 26184.64050 25812.41500 25438.79350 26557.58900 26185.36350 25811.74200 26930.01000 26557.78450 26184.16300 25813.88550 25440.65500 25066.05100 26186.83400 25813.60350 25438.99950 26559.25500 26186.02450 25811.42050
26557.02650 26184.80100 25811.17950 26930.04050 26557.81500 26184.19350 27302.48650 26930.26100 26556.63950 26186.27150 25813.04100 25438.43700 26559.28550 26186.05500 25811.45100 26931.73150 26558.50100 26183.89700 25814.50400 25440.29150 25064.72800 26187.51800 25813.30550 25437.74200 26559.96400 26185.75150 25810.18800
26558.72900 26185.49850 25810.89450 26931.76750 26558.53700 26183.93300 27304.19650 26930.96600 26556.36200 26186.96150 25812.74900 25437.18550 26560.00000 26185.78750 25810.22400 26932.42900 26558.21650 26182.65300 25814.20500 25439.03400 25062.53550 26187.24350 25812.07250 25435.57400 26559.67250 26184.50150 25808.00300
26559.44950 26185.23700 25809.67350 26932.47100 26558.25850 26182.69500 27304.84200 26930.62950 26555.06600 26186.69300 25811.52200 25435.02350 26559.71450 26184.54350 25808.04500 26932.08550 26556.91450 26180.41600 25812.97050 25436.86450 25059.45500 26185.99200 25809.88600 25432.47650 26558.36300 26182.25700 25804.84750
26559.16950 26183.99850 25807.50000 26932.13300 26556.96200 26180.46350 27304.40500 26929.23400 26552.73550 26185.44700 25809.34100 25431.93150 26558.41050 26182.30450 25804.89500 26930.68250 26554.57650 26177.16700 25810.78300 25433.76650 25055.46850 26183.74650 25806.73000 25428.43200 26556.01850 26179.00200 25800.70400
26557.87100 26181.76500 25804.35550 26930.73400 26554.62800 26177.21850 27302.86500 26926.75900 26549.34950 26183.20700 25806.19050 25427.89250 26556.07000 26179.05350 25800.75550 26928.20100 26551.18450 26172.88650 25807.62500 25429.72200 25050.56050 26180.48800 25802.58500 25423.42350 26552.61900 26174.71600 25795.55450
26555.53700 26178.52050 25800.22250 26928.25750 26551.24100 26172.94300 27300.20500 26923.18850 26544.89050 26179.95500 25802.05200 25422.89050 26552.67550 26174.77250 25795.61100 26924.62300 26546.72000 26167.55850 25803.48000 25424.71400 25044.71350 26176.20050 25797.43450 25417.43400 26548.14800 26169.38200 25789.38150
26552.14700 26174.24400 25795.08250 26924.68400 26546.78100 26167.61950 27296.40500 26918.50200 26539.34050 26175.67200 25796.90600 25416.90550 26548.20900 26169.44300 25789.44250 26919.93000 26541.16400 26161.16350 25798.32750 25418.72250 25037.90750 26170.86450 25791.25950 25410.44450 26542.58550 26162.98050 25782.16550
26547.68600 26168.92000 25788.91950 26919.99650 26541.23050 26161.23000 27291.44800 26912.68200 26532.68150 26170.34150 25790.73650 25409.92150 26542.65200 26163.04700 25782.23200 26914.10350 26534.49850 26153.68350        nan        nan        nan        nan        nan        nan        nan        nan        nan
