       nan        nan        nan        nan        nan        nan        nan        nan        nan 28582.30250        nan        nan        nan        nan        nan        nan        nan        nan 28579.38650 28536.42350        nan        nan        nan        nan        nan        nan        nan
28585.50850        nan        nan 28623.43650        nan        nan        nan        nan        nan 28582.59250 28539.62950        nan 28620.52050 28577.55750        nan        nan        nan        nan 28576.75750 28533.43100 28497.64100 28614.68550 28571.35900 28535.56900        nan        nan        nan
28589.01150 28546.04850        nan 28627.46000 28584.49700        nan 28659.24000 28616.27700        nan 28583.17650 28539.85000 28504.06000 28621.62500 28578.29850 28542.50850 28653.40500 28610.07850 28574.28850 28574.41650 28530.54400 28493.80000 28612.86500 28568.99250 28532.24850 28644.64500 28600.77250 28564.02850
28592.82450 28549.49800 28513.70800 28632.05350 28588.72700 28552.93700 28665.17400 28621.84750 28586.05750 28584.06450 28540.19200 28503.44800 28623.29350 28579.42100 28542.67700 28656.41400 28612.54150 28575.79750 28572.37000 28527.76950 28489.79900 28611.59900 28566.99850 28529.02800 28644.71950 28600.11900 28562.14850
28596.96050 28553.08800 28516.34400 28637.22950 28593.35700 28556.61300 28672.04100 28628.16850 28591.42450 28585.26600 28540.66550 28502.69500 28625.53500 28580.93450 28542.96400 28660.34650 28615.74600 28577.77550 28570.62600 28525.11750 28485.67850 28610.89500 28565.38650 28525.94750 28645.70650 28600.19800 28560.75900
28601.43450 28556.83400 28518.86350 28642.99400 28598.39350 28560.42300 28679.78900 28635.18850 28597.21800 28586.79450 28541.28600 28501.84700 28628.35400 28582.84550 28543.40650 28665.14900 28619.64050 28580.20150 28569.19650 28522.60400 28481.48650 28610.75600 28564.16350 28523.04600 28647.55100 28600.95850 28559.84100
28606.26200 28560.75350 28521.31450 28649.34900 28603.84050 28564.40150 28688.36550 28642.85700 28603.41800 28588.66400 28542.07150 28500.95400 28631.75100 28585.15850 28544.04100 28670.76750 28624.17500 28583.05750 28568.09450 28520.24950 28477.27200 28611.18150 28563.33650 28520.35900 28650.19800 28602.35300 28559.37550
28611.45550 28564.86300 28523.74550 28656.29000 28609.69750 28568.58000 28697.72250 28651.13000 28610.01250 28590.88600 28543.04100 28500.06350 28635.72050 28587.87550 28544.89800 28677.15300 28629.30800 28586.33050 28567.33100 28518.07250 28473.08200 28612.16550 28562.90700 28517.91650 28653.59800 28604.33950 28559.34900
28617.02600 28569.18100 28526.20350 28663.80900 28615.96400 28572.98650 28707.81250 28659.96750 28616.99000 28593.47100 28544.21250 28499.22200 28640.25400 28590.99550 28546.00500 28684.25750 28634.99900 28590.00850 28566.91800 28516.09550 28468.96150 28613.70100 28562.87850 28515.74450 28657.70450 28606.88200 28559.74800
28622.98350 28573.72500 28528.73450 28671.89300 28622.63450 28577.64400 28718.59350 28669.33500 28624.34450 28596.43050 28545.60800 28498.47400 28645.34000 28594.51750 28547.38350 28692.04050 28641.21800 28594.08400 28566.86500 28514.34000 28464.95200 28615.77450 28563.24950 28513.86150 28662.47500 28609.95000 28560.56200
28629.33500 28578.51250 28531.37850 28680.52950 28629.70700 28582.57300 28730.02900 28679.20650 28632.07250 28599.76950 28547.24450 28497.85650 28650.96400 28598.43900 28549.05100 28700.46350 28647.93850 28598.55050 28567.18100 28512.82500 28461.09050 28618.37550 28564.01950 28512.28500 28667.87500 28613.51900 28561.78450
28636.08350 28583.55850 28534.17050 28689.70150 28637.17650 28587.78850 28742.08550 28689.56050 28640.17250 28603.49500 28549.13900 28497.40450 28657.11300 28602.75700 28551.02250 28709.49700 28655.14100 28603.40650 28567.87250 28511.56950 28457.40950 28621.49050 28565.18750 28511.02750 28673.87450 28617.57150 28563.41150
28643.23450 28588.87850 28537.14400 28699.39650 28645.04050 28593.30600 28754.73350 28700.37750 28648.64300 28607.61200 28551.30900 28497.14900 28663.77400 28607.47100 28553.31100 28719.11100 28662.80800 28608.64800 28568.94500 28510.59000 28453.93750 28625.10700 28566.75200 28510.09950 28680.44400 28622.08900 28565.43650
28650.78900 28594.48600 28540.32600 28709.60000 28653.29700 28599.13700 28767.94800 28711.64500 28657.48500 28612.12200 28553.76700 28497.11450 28670.93300 28612.57800 28555.92550 28729.28100 28670.92600 28614.27350 28570.40300 28509.90150 28450.69900 28629.21400 28568.71250 28509.51000 28687.56200 28627.06050 28567.85800
28658.74750 28600.39250 28543.74000 28720.29750 28661.94250 28605.29000 28781.70550 28723.35050 28666.69800 28617.02850 28556.52700 28497.32450 28678.57850 28618.07700 28558.87450 28739.98650 28679.48500 28620.28250 28572.25050 28509.51700 28447.71500 28633.80050 28571.06700 28509.26500 28695.20850 28632.47500 28570.67300
28667.10950 28606.60800 28547.40550 28731.47850 28670.97700 28611.77450 28795.98700 28735.48550 28676.28300 28622.33150 28559.59800 28497.79600 28686.70050 28623.96700 28562.16500 28751.20900 28688.47550 28626.67350 28574.48750 28509.44700 28445.00250 28638.85650 28573.81600 28509.37150 28703.36500 28638.32450 28573.88000
28675.87600 28613.14250 28551.34050 28743.13100 28680.39750 28618.59550 28810.77650 28748.04300 28686.24100 28628.03200 28562.99150 28498.54700 28695.28700 28630.24650 28565.80200 28762.93250 28697.89200 28633.44750 28577.11750 28509.70250 28442.57800 28644.37250 28576.95750 28509.83300 28712.01800 28644.60300 28577.47850
28685.04600 28620.00550 28555.56100 28755.24550 28690.20500 28625.76050 28826.05750 28761.01700 28696.57250 28634.13150 28566.71650 28499.59200 28704.33100 28636.91600 28569.79150 28775.14300 28707.72800 28640.60350 28580.14200 28510.29150 28440.45650 28650.34150 28580.49100 28510.65600 28721.15350 28651.30300 28581.46800
28694.61750 28627.20250 28560.07800 28767.81300 28700.39800 28633.27350 28841.81800 28774.40300 28707.27850 28640.62800 28570.77750 28500.94250 28713.82350 28643.97300 28574.13800 28787.82850 28717.97800 28648.14300 28583.56100 28511.22200 28438.64650 28656.75650 28584.41750 28511.84200 28730.76150 28658.42250 28585.84700
28704.58950 28634.73900 28564.90400 28780.82600 28710.97550 28641.14050 28858.04550 28788.19500 28718.36000 28647.52250 28575.18350 28502.60800 28723.75900 28651.42000 28578.84450 28800.97850 28728.63950 28656.06400 28587.37500 28512.50000 28437.16000 28663.61150 28588.73650 28513.39650 28740.83100 28665.95600 28590.61600
28714.96200 28642.62300 28570.04750 28794.27700 28721.93800 28649.36250 28874.73100 28802.39200 28729.81650 28654.81450 28579.93950 28504.59950 28734.12950 28659.25450 28583.91450 28814.58350 28739.70850 28664.36850 28591.58550 28514.13150 28436.00550 28670.90050 28593.44650 28515.32050 28751.35450 28673.90050 28595.77450
28725.73250 28650.85750 28575.51750 28808.16000 28733.28500 28657.94500 28891.86500 28816.99000 28741.65000 28662.50350 28585.04950 28506.92350 28744.93100 28667.47700 28589.35100 28828.63600 28751.18200 28673.05600 28596.19150 28516.12100 28435.18950 28678.61900 28598.54850 28517.61700 28762.32400 28682.25350 28601.32200
28736.90100 28659.44700 28581.32100 28822.47000 28745.01600 28666.89000 28909.44050 28831.98650 28753.86050 28670.58900 28590.51850 28509.58700 28756.15800 28676.08750 28595.15600 28843.12850 28763.05800 28682.12650 28601.19400 28518.47300 28434.72000 28686.76300 28604.04200 28520.28900 28773.73350 28691.01250 28607.25950
28748.46500 28668.39450 28587.46300 28837.20100 28757.13050 28676.19900 28927.45050 28847.38000 28766.44850 28679.07000 28596.34900 28512.59600 28767.80600 28685.08500 28601.33200 28858.05550 28775.33450 28691.58150 28606.59150 28521.19050 28434.60100 28695.32750 28609.92650 28523.33700 28785.57700 28700.17600 28613.58650
28760.42450 28677.70350 28593.95050 28852.35050 28769.62950 28685.87650 28945.88750 28863.16650 28779.41350 28687.94600 28602.54500 28515.95550 28779.87200 28694.47100 28607.88150 28873.40900 28788.00800 28701.41850 28612.38500 28524.27750 28434.83900 28704.31100 28616.20350 28526.76500 28797.84800 28709.74050 28620.30200
28772.77800 28687.37700 28600.78750 28867.91200 28782.51100 28695.92150 28964.74750 28879.34650 28792.75700 28697.21700 28609.10950 28519.67100 28792.35100 28704.24350 28614.80500 28889.18650 28801.07900 28711.64050 28618.57450 28527.73700 28435.43800 28713.70850 28622.87100 28530.57200 28810.54400 28719.70650 28627.40750
28785.52400 28697.41650 28607.97800 28883.88350 28795.77600 28706.33750 28984.02500 28895.91750 28806.47900 28706.88150 28616.04400 28523.74500 28805.24100 28714.40350 28622.10450 28905.38250 28814.54500 28722.24600 28625.15950 28531.57050 28436.40150 28723.51900 28629.93000 28534.76100 28823.66050 28730.07150 28634.90250
28798.66200 28707.82450 28615.52550 28900.26100 28809.42350 28717.12450 29003.71600 28912.87850 28820.57950 28716.94000 28623.35100 28528.18200 28818.53900 28724.95000 28629.78100 28921.99400 28828.40500 28733.23600 28632.13950 28535.78150 28437.73250 28733.73850 28637.38050 28539.33150 28837.19350 28740.83550 28642.78650
28812.19100 28718.60200 28623.43300 28917.04300 28823.45400 28728.28500 29023.81600 28930.22700 28835.05800 28727.39050 28631.03250 28532.98350 28832.24250 28735.88450 28637.83550 28939.01550 28842.65750 28744.60850 28639.51450 28540.37000 28439.43500 28744.36650 28645.22200 28544.28700 28851.13950 28751.99500 28651.06000
28826.11000 28729.75200 28631.70300 28934.22600 28837.86800 28739.81900 29044.32100 28947.96300 28849.91400 28738.23400 28639.08950 28538.15450 28846.35000 28747.20550 28646.27050 28956.44500 28857.30050 28756.36550 28647.28500 28545.33950 28441.51150 28755.40100 28653.45550 28549.62750 28865.49600 28763.55050 28659.72250
28840.41850 28741.27400 28640.33900 28951.80650 28852.66200 28751.72700 29065.22900 28966.08450 28865.14950 28749.46950 28647.52400 28543.69600 28860.85750 28758.91200 28655.08400 28974.28000 28872.33450 28768.50650 28655.44950 28550.69050 28443.96500 28766.83750 28662.07850 28555.35300 28880.26000 28775.50100 28668.77550
28855.11600 28753.17050 28649.34250 28969.78450 28867.83900 28764.01100 29086.53650 28984.59100 28880.76300 28761.09600 28656.33700 28549.61150 28875.76450 28771.00550 28664.28000 28992.51650 28887.75750 28781.03200 28664.00900 28556.42550 28446.79700 28778.67750 28671.09400 28561.46550 28895.42950 28787.84600 28678.21750
28870.20050 28765.44150 28658.71600 28988.15650 28883.39750 28776.67200 29108.23950 29003.48050 28896.75500 28773.11350 28665.53000 28555.90150 28891.06950 28783.48600 28673.85750 29011.15250 28903.56900 28793.94050 28672.96250 28562.54400 28450.00950 28790.91850 28680.50000 28567.96550 28911.00150 28800.58300 28688.04850
28885.67200 28778.08850 28668.46000 29006.92050 28899.33700 28789.70850 29130.33750 29022.75400 28913.12550 28785.52100 28675.10250 28562.56800 28906.76950 28796.35100 28683.81650 29030.18650 28919.76800 28807.23350 28682.31000 28569.04800 28453.60400 28803.55850 28690.29650 28574.85250 28926.97550 28813.71350 28698.26950
28901.53000 28791.11150 28678.57700 29026.07550 28915.65700 28803.12250 29152.82600 29042.40750 28929.87300 28798.31900 28685.05700 28569.61300 28922.86450 28809.60250 28694.15850 29049.61500 28936.35300 28820.90900 28692.05050 28575.93850 28457.58300 28816.59600 28700.48400 28582.12850 28943.34650 28827.23450 28708.87900
28917.77350 28804.51150 28689.06750 29045.62000 28932.35800 28816.91400 29175.70500 29062.44300 28946.99900 28811.50500 28695.39300 28577.03750 28939.35150 28823.23950 28704.88400 29069.43650 28953.32450 28834.96900 28702.18500 28583.21600 28461.94700 28830.03150 28711.06250 28589.79350 28960.11650 28841.14750 28719.87850
28934.40050 28818.28850 28699.93300 29065.55050 28949.43850 28831.08300 29198.96900 29082.85700 28964.50150 28825.08050 28706.11150 28584.84250 28956.23050 28837.26150 28715.99250 29089.64900 28970.68000 28849.41100 28712.71200 28590.88100 28466.69800 28843.86200 28722.03100 28597.84800 28977.28050 28855.44950 28731.26650
28951.41300 28832.44400 28711.17500 29085.86800 28966.89900 28845.63000 29222.62000 29103.65100 28982.38200 28839.04450 28717.21350 28593.03050 28973.49950 28851.66850 28727.48550 29110.25150 28988.42050 28864.23750 28723.63250 28598.93500 28471.83750 28858.08750 28733.39000 28606.29250 28994.83950 28870.14200 28743.04450
28968.80750 28846.97650 28722.79350 29106.57000 28984.73900 28860.55600 29246.65350 29124.82250 29000.63950 28853.39550 28728.69800 28601.60050 28991.15800 28866.46050 28739.36300 29131.24150 29006.54400 28879.44650 28734.94500 28607.37750 28477.36550 28872.70750 28745.14000 28615.12800 29012.79100 28885.22350 28755.21150
28986.58600 28861.88850 28734.79100 29127.65450 29002.95700 28875.85950 29271.06850 29146.37100 29019.27350 28868.13550 28740.56800 28610.55600 29009.20400 28881.63650 28751.62450 29152.61800 29025.05050 28895.03850 28746.65050 28616.21000 28483.28400 28887.71900 28757.27850 28624.35250 29031.13300 28900.69250 28767.76650
29004.74550 28877.17800 28747.16600 29149.12200 29021.55450 28891.54250 29295.86350 29168.29600 29038.28400 28883.26050 28752.82000 28619.89400 29027.63700 28897.19650 28764.27050 29174.37850 29043.93800 28911.01200 28758.74700 28625.43200 28489.59300 28903.12350 28769.80850 28633.96950 29049.86500 28916.55000 28780.71100
29023.28650 28892.84600 28759.92000 29170.96950 29040.52900 28907.60300 29321.03600 29190.59550 29057.66950 28898.77300 28765.45800 28629.61900 29046.45600 28913.14100 28777.30200 29196.52250 29063.20750 28927.36850 28771.23600 28635.04450 28496.29450 28918.91900 28782.72750 28643.97750 29068.98550 28932.79400 28794.04400
29042.20900 28908.89400 28773.05500 29193.19700 29059.88200 28924.04300 29346.58600 29213.27100 29077.43200 28914.67200 28778.48050 28639.73050 29065.66000 28929.46850 28790.71850 29219.04900 29082.85750 28944.10750 28784.11650 28645.04850 28503.38850 28935.10450 28796.03650 28654.37650 29088.49350 28949.42550 28807.76550
29061.51100 28925.31950 28786.56950 29215.80250 29079.61100 28940.86100 29372.51100 29236.31950 29097.56950 28930.95550 28791.88750 28650.22750 29085.24700 28946.17900 28804.51900 29241.95550 29102.88750 28961.22750 28797.38800 28655.44350 28510.87550 28951.67950 28809.73500 28665.16700 29108.38800 28966.44350 28821.87550
29081.19250 28942.12450 28800.46450 29238.78500 29099.71700 28958.05700 29398.80900 29259.74100 29118.08100 28947.62500 28805.68050 28661.11250 29105.21750 28963.27300 28818.70500 29265.24150 29123.29700 28978.72900 28811.05100 28666.23000 28518.75750 28968.64350 28823.82250 28676.35000 29128.66750 28983.84650 28836.37400
29101.25300 28959.30850 28814.74050 29262.14450 29120.20000 28975.63200 29425.48000 29283.53550 29138.96750 28964.67900 28819.85800 28672.38550 29125.57050 28980.74950 28833.27700 29288.90600 29144.08500 28996.61250 28825.10450 28677.40700 28527.03300 28985.99600 28838.29850 28687.92450 29149.33150 29001.63400 28851.26000
29121.69150 28976.87050 28829.39800 29285.87900 29141.05800 28993.58550 29452.52150 29307.70050 29160.22800 28982.11700 28834.41950 28684.04550 29146.30450 28998.60700 28848.23300 29312.94700 29165.24950 29014.87550 28839.54750 28688.97650 28535.70350 29003.73500 28853.16400 28699.89100 29170.37750 29019.80650 28866.53350
29142.50800 28994.81050 28844.43650 29309.98800 29162.29050 29011.91650 29479.93250 29332.23500 29181.86100 28999.93850 28849.36750 28696.09450 29167.41850 29016.84750 28863.57450 29337.36300 29186.79200 29033.51900 28854.38150 28700.93800 28544.76950 29021.86150 28868.41800 28712.24950 29191.80600 29038.36250 28882.19400
29163.70050 29013.12950 28859.85650 29334.46950 29183.89850 29030.62550 29507.71200 29357.14100 29203.86800 29018.14350 28864.70000 28708.53150 29188.91250 29035.46900 28879.30050 29362.15500 29208.71150 29052.54300 28869.60450 28713.29100 28554.23200 29040.37350 28884.06000 28725.00100 29213.61600 29057.30250 28898.24350
29185.27050 29031.82700 28875.65850 29359.32450 29205.88100 29049.71250 29535.85850 29382.41500 29226.24650 29036.73150 28880.41800 28721.35900 29210.78550 29054.47200 28895.41300 29387.31950 29231.00600 29071.94700 28885.21750 28726.03700 28564.09100 29059.27150 28900.09100 28738.14500 29235.80550 29076.62500 28914.67900
29207.21550 29050.90200 28891.84300 29384.54950 29228.23600 29069.17700 29564.37100 29408.05750 29248.99850 29055.70150 28896.52100 28734.57500 29233.03550 29073.85500 28911.90900 29412.85700 29253.67650 29091.73050 28901.21950 28739.17450 28574.34700 29078.55350 28916.50850 28751.68100 29258.37500 29096.33000 28931.50250
29229.53550 29070.35500 28908.40900 29410.14500 29250.96450 29089.01850 29593.24750 29434.06700 29272.12100 29075.05350 28913.00850 28748.18100 29255.66300 29093.61800 28928.79050 29438.76550 29276.72050 29111.89300 28917.61050 28752.70500 28584.99950 29098.22000 28933.31450 28765.60900 29281.32250 29116.41700 28948.71150
29252.23000 29090.18500 28925.35750 29436.10950 29274.06450 29109.23700 29622.48750 29460.44250 29295.61500 29094.78700 28929.88150 28762.17600 29278.66650 29113.76100 28946.05550 29465.04450 29300.13900 29132.43350 28934.38950 28766.62750 28596.05000 29118.26900 28950.50700 28779.92950 29304.64700 29136.88500 28966.30750
29275.29900 29110.39350 28942.68800 29462.44350 29297.53800 29129.83250 29652.09000 29487.18450 29319.47900 29114.90150 28947.13950 28776.56200 29302.04600 29134.28400 28963.70650 29491.69250 29323.93050 29153.35300 28951.55750 28780.94250 28607.49850 29138.70200 28968.08700 28794.64300 29328.34850 29157.73350 28984.28950
29298.74000 29130.97800 28960.40050 29489.14350 29321.38150 29150.80400 29682.05300 29514.29100 29343.71350 29135.39600 28964.78100 28791.33700 29325.79950 29155.18450 28981.74050 29518.70900 29348.09400 29174.65000 28969.11350 28795.64950 28619.34450 29159.51700 28986.05300 28809.74800 29352.42650 29178.96250 29002.65750
29322.55350 29151.93850 28978.49450 29516.21100 29345.59600 29172.15200 29712.37600 29541.76100 29368.31700 29156.27100 28982.80700 28806.50200 29349.92850 29176.46450 29000.15950 29546.09350 29372.62950 29196.32450 28987.05600 28810.74900 28631.58850 29180.71350 29004.40650 28825.24600 29376.87850 29200.57150 29021.41100
29346.74050 29173.27650 28996.97150 29543.64450 29370.18050 29193.87550 29743.05800 29569.59400 29393.28900 29177.52550 29001.21850 28822.05800 29374.42950 29198.12250 29018.96200 29573.84300 29397.53600 29218.37550 29005.38650 28826.24150 28644.23150 29202.29050 29023.14550 28841.13550 29401.70400 29222.55900 29040.54900
29371.29750 29194.99050 29015.83000 29571.44200 29395.13500 29215.97450 29774.09700 29597.79000 29418.62950 29199.15850 29020.01350 28838.00350 29399.30300 29220.15800 29038.14800 29601.95800 29422.81300 29240.80300 29024.10400 28842.12600 28657.27300 29224.24850 29042.27050 28857.41750 29426.90350 29244.92550 29060.07250
29396.22450 29217.07950 29035.06950 29599.60300 29420.45800 29238.44800 29805.49250 29626.34750 29444.33750 29221.17000 29039.19200 28854.33900 29424.54850 29242.57050 29057.71750 29630.43800 29448.46000 29263.60700 29043.20750 28858.40250 28670.71300 29246.58600 29061.78100 28874.09150 29452.47550 29267.67050 29079.98100
29421.52250 29239.54450 29054.69150 29628.12700 29446.14900 29261.29600 29837.24350 29655.26550 29470.41250 29243.56000 29058.75500 28871.06550 29450.16450 29265.35950 29077.67000 29659.28100 29474.47600 29286.78650 29062.69700 28875.07100 28684.55250 29269.30150 29081.67550 28891.15700 29478.41800 29290.79200 29100.27350
29447.18900 29262.38400 29074.69450 29657.01350 29472.20850 29284.51900 29869.34850 29684.54350 29496.85400 29266.32600 29078.70000 28888.18150 29476.15050 29288.52450 29098.00600 29688.48550 29500.85950 29310.34100 29082.57250 28892.13100 28698.79000 29292.39700 29101.95550 28908.61450 29504.73200 29314.29050 29120.94950
29473.22400 29285.59800 29095.07950 29686.26000 29498.63400 29308.11550 29901.80650 29714.18050 29523.66200 29289.47050 29099.02900 28905.68800 29502.50650 29312.06500 29118.72400 29718.05300 29527.61150 29334.27050 29102.83400 28909.58400 28713.42800 29315.87000 29122.62000 28926.46400 29531.41650 29338.16650 29142.01050
29499.62750 29309.18600 29115.84500 29715.86800 29525.42650 29332.08550 29934.61600 29744.17450 29550.83350 29312.99100 29119.74100 28923.58500 29529.23150 29335.98150 29139.82550 29747.97950 29554.72950 29358.57350 29123.47950 28927.42850 28728.46450 29339.72000 29143.66900 28944.70500 29558.46800 29362.41700 29163.45300
29526.39800 29333.14800 29136.99200 29745.83450 29552.58450 29356.42850 29967.77750 29774.52750 29578.37150 29336.88650 29140.83550 28941.87150 29556.32300 29360.27200 29161.30800 29778.26600 29582.21500 29383.25100 29144.51050 28945.66450 28743.90100 29363.94700 29165.10100 28963.33750 29585.89000 29387.04400 29185.28050
29553.53400 29357.48300 29158.51900 29776.15900 29580.10800 29381.14400 30001.28650 29805.23550 29606.27150 29361.15800 29162.31200 28960.54850 29583.78300 29384.93700 29183.17350 29808.91050 29610.06450 29408.30100 29165.92500 28964.29150 28759.73550 29388.55000 29186.91650 28982.36050 29613.67750 29412.04400 29207.48800
29581.03650 29382.19050 29180.42700 29806.84100 29607.99500 29406.23150 30035.14600 29836.30000 29634.53650 29385.80350 29184.17000 28979.61400 29611.60800 29409.97450 29205.41850 29839.91300 29638.27950 29433.72350 29187.72300 28983.30950 28775.97000 29413.52750 29209.11400 29001.77450 29641.83250 29437.41900 29230.07950
29608.90350 29407.27000 29202.71400 29837.87950 29636.24600 29431.69000 30069.35150 29867.71800 29663.16200 29410.82300 29206.40950 28999.07000 29639.79900 29435.38550 29228.04600 29871.27100 29666.85750 29459.51800 29209.90500 29002.71900 28792.60350 29438.88100 29231.69500 29021.57950 29670.35300 29463.16700 29253.05150
29637.13500 29432.72150 29225.38200 29869.27350 29664.86000 29457.52050 30103.90400 29899.49050 29692.15100 29436.21700 29229.03100 29018.91550 29668.35550 29461.16950 29251.05400 29902.98600 29695.80000 29485.68450 29232.46950 29022.52000 28809.63700 29464.60800 29254.65850 29041.77550 29699.23850 29489.28900 29276.40600
29665.73050 29458.54450 29248.42900 29901.02200 29693.83600 29483.72050 30138.80150 29931.61550 29721.50000 29461.98300 29252.03350 29039.15050 29697.27450 29487.32500 29274.44200 29935.05400 29725.10450 29512.22150 29255.41750 29042.71050 28827.06950 29490.70900 29278.00200 29062.36100 29728.48850 29515.78150 29300.14050
29694.68800 29484.73850 29271.85550 29933.12400 29723.17450 29510.29150 30174.04250 29964.09300 29751.21000 29488.12250 29275.41550 29059.77450 29726.55850 29513.85150 29298.21050 29967.47700 29754.77000 29539.12900 29278.74650 29063.29250 28844.90100 29517.18250 29301.72850 29083.33700 29758.10100 29542.64700 29324.25550
29724.00900 29511.30200 29295.66100 29965.57950 29752.87250 29537.23150 30209.62800 29996.92100 29781.28000 29514.63300 29299.17900 29080.78750 29756.20350 29540.74950 29322.35800 30000.25200 29784.79800 29566.40650 29302.45800 29084.26400 28863.13250 29544.02850 29325.83450 29104.70300 29788.07700 29569.88300 29348.75150
29753.69000 29538.23600 29319.84450 29998.38550 29782.93150 29564.54000 30245.55350 30030.09950 29811.70800 29541.51500 29323.32100 29102.18950 29786.21050 29568.01650 29346.88500 30033.37850 29815.18450 29594.05300 29326.55050 29105.62600 28881.76300 29571.24600 29350.32150 29126.45850 29818.41400 29597.48950 29373.62650
29783.73250 29565.53850 29344.40700 30031.54350 29813.34950 29592.21800 30281.82050 30063.62650 29842.49500 29568.76800 29347.84350 29123.98050 29816.57900 29595.65450 29371.79150 30066.85600 29845.93150 29622.06850 29351.02350 29127.37750 28900.79250 29598.83450 29375.18850 29148.60350 29849.11150 29625.46550 29398.88050
29814.13450 29593.21000 29369.34700 30065.05100 29844.12650 29620.26350 30318.42700 30097.50250 29873.63950 29596.39000 29372.74400 29146.15900 29847.30650 29623.66050 29397.07550 30100.68250 29877.03650 29650.45150 29375.87650 29149.51800 28920.22050 29626.79300 29400.43450 29171.13700 29880.16900 29653.81050 29424.51300
29844.89550 29621.24950 29394.66450 30098.90700 29875.26100 29648.67600 30355.37200 30131.72600 29905.14100 29624.38200 29398.02350 29168.72600 29878.39350 29652.03500 29422.73750 30134.85850 29908.50000 29679.20250 29401.10950 29172.04800 28940.04800 29655.12100 29426.05950 29194.05950 29911.58600 29682.52450 29450.52450
29876.01500 29649.65650 29420.35900 30133.11150 29906.75300 29677.45550 30392.65350 30166.29500 29936.99750 29652.74250 29423.68100 29191.68100 29909.83900 29680.77750 29448.77750 30169.38100 29940.31950 29708.31950 29426.72200 29194.96750 28960.27450 29683.81850 29452.06400 29217.37100 29943.36050 29711.60600 29476.91300
29907.49200 29678.43050 29446.43050 30167.66200 29938.60050 29706.60050 30430.27100 30201.20950 29969.20950 29681.47150 29449.71700 29215.02400 29941.64150 29709.88700 29475.19400 30204.25050 29972.49600 29737.80300 29452.71400 29218.27500 28980.90000 29712.88400 29478.44500 29241.07000 29975.49300 29741.05400 29503.67900
29939.32550 29707.57100 29472.87800 30202.55900 29970.80450 29736.11150 30468.22450 30236.47000 30001.77700 29710.56800 29476.12900 29238.75400 29973.80150 29739.36250 29501.98750 30239.46700 30005.02800 29767.65300 29479.08350 29241.97050 29001.92350 29742.31700 29505.20400 29265.15700 30007.98250 29770.86950 29530.82250
29971.51550 29737.07650 29499.70150 30237.80150 30003.36250 29765.98750 30506.51150 30272.07250 30034.69750 29740.03100 29502.91800 29262.87100 30006.31700 29769.20400 29529.15700 30275.02700 30037.91400 29797.86700 29505.83100 29266.05450 29023.34550 29772.11700 29532.34050 29289.63150 30040.82700 29801.05050 29558.34150
30004.06000 29766.94700 29526.90000 30273.38800 30036.27500 29796.22800 30545.13050 30308.01750 30067.97050 29769.86000 29530.08350 29287.37450 30039.18800 29799.41150 29556.70250 30310.93050 30071.15400 29828.44500 29532.95550 29290.52550 29045.16550 29802.28350 29559.85350 29314.49350 30074.02600 29831.59600 29586.23600
30036.95950 29797.18300 29554.47400 30309.31700 30069.54050 29826.83150 30584.08200 30344.30550 30101.59650 29800.05500 29557.62500 29312.26500 30072.41250 29829.98250 29584.62250 30347.17750 30104.74750 29859.38750 29560.45750 29315.38450 29067.38400 29832.81500 29587.74200 29339.74150 30107.58000 29862.50700 29614.50650
30070.21200 29827.78200 29582.42200 30345.58850 30103.15850 29857.79850 30623.36300 30380.93300 30135.57300 29830.61450 29585.54150 29337.54100 30105.99100 29860.91800 29612.91750 30383.76550 30138.69250 29890.69200 29588.33500 29340.63000 29090.00050 29863.71150 29616.00650 29365.37700 30141.48600 29893.78100 29643.15150
30103.81750 29858.74450 29610.74400 30382.20100 30137.12800 29889.12750 30662.97350 30417.90050 30169.90000 29861.53800 29613.83300 29363.20350 30139.92150 29892.21650 29641.58700 30420.69400 30172.98900 29922.35950 29616.58900 29366.26200 29113.01450 29894.97250 29644.64550 29391.39800 30175.74500 29925.41800 29672.17050
30137.77450 29890.06950 29639.44000 30419.15350 30171.44850 29920.81900 30702.91150 30455.20650 30204.57700 29892.82550 29642.49850 29389.25100 30174.20450 29923.87750 29670.63000 30457.96250 30207.63550 29954.38800 29645.21750 29392.28000 29136.42650 29926.59650 29673.65900 29417.80550 30210.35450 29957.41700 29701.56350
30172.08350 29921.75650 29668.50900 30456.44500 30206.11800 29952.87050 30743.17700 30492.85000 30239.60250 29924.47550 29671.53800 29415.68450 30208.83700 29955.89950 29700.04600 30495.56900 30242.63150 29986.77800 29674.22150 29418.68500 29160.23550 29958.58300 29703.04650 29444.59700 30245.31500 29989.77850 29731.32900
30206.74100 29953.80350 29697.95000 30494.07400 30241.13650 29985.28300 30783.76750 30530.83000 30274.97650 29956.48700 29700.95050 29442.50100 30243.82000 29988.28350 29729.83400 30533.51350 30277.97700 30019.52750 29703.59850 29445.47400 29184.44100 29990.93150 29732.80700 29471.77400 30280.62500 30022.50050 29761.46750
30241.74950 29986.21300 29727.76350 30532.04050 30276.50400 30018.05450 30824.68200 30569.14550 30310.69600 29988.86100 29730.73650 29469.70350 30279.15200 30021.02750 29759.99450 30571.79350 30313.66900 30052.63600 29733.35000 29472.64900 29209.04450 30023.64100 29762.94000 29499.33550 30316.28250 30055.58150 29791.97700
30277.10550 30018.98100 29757.94800 30570.34300 30312.21850 30051.18550 30865.92100 30607.79650 30346.76350 30021.59450 29760.89350 29497.28900 30314.83200 30054.13100 29790.52650 30610.41000 30349.70900 30086.10450 29763.47350 29500.20800 29234.04400 30056.71100 29793.44550 29527.28150 30352.28900 30089.02350 29822.85950
30312.80900 30052.10800 29788.50350 30608.98000 30348.27900 30084.67450 30907.48050 30646.77950 30383.17500 30054.68800 29791.42250 29525.25850 30350.85900 30087.59350 29821.42950 30649.35950 30386.09400 30119.93000 29793.97000 29528.15150 29259.44000 30090.14100 29824.32250 29555.61100 30388.64150 30122.82300 29854.11150
30348.85900 30085.59350 29819.42950 30647.95050 30384.68500 30118.52100 30949.36150 30686.09600 30419.93200 30088.14100 29822.32250 29553.61100 30387.23250 30121.41400 29852.70250 30688.64350 30422.82500 30154.11350 29824.83750 29556.47900 29285.23200 30123.92900 29855.57050 29584.32350 30425.34000 30156.98150 29885.73450
30385.25550 30119.43700 29850.72550 30687.25500 30421.43650 30152.72500 30991.56150 30725.74300 30457.03150 30121.95200 29853.59350 29582.34650 30423.95150 30155.59300 29884.34600 30728.25800 30459.89950 30188.65250 29856.07700 29585.19000 29311.42000 30158.07650 29887.18950 29613.41950 30462.38300 30191.49600 29917.72600
30421.99650 30153.63800 29882.39100 30726.89000 30458.53150 30187.28450 31034.08000 30765.72150 30494.47450 30156.12150 29885.23450 29611.46450 30461.01500 30190.12800 29916.35800 30768.20500 30497.31800 30223.54800 29887.68700 29614.28350 29338.00400 30192.58050 29919.17700 29642.89750 30499.77050 30226.36700 29950.08750
30459.08150 30188.19450 29914.42450 30766.85650 30495.96950 30222.19950 31076.91600 30806.02900 30532.25900 30190.64700 29917.24350 29640.96400 30498.42200 30225.01850 29948.73900 30808.48150 30535.07800 30258.79850 29919.66650 29643.75950 29364.98250 30227.44150 29951.53450 29672.75750 30537.50100 30261.59400 29982.81700
30496.51000 30223.10650 29946.82700 30807.15200 30533.74850 30257.46900 31120.06700 30846.66350 30570.38400 30225.52950 29949.62250 29670.84550 30536.17150 30260.26450 29981.48750 30849.08650 30573.17950 30294.40250 29952.01600 29673.61800 29392.35600 30262.65800 29984.26000 29702.99800 30575.57300 30297.17500 30015.91300
30534.28000 30258.37300 29979.59600 30847.77650 30571.86950 30293.09250 31163.53300 30887.62600 30608.84900 30260.76650 29982.36850 29701.10650 30574.26300 30295.86500 30014.60300 30890.01950 30611.62150 30330.35950 29984.73300 29703.85700 29420.12400 30298.22950 30017.35350 29733.62050 30613.98600 30333.11000 30049.37700
30572.39200 30293.99400 30012.73200 30888.72800 30610.33000 30329.06800 31207.31300 30928.91500 30647.65300 30296.35850 30015.48250 29731.74950 30612.69450 30331.81850 30048.08550 30931.27950 30650.40350 30366.67050 30017.81900 29734.47800 29448.28750 30334.15500 30050.81400 29764.62350 30652.74000 30369.39900 30083.20850
30610.84350 30329.96750 30046.23450 30930.00550 30649.12950 30365.39650 31251.40400 30970.52800 30686.79500 30332.30400 30048.96300 29762.77250 30651.46600 30368.12500 30081.93450 30972.86450 30689.52350 30403.33300 30051.27200 29765.47950 29476.84400 30370.43400 30084.64150 29796.00600 30691.83250 30406.04000 30117.40450
30649.63450 30366.29350 30080.10300 30971.60850 30688.26750 30402.07700 31295.80550 31012.46450 30726.27400 30368.60250 30082.81000 29794.17450 30690.57650 30404.78400 30116.14850 31014.77350 30728.98100 30440.34550 30085.09150 29796.86050 29505.79450 30407.06550 30118.83450 29827.76850 30731.26250 30443.03150 30151.96550
30688.76400 30402.97150 30114.33600 31013.53550 30727.74300 30439.10750 31340.51750 31054.72500 30766.08950 30405.25300 30117.02200 29825.95600 30730.02450 30441.79350 30150.72750 31057.00650 30768.77550 30477.70950 30119.27700 29828.62150 29535.13800 30444.04850 30153.39300 29859.90950 30771.03050 30480.37500 30186.89150
30728.23050 30439.99950 30148.93350 31055.78500 30767.55400 30476.48800 31385.53700 31097.30600 30806.24000 30442.25450 30151.59900 29858.11550 30769.80900 30479.15350 30185.67000 31099.56100 30808.90550 30515.42200 30153.82750 29860.76100 29564.87400 30481.38200 30188.31550 29892.42850 30811.13400 30518.06750 30222.18050
30768.03400 30477.37850 30183.89500 31098.35600 30807.70050 30514.21700 31430.86300 31140.20750 30846.72400 30479.60700 30186.54050 29890.65350 30809.92900 30516.86250 30220.97550 31142.43600 30849.36950 30553.48250 30188.74400 29893.28000 29595.00350 30519.06600 30223.60200 29925.32550 30851.57300 30556.10900 30257.83250
30808.17250 30515.10600 30219.21900 31141.24850 30848.18200 30552.29500 31476.49500 31183.42850 30887.54150 30517.30950 30221.84550 29923.56900 30850.38550 30554.92150 30256.64500 31185.63200 30890.16800 30591.89150 30224.02350 29926.17700 29625.52550 30557.09950 30259.25300 29958.60150 30892.34600 30594.49950 30293.84800
30848.64550 30553.18150 30254.90500 31184.46050 30888.99650 30590.72000 31522.43150 31226.96750 30928.69100 30555.35950 30257.51300 29956.86150 30891.17450 30593.32800 30292.67650 31229.14550 30931.29900 30630.64750 30259.66600 29959.45000 29656.43800 30595.48100 30295.26500 29992.25300 30933.45200 30633.23600 30330.22400
30889.45250 30591.60600 30290.95450 31227.99000 30930.14350 30629.49200 31568.67050 31270.82400 30970.17250 30593.75900 30293.54300 29990.53100 30932.29650 30632.08050 30329.06850 31272.97700 30972.76100 30669.74900 30295.67250 29993.10150 29687.74350 30634.21000 30331.63900 30026.28100 30974.89050 30672.31950 30366.96150
30930.59150 30630.37550 30327.36350 31271.83700 30971.62100 30668.60900 31615.21150 31314.99550 31011.98350 30632.50500 30329.93400 30024.57600 30973.75050 30671.17950 30365.82150 31317.12500 31014.55400 30709.19600 30332.03950 30027.12800 29719.43900 30673.28500 30368.37350 30060.68450 31016.65950 30711.74800 30404.05900
30972.06250 30669.49150 30364.13350 31316.00050 31013.42950 30708.07150 31662.05300 31359.48200 31054.12400 30671.59700 30366.68550 30058.99650 31015.53500 30710.62350 30402.93450 31361.58750 31056.67600 30748.98700 30368.76850 30061.53150 29751.52500 30712.70650 30405.46950 30095.46300 31058.75900 30751.52200 30441.51550
31013.86300 30708.95150 30401.26250 31360.47800 31055.56650 30747.87750 31709.19250 31404.28100 31096.59200 30711.03450 30403.79750 30093.79100 31057.64950 30750.41250 30440.40600 31406.36400 31099.12700 30789.12050 30405.85750 30096.30900 29784.00150 30752.47250 30442.92400 30130.61650 31101.18700 30791.63850 30479.33100
31055.99400 30748.75700 30438.75050 31405.26950 31098.03250 30788.02600 31756.63100 31449.39400 31139.38750 30750.81700 30441.26850 30128.96100 31100.09250 30790.54400 30478.23650 31451.45400 31141.90550 30829.59800 30443.30600 30131.46200 29816.86800 30792.58150 30480.73750 30166.14350 31143.94300 30832.09900 30517.50500
31098.45250 30788.90400 30476.59650 31450.37350 31140.82500 30828.51750 31804.36500 31494.81650 31182.50900 30790.94150 30479.09750 30164.50350 31142.86250 30831.01850 30516.42450 31496.85400 31185.01000 30870.41600 30481.11300 30166.98850 29850.12300 30833.03400 30518.90950 30202.04400 31187.02550 30872.90100 30556.03550
31141.23850 30829.39450 30514.80050 31495.78800 31183.94400 30869.35000 31852.39300 31540.54900 31225.95500 30831.41000 30517.28550 30200.42000 31185.95950 30871.83500 30554.96950 31542.56450 31228.44000 30911.57450 30519.27950 30202.88900 29883.76750 30873.82900 30557.43850 30238.31700 31230.43400 30914.04350 30594.92200
31184.35100 30870.22650 30553.36100 31541.51250 31227.38800 30910.52250 31900.71550 31586.59100 31269.72550 30872.22050 30555.83000 30236.70850 31229.38200 30912.99150 30593.87000 31588.58500 31272.19450 30953.07300 30557.80250 30239.16250 29917.80000 30914.96400 30596.32400 30274.96150 31274.16700 30955.52700 30634.16450
31227.78850 30911.39800 30592.27650 31587.54650 31271.15600 30952.03450 31949.33000 31632.93950 31313.81800 30913.37050 30594.73050 30273.36800 31273.12850 30954.48850 30633.12600 31634.91200 31316.27200 30994.90950 30596.68200 30275.80650 29952.22050 30956.44000 30635.56450 30311.97850 31318.22350 30997.34800 30673.76200
31271.55000 30952.91000 30631.54750 31633.88800 31315.24800 30993.88550 31998.23500 31679.59500 31358.23250 30954.86150 30633.98600 30310.40000 31317.19950 30996.32400 30672.73800 31681.54650 31360.67100 31037.08500 30635.91750 30312.82350 29987.02900 30998.25550 30675.16150 30349.36700 31362.60250 31039.50850 30713.71400
31315.63500 30994.75950 30671.17350 31680.53550 31359.66000 31036.07400 32047.43000 31726.55450 31402.96850 30996.69100 30673.59700 30347.80250 31361.59150 31038.49750 30712.70300 31728.48600 31405.39200 31079.59750 30675.50850 30350.21150 30022.22350 31040.40900 30715.11200 30387.12400 31407.30350 31082.00650 30754.01850
31360.04150 31036.94750 30711.15300 31727.48800 31404.39400 31078.59950 32096.91200 31773.81800 31448.02350 31038.85900 30713.56200 30385.57400 31406.30550 31081.00850 30753.02050 31775.72950 31450.43250 31122.44450 30715.45350 30387.96900 30057.80500 31082.90000 30755.41550 30425.25150 31452.32400 31124.83950 30794.67550
31404.76950 31079.47250 30751.48450 31774.74450 31449.44750 31121.45950 32146.68150 31821.38450 31493.39650 31081.36400 30753.87950 30423.71550 31451.33900 31123.85450 30793.69050 31823.27600 31495.79150 31165.62750 30755.75150 30426.09650 30093.77250 31125.72650 30796.07150 30463.74750 31497.66350 31168.00850 30835.68450
31449.81650 31122.33200 30792.16800 31822.30400 31494.81950 31164.65550 32196.73550 31869.25100 31539.08700 31124.20400 30794.54900 30462.22500 31496.69150 31167.03650 30834.71250 31871.12300 31541.46800 31209.14400 30796.40200 30464.59250 30130.12450 31168.88950 30837.08000 30502.61200 31543.32100 31211.51150 30877.04350
31495.18250 31165.52750 30833.20350 31870.16350 31540.50850 31208.18450 32247.07300 31917.41800 31585.09400 31167.38050 30835.57100 30501.10300 31542.36150 31210.55200 30876.08400 31919.27100 31587.46150 31252.99350 30837.40500 30503.45700 30166.86300 31212.38600 30878.43800 30541.84400 31589.29550 31255.34750 30918.75350
31540.86600 31209.05650 30874.58850 31918.32400 31586.51450 31252.04650 32297.69300 31965.88350 31631.41550 31210.89050 30876.94250 30540.34850 31588.34850 31254.40050 30917.80650 31967.71750 31633.76950 31297.17550 30878.75850 30542.68900 30203.98500 31256.21650 30920.14700 30581.44300 31635.58550 31299.51600 30960.81200
31586.86600 31252.91800 30916.32400 31966.78300 31632.83500 31296.24100 32348.59400 32014.64600 31678.05200 31254.73400 30918.66450 30579.96050 31634.65100 31298.58150 30959.87750 32016.46200 31680.39250 31341.68850 30920.46250 30582.28800 30241.49050 31300.37950 30962.20500 30621.40750 31682.19050 31344.01600 31003.21850
31633.18150 31297.11200 30958.40800 32015.53850 31679.46900 31340.76500 32399.77400 32063.70450 31725.00050 31298.91000 30960.73550 30619.93800 31681.26700 31343.09250 31002.29500 32065.50250 31727.32800 31386.53050 30962.51600 30622.25400 30279.38000 31344.87300 31004.61100 30661.73700 31729.10850 31388.84650 31045.97250
31679.81050 31341.63600 31000.83850 32064.59150 31726.41700 31385.61950 32451.23250 32113.05800 31772.26050 31343.41650 31003.15450 30660.28050 31728.19750 31387.93550 31045.06150 32114.83850 31774.57650 31431.70250 31004.91650 30662.58400 30317.65150 31389.69750 31047.36500 30702.43250 31776.33850 31434.00600 31089.07350
31726.75350 31386.49150 31043.61750 32113.93850 31773.67650 31430.80250 32502.96750 32162.70550 31819.83150 31388.25350 31045.92100 30700.98850 31775.43850 31433.10600 31088.17350 32164.46750 31822.13500 31477.20250 31047.66600 30703.28000 30356.30600 31434.85100 31090.46500 30743.49100 31823.88000 31479.49400 31132.52000
31774.00700 31431.67450 31086.74200 32163.57900 31821.24650 31476.31400 32554.97650 32212.64400 31867.71150 31433.41950 31089.03350 30742.05950 31822.99150 31478.60550 31131.63150 32214.38900 31870.00300 31523.02900 31090.76150 30744.33950 30395.34150 31480.33350 31133.91150 30784.91350 31871.73100 31525.30900 31176.31100
31821.57150 31477.18550 31130.21150 32213.51150 31869.12550 31522.15150 32607.25900 32262.87300 31915.89900 31478.91350 31132.49150 30783.49350 31870.85350 31524.43150 31175.43350 32264.60100 31918.17900 31569.18100 31134.20300 30785.76250 30434.75800 31526.14300 31177.70250 30826.69800 31919.89050 31571.45000 31220.44550
31869.44550 31523.02350 31174.02550 32263.73500 31917.31300 31568.31500 32659.81450 32313.39250 31964.39450 31524.73500 31176.29450 30825.29000 31919.02450 31570.58400 31219.57950 32315.10400 31966.66350 31615.65900 31177.98900 30827.54750 30474.55500 31572.27850 31221.83700 30868.84450 31968.35800 31617.91650 31264.92400
31917.62800 31569.18750 31218.18300 32314.24850 31965.80800 31614.80350 32712.64000 32364.19950 32013.19500 31570.88200 31220.44050 30867.44800 31967.50250 31617.06100 31264.06850 32365.89400 32015.45250 31662.46000 31222.11900 30869.69450 30514.73100 31618.73950 31266.31500 30911.35150 32017.13100 31664.70650 31309.74300
31966.11800 31615.67650 31262.68400 32365.04950 32014.60800 31661.61550 32765.73450 32415.29300 32062.30050 31617.35500 31264.93050 30909.96700 32016.28650 31663.86200 31308.89850 32416.97150 32064.54700 31709.58350 31266.59300 30912.20350 30555.28800 31665.52450 31311.13500 30954.21950 32066.20950 31711.82000 31354.90450
32014.91300 31662.48850 31307.52500 32416.13750 32063.71300 31708.74950 32819.09600 32466.67150 32111.70800 31664.15100 31309.76150 30952.84600 32065.37550 31710.98600 31354.07050 32468.33400 32113.94450 31757.02900 31311.40850 30955.07200 30596.22200 31712.63300 31356.29650 30997.44650 32115.59150 31759.25500 31400.40500
32064.01300 31709.62350 31352.70800 32467.51050 32113.12100 31756.20550 32872.72400 32518.33450 32161.41900 31711.27050 31354.93400 30996.08400 32114.76800 31758.43150 31399.58150 32519.98150 32163.64500 31804.79500 31356.56550 30998.30000 30637.53500 31760.06300 31401.79750 31041.03250 32165.27650 31807.01100 31446.24600
32113.41700 31757.08050 31398.23050 32519.16800 32162.83150 31803.98150 32926.61650 32570.28000 32211.43000 31758.71200 31400.44650 31039.68150 32164.46300 31806.19750 31445.43250 32571.91150 32213.64600 31852.88100 31402.06200 31041.88700 30679.22450 31807.81300 31447.63800 31084.97550 32215.26150 31855.08650 31492.42400
32163.12250 31804.85700 31444.09200 32571.10800 32212.84250 31852.07750 32980.77150 32622.50600 32261.74100 31806.47250 31446.29750 31083.63500 32214.45800 31854.28300 31491.62050 32624.12150 32263.94650 31901.28400 31447.89850 31085.83150 30721.29050 31855.88400 31493.81700 31129.27600 32265.54750 31903.48050 31538.93950
32213.12850 31852.95350 31490.29100 32623.32850 32263.15350 31900.49100 33035.18700 32675.01200 32312.34950 31854.55450 31492.48750 31127.94650 32264.75450 31902.68750 31538.14650 32676.61300 32314.54600 31950.00500 31494.07350 31130.13350 30763.73350 31904.27350 31540.33350 31173.93350 32316.13200 31952.19200 31585.79200
32263.43550 31901.36850 31536.82750 32675.83000 32313.76300 31949.22200 33089.86350 32727.79650 32363.25550 31902.95450 31539.01450 31172.61450 32315.34900 31951.40900 31585.00900 32729.38250 32365.44250 31999.04250 31540.58600 31174.79200 30806.55150 31952.98050 31587.18650 31218.94600 32367.01400 32001.22000 31632.97950
32314.04000 31950.10000 31583.70000 32728.60900 32364.66900 31998.26900 33144.79800 32780.85800 32414.45800 31951.67150 31585.87750 31217.63700 32366.24050 32000.44650 31632.20600 32782.42950 32416.63550 32048.39500 31587.43450 31219.80550 30849.74350 32002.00350 31634.37450 31264.31250 32418.19250 32050.56350 31680.50150
32364.94200 31999.14800 31630.90750 32781.66550 32415.87150 32047.63100 33199.98900 32834.19500 32465.95450 32000.70500 31633.07600 31263.01400 32417.42850 32049.79950 31679.73750 32835.75200 32468.12300 32098.06100 31634.61950 31265.17450 30893.31000 32051.34300 31681.89800 31310.03350 32469.66650 32100.22150 31728.35700
32416.13950 32048.51050 31678.44850 32834.99750 32467.36850 32097.30650 33255.43500 32887.80600 32517.74400 32050.05400 31680.60900 31308.74450 32468.91200 32099.46700 31727.60250 32889.34950 32519.90450 32148.04000 31682.13750 31310.89600 30937.24950 32100.99550 31729.75400 31356.10750 32521.43300 32150.19150 31776.54500
32467.63300 32098.18800 31726.32350 32888.60450 32519.15950 32147.29500 33311.13550 32941.69050 32569.82600 32099.71650 31728.47500 31354.82850 32520.68800 32149.44650 31775.80000 32943.21900 32571.97750 32198.33100 31729.99000 31356.97200 30981.56200 32150.96150 31777.94350 31402.53350 32573.49250 32200.47450 31825.06450
32519.41850 32148.17700 31774.53050 32942.48250 32571.24100 32197.59450 33367.08600 32995.84450 32622.19800 32149.69200 31776.67400 31401.26400 32572.75600 32199.73800 31824.32800 32997.35950 32624.34150 32248.93150 31778.17550 31403.39900 31026.24600 32201.23950 31826.46300 31449.31000 32625.84300 32251.06650 31873.91350
32571.49650 32198.47850 31823.06850 32996.63200 32623.61400 32248.20400 33423.28750 33050.26950 32674.85950 32199.98000 31825.20350 31448.05050 32625.11550 32250.33900 31873.18600 33051.77100 32676.99450 32299.84150 31826.69200 31450.17750 31071.30200 32251.82750 31875.31300 31496.43750 32678.48300 32301.96850 31923.09300
32623.86550 32249.08900 31871.93600 33051.05250 32676.27600 32299.12300 33479.73850 33104.96200 32727.80900 32250.57750 31874.06300 31495.18750 32677.76450 32301.25000 31922.37450 33106.45050 32729.93600 32351.06050 31875.53900 31497.30700 31116.72750 32302.72600 31924.49400 31543.91450 32731.41200 32353.18000 31972.60050
32676.52400 32300.00950 31921.13400 33105.74100 32729.22650 32350.35100 33536.43600 33159.92150 32781.04600 32301.48550 31923.25350 31542.67400 32730.70250 32352.47050 31971.89100 33161.39750 32783.16550 32402.58600 31924.71550 31544.78600 31162.52350 32353.93250 31974.00300 31591.74050 32784.62750 32404.69800 32022.43550
32729.47100 32351.23900 31970.65950 33160.69600 32782.46400 32401.88450 33593.37900 33215.14700 32834.56750 32352.70100 31972.77150 31590.50900 32783.92600 32403.99650 32021.73400 33216.60900 32836.67950 32454.41700 31974.22100 31592.61350 31208.68850 32405.44600 32023.83850 31639.91350 32838.12900 32456.52150 32072.59650
32782.70400 32402.77450 32020.51200 33215.91600 32835.98650 32453.72400 33650.56550 33270.63600 32888.37350 32404.22400 32022.61650 31638.69150 32837.43600 32455.82850 32071.90350 33272.08550 32890.47800 32506.55300 32024.05300 31640.78850 31255.22100 32457.26500 32074.00050 31688.43300 32891.91450 32508.65000 32123.08250
32836.22300 32454.61550 32070.69050 33271.40050 32889.79300 32505.86800 33707.99400 33326.38650 32942.46150 32456.05200 32072.78750 31687.22000 32891.22950 32507.96500 32122.39750 33327.82300 32944.55850 32558.99100 32074.21200 31689.31050 31302.12150 32509.38950 32124.48800 31737.29900 32945.98300 32561.08150 32173.89250
32890.02500 32506.76050 32121.19300 33327.14700 32943.88250 32558.31500 33765.66300 33382.39850 32996.83100 32508.18500 32123.28350 31736.09450 32945.30700 32560.40550 32173.21650 33383.82300 32998.92150 32611.73250 32124.69550 31738.17850 31349.38850 32561.81750 32175.30050 31786.51050 33000.33350 32613.81650 32225.02650
32944.11100 32559.20950 32172.02050 33383.15450 32998.25300 32611.06400 33823.57100 33438.66950 33051.48050 32560.62150 32174.10450 31785.31450 32999.66500 32613.14800 32224.35800 33440.08150 33053.56450 32664.77450 32175.50450 31787.39100 31397.02150 32614.54800 32226.43450 31836.06500 33054.96450 32666.85100 32276.48150
32998.47800 32611.96100 32223.17100 33439.42150 33052.90450 32664.11450 33881.71600 33495.19900 33106.40900 32613.36100 32225.24750 31834.87800 33054.30450 32666.19100 32275.82150 33496.59900 33108.48550 32718.11600 32226.63600 31836.94850 31445.02000 32667.57950 32277.89200 31885.96350 33109.87400 32720.18650 32328.25800
33053.12500 32665.01150 32274.64200 33495.94700 33107.83350 32717.46400 33940.09700 33551.98350 33161.61400 32666.40000 32276.71250 31884.78400 33109.22200 32719.53450 32327.60600 33553.37200 33163.68450 32771.75600 32278.08900 31886.84800 31493.38150 32720.91100 32329.67000 31936.20350 33165.06100 32773.82000 32380.35350
33108.05050 32718.36300 32326.43450 33552.72750 33163.04000 32771.11150 33998.71150 33609.02400 33217.09550 32719.73950 32328.49850 31935.03200 33164.41650 32773.17550 32379.70900 33610.40050 33219.15950 32825.69300 32329.86350 31937.09050 31542.10750 32774.54050 32381.76750 31986.78450 33220.52450 32827.75150 32432.76850
33163.25400 32772.01300 32378.54650 33609.76350 33218.52250 32825.05600 34057.55750 33666.31650 33272.85000 32773.37800 32380.60500 31985.62200 33219.88750 32827.11450 32432.13150 33667.68150 33274.90850 32879.92550 32381.95850 31987.67500 31591.19750 32828.46800 32434.18450 32037.70700 33276.26200 32881.97850 32485.50100
33218.73300 32825.96000 32430.97700 33667.05200 33274.27900 32879.29600 34116.63450 33723.86150 33328.87850 32827.31350 32433.03000 32036.55250 33275.63250 32881.34900 32484.87150 33725.21500 33330.93150 32934.45400 32434.37200 32038.59900 31640.64850 32882.69100 32486.91800 32088.96750 33332.27350 32936.50050 32538.55000
33274.48600 32880.20250 32483.72500 33724.59300 33330.30950 32933.83200 34175.94000 33781.65650 33385.17900 32881.54450 32485.77150 32087.82100 33331.65150 32935.87850 32537.92800 33782.99850 33387.22550 32989.27500 32487.10250 32089.86200 31690.45950 32937.20950 32539.96900 32140.56650 33388.55650 32991.31600 32591.91350
33330.51250 32934.73950 32536.78900 33782.38400 33386.61100 32988.66050 34235.47200 33839.69900 33441.74850 32936.07050 32538.83000 32139.42750 33387.94200 32990.70150 32591.29900 33841.03000 33443.78950 33044.38700 32540.15050 32141.46400 31740.63200 32992.02200 32593.33550 32192.50350 33445.11000 33046.42350 32645.59150
33386.81050 32989.57000 32590.16750 33840.42300 33443.18250 33043.78000 34295.23000 33897.98950 33498.58700 32990.89050 32592.20400 32191.37200 33444.50300 33045.81650 32644.98450 33899.31000 33500.62350 33099.79150 32593.51300 32193.40250 31791.16350 33047.12550 32647.01500 32244.77600 33501.93250 33101.82200 32699.58300
33443.37950 33044.69300 32643.86100 33898.71000 33500.02350 33099.19150 34355.21150 33956.52500 33555.69300 33046.00200 32645.89150 32243.65250 33501.33250 33101.22200 32698.98300 33957.83400 33557.72350 33155.48450 32647.19050 32245.67800 31842.05400 33102.52100 32701.00850 32297.38450 33559.02250 33157.51000 32753.88600
33500.21650 33100.10600 32697.86700 33957.24050 33557.13000 33154.89100 34415.41400 34015.30350 33613.06450 33101.40500 32699.89250 32296.26850 33558.42900 33156.91650 32753.29250 34016.60250 33615.09000 33211.46600 32701.18100 32298.28950 31893.30250 33158.20500 32755.31350 32350.32650 33616.37850 33213.48700 32808.50000
33557.32050 33155.80800 32752.18400 34016.01600 33614.50350 33210.87950 34475.83700 34074.32450 33670.70050 33157.09650 32754.20500 32349.21800 33615.79200 33212.90050 32807.91350 34075.61300 33672.72150 33267.73450 32755.48300 32351.23400 31944.90650 33214.17850 32809.92950 32403.60200 33673.99950 33269.75050 32863.42300
33614.69100 33211.79950 32806.81250 34075.03350 33672.14200 33267.15500 34536.47750 34133.58600 33728.59900 33213.07750 32808.82850 32402.50100 33673.42000 33269.17100 32862.84350 34134.86400 33730.61500 33324.28750 32810.09600 32404.51300 31996.86800 33270.43850 32864.85550 32457.21050 33731.88250 33326.29950 32918.65450
33672.32600 33268.07700 32861.74950 34134.29150 33730.04250 33323.71500 34597.33550 34193.08650 33786.75900 33269.34450 32863.76150 32456.11650 33731.31000 33325.72700 32918.08200 34194.35400 33788.77100 33381.12600 32865.01900 32458.12300 32049.18350 33326.98450 32920.08850 32511.14900 33790.02850 33383.13250 32974.19300
33730.22300 33324.64000 32916.99500 34193.78850 33788.20550 33380.56050 34658.40700 34252.82400 33845.17900 33325.89750 32919.00150 32510.06200 33789.46300 33382.56700 32973.62750 34254.08150 33847.18550 33438.24600 32920.25000 32512.06550 32101.85350 33383.81550 32975.63100 32565.41900 33848.43400 33440.24950 33030.03750
33788.38250 33381.48650 32972.54700 34253.52250 33846.62650 33437.68700 34719.69250 34312.79650 33903.85700 33382.73500 32974.55050 32564.33850 33847.87500 33439.69050 33029.47850 34314.04500 33905.86050 33495.64850 32975.78800 32566.33750 32154.87700 33440.92800 33031.47750 32620.01700 33907.09800 33497.64750 33086.18700
33846.80200 33438.61750 33028.40550 34313.49250 33905.30800 33495.09600 34781.18900 34373.00450 33962.79250 33439.85500 33030.40450 32618.94400 33906.54550 33497.09500 33085.63450 34374.24200 33964.79150 33553.33100 33031.63250 32620.93900 32208.25300 33498.32300 33087.62950 32674.94350 33966.01950 33555.32600 33142.64000
33905.47900 33496.02850 33084.56800 34373.69500 33964.24450 33552.78400 34842.89400 34433.44350 34021.98300 33497.25650 33086.56300 32673.87700 33965.47250 33554.77900 33142.09300 34434.67150 34023.97800 33611.29200 33087.78200 32675.86850 32261.98050 33555.99800 33144.08450 32730.19650 34025.19700 33613.28350 33199.39550
33964.41300 33553.71950 33141.03350 34434.13100 34023.43750 33610.75150 34904.80650 34494.11300 34081.42700 33554.93850 33143.02500 32729.13700 34024.65650 33612.74300 33198.85500 34495.33200 34083.41850 33669.53050 33144.23450 32731.12450 32316.05800 33613.95250 33200.84250 32785.77600 34084.62800 33671.51800 33256.45150
34023.60350 33611.69000 33197.80200 34494.79800 34082.88450 33668.99650 34966.92550 34555.01200 34141.12400 33612.89950 33199.78950 32784.72300 34084.09400 33670.98400 33255.91750 34556.22150 34143.11150 33728.04500 33200.98950 32786.70700 32370.48550 33672.18400 33257.90150 32841.68000 34144.31150 33730.02900 33313.80750
34083.04750 33669.93750 33254.87100 34555.69350 34142.58350 33727.51700 35029.24800 34616.13800 34201.07150 33671.13750 33256.85500 32840.63350 34143.78350 33729.50100 33313.27950 34617.33800 34203.05550 33786.83400 33258.04600 32842.61450 32425.26150 33730.69200 33315.26050 32897.90750 34204.24650 33788.81500 33371.46200
34142.74350 33728.46100 33312.23950 34616.81600 34202.53350 33786.31200 35091.77200 34677.48950 34261.26800 33729.65200 33314.22050 32896.86750 34203.72450 33788.29300 33370.94000 34678.68050 34263.24900 33845.89600 33315.40250 32898.84550 32480.38550 33789.47500 33372.91800 32954.45800 34264.43100 33847.87400 33429.41400
34202.69050 33787.25900 33369.90600 34678.16450 34262.73300 33845.38000 35154.49700 34739.06550 34321.71250 33788.44100 33371.88400 32953.42400 34263.91500 33847.35800 33428.89800 34740.24750 34323.69050 33905.23050 33373.05700 32955.39850 32535.85600 33848.53100 33430.87250 33011.33000 34324.86350 33907.20500 33487.66250
34262.88700 33846.33000 33427.87000 34739.73700 34323.18000 33904.72000 35217.42000 34800.86300 34382.40300 33847.50300 33429.84450 33010.30200 34324.35300 33906.69450 33487.15200 34802.03600 34384.37750 33964.83500 33431.00850 33012.27400 32591.67200 33907.85850 33489.12400 33068.52200 34385.54150 33966.80700 33546.20500
34323.33100 33905.67250 33486.13000 34801.53100 34383.87250 33964.33000 35280.53900 34862.88050 34443.33800 33906.83650 33488.10200 33067.50000 34385.03650 33966.30200 33545.70000 34864.04450 34445.31000 34024.70800        nan        nan        nan        nan        nan        nan        nan        nan        nan
