       nan        nan        nan        nan        nan        nan        nan        nan        nan 27249.68550        nan        nan        nan        nan        nan        nan        nan        nan 27246.83400 27203.99850        nan        nan        nan        nan        nan        nan        nan
27252.83400        nan        nan 27289.60150        nan        nan        nan        nan        nan 27249.98250 27207.14700        nan 27286.75000 27243.91450        nan        nan        nan        nan 27244.27700 27201.09250 27165.31650 27281.04450 27237.86000 27202.08400        nan        nan        nan
27256.28800 27213.45250        nan 27293.57300 27250.73750        nan 27324.38500 27281.54950        nan 27250.58250 27207.39800 27171.62200 27287.86750 27244.68300 27208.90700 27318.67950 27275.49500 27239.71900 27242.01650 27198.30850 27161.62400 27279.30150 27235.59350 27198.90900 27310.11350 27266.40550 27229.72100
27260.05900 27216.87450 27181.09850 27298.12300 27254.93850 27219.16250 27330.27000 27287.08550 27251.30950 27251.49300 27207.78500 27171.10050 27289.55700 27245.84900 27209.16450 27321.70400 27277.99600 27241.31150 27240.05900 27195.65250 27157.79750 27278.12300 27233.71650 27195.86150 27310.27000 27265.86350 27228.00850
27264.16250 27220.45450 27183.77000 27303.26200 27259.55400 27222.86950 27337.09000 27293.38200 27256.69750 27252.72850 27208.32200 27170.46700 27291.82800 27247.42150 27209.56650 27325.65600 27281.24950 27243.39450 27238.41550 27193.13800 27153.88000 27277.51500 27232.23750 27192.97950 27311.34300 27266.06550 27226.80750
27268.61400 27224.20750 27186.35250 27308.99900 27264.59250 27226.73750 27344.79650 27300.39000 27262.53500 27254.30100 27209.02350 27169.76550 27294.68600 27249.40850 27210.15050 27330.48350 27285.20600 27245.94800 27237.09800 27190.78100 27149.91500 27277.48300 27231.16600 27190.30000 27313.28050 27266.96350 27226.09750
27273.43000 27228.15250 27188.89450 27315.33500 27270.05750 27230.79950 27353.33650 27308.05900 27268.80100 27256.22700 27209.91000 27169.04400 27298.13200 27251.81500 27210.94900 27336.13350 27289.81650 27248.95050 27236.12100 27188.60200 27145.95300 27278.02600 27230.50700 27187.85800 27316.02750 27268.50850 27225.85950
27278.62500 27232.30800 27191.44200 27322.26800 27275.95100 27235.08500 27362.66200 27316.34500 27275.47900 27258.51900 27211.00000 27168.35100 27302.16200 27254.64300 27211.99400 27342.55600 27295.03700 27252.38800 27235.49750 27186.62150 27142.03800 27279.14050 27230.26450 27185.68100 27319.53450 27270.65850 27226.07500
27284.21050 27236.69150 27194.04250 27329.78850 27282.26950 27239.62050 27372.72700 27325.20800 27282.55900 27261.18900 27212.31300 27167.72950 27306.76700 27257.89100 27213.30750 27349.70550 27300.82950 27256.24600 27235.24000 27184.86150 27138.21500 27280.81800 27230.43950 27183.79300 27323.75650 27273.37800 27226.73150
27290.19700 27241.32100 27196.73750 27337.88650 27289.01050 27244.42700 27383.49100 27334.61500 27290.03150 27264.24800 27213.86950 27167.22300 27311.93750 27261.55900 27214.91250 27357.54200 27307.16350 27260.51700 27235.35800 27183.34350 27134.52400 27283.04750 27231.03300 27182.21350 27328.65200 27276.63750 27227.81800
27296.59250 27246.21400 27199.56750 27346.54800 27296.16950 27249.52300 27394.91800 27344.53950 27297.89300 27267.70250 27215.68800 27166.86850 27317.65800 27265.64350 27216.82400 27366.02800 27314.01350 27265.19400 27235.86150 27182.08500 27131.00200 27285.81700 27232.04050 27180.95750 27334.18700 27280.41050 27229.32750
27303.40150 27251.38700 27202.56750 27355.75800 27303.74350 27254.92400 27406.97500 27354.96050 27306.14100 27271.56050 27217.78400 27166.70100 27323.91700 27270.14050 27219.05750 27375.13400 27321.35750 27270.27450 27236.75750 27181.10650 27127.67950 27289.11400 27233.46300 27180.03600 27340.33100 27284.68000 27231.25300
27310.62850 27256.85200 27205.76900 27365.50350 27311.72700 27260.64400 27419.63400 27365.85750 27314.77450 27275.82550 27220.17450 27166.74750 27330.70050 27275.04950 27221.62250 27384.83100 27329.18000 27275.75300 27238.05200 27180.42350 27124.58600 27292.92700 27235.29850 27179.46100 27347.05750 27289.42900 27233.59150
27318.27400 27262.62300 27209.19600 27375.77000 27320.11900 27266.69200 27432.86950 27377.21850 27323.79150 27280.50050 27222.87200 27167.03450 27337.99650 27280.36800 27224.53050 27395.09600 27337.46750 27281.63000 27239.74850 27180.04900 27121.74300 27297.24450 27237.54500 27179.23900 27354.34400 27294.64450 27236.33850
27326.34050 27268.71200 27212.87450 27386.54450 27328.91600 27273.07850 27446.66050 27389.03200 27333.19450 27285.58850 27225.88900 27167.58300 27345.79250 27286.09300 27227.78700 27405.90850 27346.20900 27287.90300 27241.85000 27179.99650 27119.17200 27302.05400 27240.20050 27179.37600 27362.17000 27300.31650 27239.49200
27334.82750 27275.12800 27216.82200 27397.81550 27338.11600 27279.81000 27460.98700 27401.28750 27342.98150 27291.08900 27229.23550 27168.41100 27354.07700 27292.22350 27231.39900 27417.24850 27355.39500 27294.57050 27244.35900 27180.27650 27116.89050 27307.34700 27243.26450 27179.87850 27370.51850 27306.43600 27243.05000
27343.73350 27281.88000 27221.05550 27409.57150 27347.71800 27286.89350 27475.83250 27413.97900 27353.15450 27297.00350 27232.92100 27169.53500 27362.84150 27298.75900 27235.37300 27429.10250 27365.02000 27301.63400 27247.27650 27180.89850 27114.91400 27313.11450 27246.73650 27180.75200 27379.37550 27312.99750 27247.01300
27353.05900 27288.97650 27225.59050 27421.80300 27357.72050 27294.33450 27491.18150 27427.09900 27363.71300 27303.33200 27236.95400 27170.96950 27372.07600 27305.69800 27239.71350 27441.45450 27375.07650 27309.09200 27250.60450 27181.87100 27113.25500 27319.34850 27250.61500 27181.99900 27388.72700 27319.99350 27251.37750
27362.80100 27296.42300 27230.43850 27434.50050 27368.12250 27302.13800 27507.02200 27440.64400 27374.65950 27310.07350 27241.34000 27172.72400 27381.77300 27313.03950 27244.42350 27454.29450 27385.56100 27316.94500 27254.34250 27183.19950 27111.92400 27326.04200 27254.89900 27183.62350 27398.56350 27327.42050 27256.14500
27372.95900 27304.22550 27235.60950 27447.65650 27378.92300 27310.30700 27523.34150 27454.60800 27385.99200 27317.22800 27246.08500 27174.80950 27391.92550 27320.78250 27249.50700 27467.61050 27396.46750 27325.19200 27258.49000 27184.89100 27110.93050 27333.18750 27259.58850 27185.62800 27408.87250 27335.27350 27261.31300
27383.53300 27312.39000 27241.11450 27461.26350 27390.12050 27318.84500 27540.13150 27468.98850 27397.71300 27324.79500 27251.19600 27177.23550 27402.52550 27328.92650 27254.96600 27481.39350 27407.79450 27333.83400 27263.05000 27186.95150 27110.28450 27340.78050 27264.68200 27188.01500 27419.64850 27343.55000 27266.88300
27394.51800 27320.91900 27246.95850 27475.31500 27401.71600 27327.75550 27557.38050 27483.78150 27409.82100 27332.77300 27256.67450 27180.00750 27413.57000 27337.47150 27260.80450 27495.63550 27419.53700 27342.87000 27268.01950 27189.38350 27109.99050 27348.81650 27270.18050 27190.78750 27430.88200 27352.24600 27272.85300
27405.91500 27329.81650 27253.14950 27489.80550 27413.70700 27337.04000 27575.08250 27498.98400 27422.31700 27341.16150 27262.52550 27183.13250 27425.05200 27346.41600 27267.02300 27510.32900 27431.69300 27352.30000 27273.39800 27192.19150 27110.05550 27357.28850 27276.08200 27193.94600 27442.56550 27361.35900 27279.22300
27417.72200 27339.08600 27259.69300 27504.73100 27426.09500 27346.70200 27593.23000 27514.59400 27435.20100 27349.95850 27268.75200 27186.61600 27436.96750 27355.76100 27273.62500 27525.46650 27444.26000 27362.12400 27279.18650 27195.37900 27110.48450 27366.19550 27282.38800 27197.49350 27454.69450 27370.88700 27285.99250
27429.93650 27348.73000 27266.59400 27520.08350 27438.87700 27356.74100 27611.81600 27530.60950 27448.47350 27359.16450 27275.35700 27190.46250 27449.31150 27365.50400 27280.60950 27541.04400 27457.23650 27372.34200 27285.38300 27198.94800 27111.28250 27375.53000 27289.09500 27201.42950 27467.26250 27380.82750 27293.16200
27442.55800 27358.75050 27273.85600 27535.86150 27452.05400 27367.15950 27630.83450 27547.02700 27462.13250 27368.77650 27282.34150 27194.67600 27462.08000 27375.64500 27287.97950 27557.05300 27470.61800 27382.95250 27291.98850 27202.90100 27112.45350 27385.29200 27296.20450 27205.75700 27480.26500 27391.17750 27300.73000
27455.58350 27369.14850 27281.48300 27552.05950 27465.62450 27377.95900 27650.28050 27563.84550 27476.18000 27378.79550 27289.70800 27199.26050 27475.27150 27386.18400 27295.73650 27573.49250 27484.40500 27393.95750 27299.00100 27207.24100 27114.00050 27395.47700 27303.71700 27210.47650 27493.69800 27401.93800 27308.69750
27469.01350 27379.92600 27289.47850 27568.67450 27479.58700 27389.13950 27670.15050 27581.06300 27490.61550 27389.21900 27297.45900 27204.21850 27488.88000 27397.12000 27303.87950 27590.35600 27498.59600 27405.35550 27306.42000 27211.96800 27115.92550 27406.08100 27311.62900 27215.58650 27507.55700 27413.10500 27317.06250
27482.84550 27391.08550 27297.84500 27585.70350 27493.94350 27400.70300 27690.43800 27598.67800 27505.43750 27400.04650 27305.59450 27209.55200 27502.90450 27408.45250 27312.41000 27607.63900 27513.18700 27417.14450 27314.24500 27217.08500 27118.23300 27417.10300 27319.94300 27221.09100 27521.83750 27424.67750 27325.82550
27497.07800 27402.62600 27306.58350 27603.14300 27508.69100 27412.64850 27711.13950 27616.68750 27520.64500 27411.27650 27314.11650 27215.26450 27517.34150 27420.18150 27321.32950 27625.33800 27528.17800 27429.32600 27322.47500 27222.59200 27120.92450 27428.54000 27328.65700 27226.98950 27536.53650 27436.65350 27334.98600
27511.70850 27414.54850 27315.69650 27620.98850 27523.82850 27424.97650 27732.25100 27635.09100 27536.23900 27422.90700 27323.02400 27221.35650 27532.18700 27432.30400 27330.63650 27643.44950 27543.56650 27441.89900 27331.10900 27228.48850 27124.00000 27440.38900 27337.76850 27233.28000 27551.65150 27449.03100 27344.54250
27526.73750 27426.85450 27325.18700 27639.23950 27539.35650 27437.68900 27753.76950 27653.88650 27552.21900 27434.93950 27332.31900 27227.83050 27547.44150 27444.82100 27340.33250 27661.97150 27559.35100 27454.86250 27340.14700 27234.77900 27127.46400 27452.64900 27347.28100 27239.96600 27567.17900 27461.81100 27354.49600
27542.16350 27439.54300 27335.05450 27657.89300 27555.27250 27450.78400 27775.69250 27673.07200 27568.58350 27447.37100 27342.00300 27234.68800 27563.10050 27457.73250 27350.41750 27680.90000 27575.53200 27468.21700 27349.58800 27241.46150 27131.31650 27465.31750 27357.19100 27247.04600 27583.11700 27474.99050 27364.84550
27557.98350 27452.61550 27345.30050 27676.94500 27571.57700 27464.26200 27798.01450 27692.64650 27585.33150 27460.20050 27352.07400 27241.92900 27579.16200 27471.03550 27360.89050 27700.23150 27592.10500 27481.96000 27359.42950 27248.53650 27135.55800 27478.39100 27367.49800 27254.51950 27599.46050 27488.56750 27375.58900
27574.19800 27466.07150 27355.92650 27696.39550 27588.26900 27478.12400 27820.73450 27712.60800 27602.46300 27473.42700 27362.53400 27249.55550 27595.62450 27484.73150 27371.75300 27719.96350 27609.07050 27496.09200 27369.67300 27256.00500 27140.19050 27491.87050 27378.20250 27262.38800 27616.20950 27502.54150 27386.72700
27590.80400 27479.91100 27366.93250 27716.24000 27605.34700 27492.36850 27843.84800 27732.95500 27619.97650 27487.05000 27373.38200 27257.56750 27612.48600 27498.81800 27383.00350 27740.09400 27626.42600 27510.61150 27380.31550 27263.86700 27145.21500 27505.75150 27389.30300 27270.65100 27633.35950 27516.91100 27398.25900
27607.80150 27494.13350 27378.31900 27736.47800 27622.81000 27506.99550 27867.35450 27753.68650 27637.87200 27501.06700 27384.61850 27265.96650 27629.74350 27513.29500 27394.64300 27760.62000 27644.17150 27525.51950 27391.35800 27272.12250 27150.63150 27520.03450 27400.79900 27279.30800 27650.91100 27531.67550 27410.18450
27625.18750 27508.73900 27390.08700 27757.10550 27640.65700 27522.00500 27891.24850 27774.80000 27656.14800 27515.47850 27396.24300 27274.75200 27647.39650 27528.16100 27406.67000 27781.53950 27662.30400 27540.81300 27402.79800 27280.77050 27156.44000 27534.71600 27412.68850 27288.35800 27668.85900 27546.83150 27422.50100
27642.96250 27523.72700 27402.23600 27778.12250 27658.88700 27537.39600 27915.53050 27796.29500 27674.80400 27530.28200 27408.25450 27283.92400 27665.44200 27543.41450 27419.08400 27802.85000 27680.82250 27556.49200 27414.63450 27289.81200 27162.64200 27549.79450 27424.97200 27297.80200 27687.20250 27562.38000 27435.21000
27661.12450 27539.09700 27414.76650 27799.52550 27677.49800 27553.16750 27940.19600 27818.16850 27693.83800 27545.47700 27420.65450 27293.48450 27683.87800 27559.05550 27431.88550 27824.54850 27699.72600 27572.55600 27426.86850 27299.24750 27169.23800 27565.26950 27437.64850 27307.63900 27705.94000 27578.31900 27448.30950
27679.67100 27554.84850 27427.67850 27821.31250 27696.49000 27569.32000 27965.24250 27840.42000 27713.25000 27561.06250 27433.44150 27303.43200 27702.70400 27575.08300 27445.07350 27846.63400 27719.01300 27589.00350 27439.49650 27309.07500 27176.22700 27581.13800 27450.71650 27317.86850 27725.06800 27594.64650 27461.79850
27698.60250 27570.98150 27440.97200 27843.48300 27715.86200 27585.85250 27990.66900 27863.04800 27733.03850 27577.03650 27446.61500 27313.76700 27721.91700 27591.49550 27458.64750 27869.10300 27738.68150 27605.83350 27452.51900 27319.29550 27183.61000 27597.39950 27464.17600 27328.49050 27744.58550 27611.36200 27475.67650
27717.91600 27587.49450 27454.64650 27866.03400 27735.61250 27602.76450 28016.47200 27886.05050 27753.20250 27593.39850 27460.17500 27324.48950 27741.51650 27608.29300 27472.60750 27891.95450 27758.73100 27623.04550 27465.93450 27329.90850 27191.38750 27614.05250 27478.02650 27339.50550 27764.49050 27628.46450 27489.94350
27737.61100 27604.38750 27468.70200 27888.96300 27755.73950 27620.05400 28042.64950 27909.42600 27773.74050 27610.14700 27474.12100 27335.60000 27761.49900 27625.47300 27486.95200 27915.18550 27779.15950 27640.63850 27479.74250 27340.91300 27199.55800 27631.09450 27492.26500 27350.91000 27784.78100 27645.95150 27504.59650
27757.68550 27621.65950 27483.13850 27912.26950 27776.24350 27637.72250 28069.19950 27933.17350 27794.65250 27627.28100 27488.45150 27347.09650 27781.86500 27643.03550 27501.68050 27938.79500 27799.96550 27658.61050 27493.94150 27352.30800 27208.12200 27648.52550 27506.89200 27362.70600 27805.45550 27663.82200 27519.63600
27778.13850 27639.30900 27497.95400 27935.95000 27797.12050 27655.76550 28096.11950 27957.29000 27815.93500 27644.79900 27503.16550 27358.97950 27802.61050 27660.97700 27516.79100 27962.78000 27821.14650 27676.96050 27508.53000 27364.09350 27217.07950 27666.34150 27521.90500 27374.89100 27826.51100 27682.07450 27535.06050
27798.96850 27657.33500 27513.14900 27960.00500 27818.37150 27674.18550 28123.40800 27981.77450 27837.58850 27662.69950 27518.26300 27371.24900 27823.73600 27679.29950 27532.28550 27987.13900 27842.70250 27695.68850 27523.50700 27376.26900 27226.42900 27684.54350 27537.30550 27387.46550 27847.94650 27700.70850 27550.86850
27820.17450 27675.73800 27528.72400 27984.43050 27839.99400 27692.98000 28151.06200 28006.62550 27859.61150 27680.98200 27533.74400 27383.90400 27845.23800 27698.00000 27548.16000 28011.86950 27864.63150 27714.79150 27538.87250 27388.83450 27236.17250 27703.12850 27553.09050 27400.42850 27869.76000 27719.72200 27567.06000
27841.75350 27694.51550 27544.67550 28009.22550 27861.98750 27712.14750 28179.08000 28031.84200 27882.00200 27699.64400 27549.60600 27396.94400 27867.11600 27717.07800 27564.41600 28036.97050 27886.93250 27734.27050 27554.62300 27401.78700 27246.30700 27722.09500 27569.25900 27413.77900 27891.94950 27739.11350 27583.63350
27863.70500 27713.66700 27561.00500 28034.38800 27884.35000 27731.68800 28207.45900 28057.42100 27904.75900 27718.68400 27565.84800 27410.36800 27889.36700 27736.53100 27581.05100 28062.43800 27909.60200 27754.12200 27570.76000 27415.12800 27256.83350 27741.44300 27585.81100 27427.51650 27914.51400 27758.88200 27600.58750
27886.02750 27733.19150 27577.71150 28059.91550 27907.07950 27751.59950 28236.19700 28083.36100 27927.88100 27738.10350 27582.47150 27424.17700 27911.99150 27756.35950 27598.06500 28088.27300 27932.64100 27774.34650 27587.28050 27428.85600 27267.75150 27761.16850 27602.74400 27441.63950 27937.45000 27779.02550 27617.92100
27908.72050 27753.08850 27594.79400 28085.80800 27930.17600 27771.88150 28265.29350 28109.66150 27951.36700 27757.89750 27599.47300 27438.36850 27934.98500 27776.56050 27615.45600 28114.47050 27956.04600 27794.94150 27604.18400 27442.97000 27279.06050 27781.27150 27620.05750 27456.14800 27960.75700 27799.54300 27635.63350
27931.78050 27773.35600 27612.25150 28112.06150 27953.63700 27792.53250 28294.74350 28136.31900 27975.21450 27778.06700 27616.85300 27452.94350 27958.34800 27797.13400 27633.22450 28141.03000 27979.81600 27815.90650 27621.46950 27457.46900 27290.75950 27801.75050 27637.75000 27471.04050 27984.43250 27820.43200 27653.72250
27955.20650 27793.99250 27630.08300 28138.67500 27977.46100 27813.55150 28324.54700 28163.33300 27999.42350 27798.60900 27634.60850 27467.89900 27982.07750 27818.07700 27651.36750 28167.94950 28003.94900 27837.23950 27639.13400 27472.35200 27302.84700 27822.60250 27655.82050 27486.31550 28008.47450 27841.69250 27672.18750
27978.99750 27814.99700 27648.28750 28165.64650 28001.64600 27834.93650 28354.70100 28190.70050 28023.99100 27819.52250 27652.74050 27483.23550 28006.17150 27839.38950 27669.88450 28195.22600 28028.44400 27858.93900 27657.17850 27487.61850 27315.32400 27843.82750 27674.26750 27501.97300 28032.88200 27863.32200 27691.02750
28003.15100 27836.36900 27666.86400 28192.97350 28026.19150 27856.68650 28385.20300 28218.42100 28048.91600 27840.80700 27671.24700 27498.95250 28030.62950 27861.06950 27688.77500 28222.85900 28053.29900 27881.00450 27675.60100 27503.26750 27328.18850 27865.42350 27693.09000 27518.01100 28057.65300 27885.31950 27710.24050
28027.66600 27858.10600 27685.81150 28220.65550 28051.09550 27878.80100 28416.05250 28246.49250 28074.19800 27862.46000 27690.12650 27515.04750 28055.44950 27883.11600 27708.03700 28250.84650 28078.51300 27903.43400 27694.39850 27519.29700 27341.43950 27887.38800 27712.28650 27534.42900 28082.78500 27907.68350 27729.82600
28052.54150 27880.20800 27705.12900 28248.69000 28076.35650 27901.27750 28447.24550 28274.91200 28099.83300 27884.48000 27709.37850 27531.52100 28080.62850 27905.52700 27727.66950 28279.18400 28104.08250 27926.22500 27713.57200 27535.70700 27355.07800 27909.72050 27731.85550 27551.22650 28108.27600 27930.41100 27749.78200
28077.77400 27902.67250 27724.81500 28277.07400 28101.97250 27924.11500 28478.78050 28303.67900 28125.82150 27906.86600 27729.00100 27548.37200 28106.16600 27928.30100 27747.67200 28307.87250 28130.00750 27949.37850 27733.11850 27552.49600 27369.10100 27932.41850 27751.79600 27568.40100 28134.12500 27953.50250 27770.10750
28103.36250 27925.49750 27744.86850 28305.80700 28127.94200 27947.31300 28510.65500 28332.79000 28152.16100 27929.61500 27748.99250 27565.59750 28132.05950 27951.43700 27768.04200 28336.90750 28156.28500 27972.89000 27753.03700 27569.66200 27383.50800 27955.48150 27772.10650 27585.95250 28160.32950 27976.95450 27790.80050
28129.30600 27948.68350 27765.28850 28334.88500 28154.26250 27970.86750 28542.86750 28362.24500 28178.85000 27952.72800 27769.35300 27583.19900 28158.30700 27974.93200 27788.77800 28366.28950 28182.91450 27996.76050 27773.32650 27587.20550 27398.29850 27978.90550 27792.78450 27603.87750 28186.88800 28000.76700 27811.86000
28155.60250 27972.22750 27786.07350 28364.30850 28180.93350 27994.77950 28575.41500 28392.04000 28205.88600 27976.20100 27790.08000 27601.17300 28184.90700 27998.78600 27809.87900 28396.01350 28209.89250 28020.98550 27793.98450 27605.12400 27413.47200 28002.69050 27813.83000 27622.17800 28213.79700 28024.93650 27833.28450
28182.24950 27996.12850 27807.22150 28394.07400 28207.95300 28019.04600 28608.29600 28422.17500 28233.26800 28000.03300 27811.17250 27619.52050 28211.85750 28022.99700 27831.34500 28426.07950 28237.21900 28045.56700 27815.01100 27623.41650 27429.02650 28026.83550 27835.24100 27640.85100 28241.05750 28049.46300 27855.07300
28209.24500 28020.38450 27828.73250 28424.17900 28235.31850 28043.66650 28641.50650 28452.64600 28260.99400 28024.22300 27832.62850 27638.23850 28239.15700 28047.56250 27853.17250 28456.48450 28264.89000 28070.50000 27836.40300 27642.08150 27444.96050 28051.33700 27857.01550 27659.89450 28268.66450 28074.34300 27877.22200
28236.58950 28044.99500 27850.60500 28454.62350 28263.02900 28068.63900 28675.04650 28483.45200 28289.06200 28048.76950 27854.44800 27657.32700 28266.80350 28072.48200 27875.36100 28487.22650 28292.90500 28095.78400 27858.16100 27661.11900 27461.27550 28076.19500 27879.15300 27679.30950 28296.61800 28099.57600 27899.73250
28264.27850 28069.95700 27872.83600 28485.40300 28291.08150 28093.96050 28708.91300 28514.59150 28317.47050 28073.67000 27876.62800 27676.78450 28294.79450 28097.75250 27897.90900 28518.30450 28321.26250 28121.41900 27880.28050 27680.52650 27477.96800 28101.40500 27901.65100 27699.09250 28324.91500 28125.16100 27922.60250
28292.31150 28095.26950 27895.42600 28516.51700 28319.47500 28119.63150 28743.10350 28546.06150 28346.21800 28098.92200 27899.16800 27696.60950 28323.12750 28123.37350 27920.81500 28549.71400 28349.96000 28147.40150 27902.76200 27700.30250 27495.03600 28126.96750 27924.50800 27719.24150 28353.55400 28151.09450 27945.82800
28320.68450 28120.93050 27918.37200 28547.96200 28348.20800 28145.64950 28777.61400 28577.86000 28375.30150 28124.52450 27922.06500 27716.79850 28351.80200 28149.34250 27944.07600 28581.45400 28378.99450 28173.72800 27925.60250 27720.44500 27512.48000 28152.88000 27947.72250 27739.75750 28382.53200 28177.37450 27969.40950
28349.39850 28146.93900 27941.67250 28579.73700 28377.27750 28172.01100 28812.44400 28609.98450 28404.71800 28150.47650 27945.31900 27737.35400 28380.81500 28175.65750 27967.69250 28613.52200 28408.36450 28200.39950 27948.80200 27740.95450 27530.29950 28179.14050 27971.29300 27760.63800 28411.84750 28204.00000 27993.34500
28378.45000 28173.29250 27965.32750 28611.83900 28406.68150 28198.71650 28847.59150 28642.43400 28434.46900 28176.77550 27968.92800 27758.27300 28410.16450 28202.31700 27991.66200 28645.91700 28438.06950 28227.41450 27972.35750 27761.82850 27548.49150 28205.74650 27995.21750 27781.88050 28441.49900 28230.97000 28017.63300
28407.83700 28199.98950 27989.33450 28644.26700 28436.41950 28225.76450 28883.05300 28675.20550 28464.55050 28203.41900 27992.89000 27779.55300 28439.84900 28229.32000 28015.98300 28678.63500 28468.10600 28254.76900 27996.26750 27783.06550 27567.05500 28232.69750 28019.49550 27803.48500 28471.48350 28258.28150 28042.27100
28437.55750 28227.02850 28013.69150 28677.01700 28466.48800 28253.15100 28918.82600 28708.29700 28494.96000 28230.40600 28017.20400 27801.19350 28469.86550 28256.66350 28040.65300 28711.67450 28498.47250 28282.46200 28020.53100 27804.66400 27585.98950 28259.99050 28044.12350 27825.44900 28501.79950 28285.93250 28067.25800
28467.60950 28254.40750 28038.39700 28710.08800 28496.88600 28280.87550 28954.90850 28741.70650 28525.69600 28257.73450 28041.86750 27823.19300 28500.21300 28284.34600 28065.67150 28745.03350 28529.16650 28310.49200 28045.14600 27826.62200 27605.29250 28287.62450 28069.10050 27847.77100 28532.44500 28313.92100 28092.59150
28497.99150 28282.12450 28063.45000 28743.47750 28527.61050 28308.93600 28991.29800 28775.43100 28556.75650 28285.40300 28066.87900 27845.54950 28530.88900 28312.36500 28091.03550 28778.70950 28560.18550 28338.85600 28070.10950 27848.93850 27624.96350 28315.59550 28094.42450 27870.44950 28563.41600 28342.24500 28118.27000
28528.70150 28310.17750 28088.84800 28777.18400 28558.66000 28337.33050 29027.99300 28809.46900 28588.13950 28313.40800 28092.23700 27868.26200 28561.89050 28340.71950 28116.74450 28812.69950 28591.52850 28367.55350 28095.42150 27871.61200 27645.00000 28343.90400 28120.09450 27893.48250 28594.71300 28370.90350 28144.29150
28559.73500 28338.56400 28114.58900 28811.20300 28590.03200 28366.05700 29064.98850 28843.81750 28619.84250 28341.74850 28117.93900 27891.32700 28593.21650 28369.40700 28142.79500 28847.00200 28623.19250 28396.58050 28121.07850 27894.63950 27665.40200 28372.54650 28146.10750 27916.87000 28626.33200 28399.89300 28170.65550
28591.09350 28367.28400 28140.67200 28845.53400 28621.72450 28395.11250 29102.28450 28878.47500 28651.86300 28370.42350 28143.98450 27914.74700 28624.86400 28398.42500 28169.18750 28881.61450 28655.17550 28425.93800 28147.08050 27918.02150 27686.16700 28401.52100 28172.46200 27940.60750 28658.27150 28429.21250 28197.35800
28622.77250 28396.33350 28167.09600 28880.17400 28653.73500 28424.49750 29139.87700 28913.43800 28684.20050 28399.42950 28170.37050 27938.51600 28656.83100 28427.77200 28195.91750 28916.53400 28687.47500 28455.62050 28173.42400 27941.75500 27707.29400 28430.82550 28199.15650 27964.69550 28690.52850 28458.85950 28224.39850
28654.77000 28425.71100 28193.85650 28915.12150 28686.06250 28454.20800 29177.76400 28948.70500 28716.85050 28428.76450 28197.09550 27962.63450 28689.11600 28457.44700 28222.98600 28951.75850 28720.08950 28485.62850 28200.10700 27965.83800 27728.78050 28460.45850 28226.18950 27989.13200 28723.10100 28488.83200 28251.77450
28687.08400 28455.41500 28220.95400 28950.37200 28718.70300 28484.24200 29215.94250 28984.27350 28749.81250 28458.42650 28224.15750 27987.10000 28721.71450 28487.44550 28250.38800 28987.28500 28753.01600 28515.95850 28227.12900 27990.26900 27750.62550 28490.41700 28253.55700 28013.91350 28755.98750 28519.12750 28279.48400
28719.71250 28485.44350 28248.38600 28985.92500 28751.65600 28514.59850 29254.40900 29020.14000 28783.08250 28488.41500 28251.55500 28011.91150 28754.62750 28517.76750 28278.12400 29023.11150 28786.25150 28546.60800 28254.48750 28015.04700 27772.82850 28520.70000 28281.25950 28039.04100 28789.18400 28549.74350 28307.52500
28752.65350 28515.79350 28276.15000 29021.77750 28784.91750 28545.27400 29293.16350 29056.30350 28816.66000 28518.72600 28279.28550 28037.06700 28787.85000 28548.40950 28306.19100 29059.23600 28819.79550 28577.57700 28282.17950 28040.16950 27795.38600 28551.30350 28309.29350 28064.51000 28822.68950 28580.67950 28335.89600
28785.90400 28546.46350 28304.24500 29057.92700 28818.48650 28576.26800 29332.20100 29092.76050 28850.54200 28549.35750 28307.34750 28062.56400 28821.38050 28579.37050 28334.58700 29095.65450 28853.64450 28608.86100 28310.20350 28065.63450 27818.29700 28582.22650 28337.65750 28090.32000 28856.50050 28611.93150 28364.59400
28819.46100 28577.45100 28332.66750 29094.37000 28852.36000 28607.57650 29371.51950 29129.50950 28884.72600 28580.30700 28335.73800 28088.40050 28855.21600 28610.64700 28363.30950 29132.36550 28887.79650 28640.45900 28338.55800 28091.43950 27841.56000 28613.46700 28366.34850 28116.46900 28890.61650 28643.49800 28393.61850
28853.32350 28608.75450 28361.41700 29131.10500 28886.53600 28639.19850 29411.11600 29166.54700 28919.20950 28611.57450 28364.45600 28114.57650 28889.35600 28642.23750 28392.35800 29169.36700 28922.24850 28672.36900 28367.24050 28117.58500 27865.17300 28645.02200 28395.36650 28142.95450 28925.03300 28675.37750 28422.96550
28887.48950 28640.37100 28390.49150 29168.13000 28921.01150 28671.13200 29450.98850 29203.87000 28953.99050 28643.15550 28393.50000 28141.08800 28923.79600 28674.14050 28421.72850 29206.65450 28956.99900 28704.58700 28396.24950 28144.06700 27889.13450 28676.89000 28424.70750 28169.77500 28959.74850 28707.56600 28452.63350
28921.95500 28672.29950 28419.88750 29205.44050 28955.78500 28703.37300 29491.13350 29241.47800 28989.06600 28675.04900 28422.86650 28167.93400 28958.53450 28706.35200 28451.41950 29244.22750 28992.04500 28737.11250 28425.58250 28170.88400 27913.44350 28709.06800 28454.36950 28196.92900 28994.76100 28740.06250 28482.62200
28956.71850 28704.53600 28449.60350 29243.03600 28990.85350 28735.92100 29531.54850 29279.36600 29024.43350 28707.25200 28452.55350 28195.11300 28993.56950 28738.87100 28481.43050 29282.08200 29027.38350 28769.94300 28455.23650 28198.03350 27938.09550 28741.55400 28484.35100 28224.41300 29030.06650 28772.86350 28512.92550
28991.77800 28737.07950 28479.63900 29280.91350 29026.21500 28768.77450 29572.23100 29317.53250 29060.09200 28739.76250 28482.55950 28222.62150 29028.89800 28771.69500 28511.75700 29320.21550 29063.01250 28803.07450 28485.21000 28225.51500 27963.09150 28774.34550 28514.65050 28252.22700 29065.66300 28805.96800 28543.54450
29027.13000 28769.92700 28509.98900 29319.06850 29061.86550 28801.92750 29613.17750 29355.97450 29096.03650 28772.57750 28512.88250 28250.45900 29064.51600 28804.82100 28542.39750 29358.62500 29098.93000 28836.50650 28515.50100 28253.32500 27988.42850 28807.43950 28545.26350 28280.36700 29101.54850 28839.37250 28574.47600
29062.77200 28803.07700 28540.65350 29357.49950 29097.80450 28835.38100 29654.38500 29394.69000 29132.26650 28805.69550 28543.51950 28278.62300 29100.42300 28838.24700 28573.35050 29397.30850 29135.13250 28870.23600 28546.10800 28281.46200 28014.10500 28840.83550 28576.18950 28308.83250 29137.72100 28873.07500 28605.71800
29098.70150 28836.52550 28571.62900 29396.20400 29134.02800 28869.13150 29695.85100 29433.67500 29168.77850 28839.11400 28574.46800 28307.11100 29136.61650 28871.97050 28604.61350 29436.26350 29171.61750 28904.26050 28577.02650 28309.92350 28040.11800 28874.52900 28607.42600 28337.62050 29174.17600 28907.07300 28637.26750
29134.91800 28870.27200 28602.91500 29435.17950 29170.53350 28903.17650 29737.57350 29472.92750 29205.57050 28872.83050 28605.72750 28335.92200 29173.09200 28905.98900 28636.18350 29475.48600 29208.38300 28938.57750 28608.25650 28338.70900 28066.46600 28908.51800 28638.97050 28366.72750 29210.91200 28941.36450 28669.12150
29171.41550 28904.31250 28634.50700 29474.42250 29207.31950 28937.51400 29779.54800 29512.44500 29242.63950 28906.84150 28637.29400 28365.05100 29209.84850 28940.30100 28668.05800 29514.97400 29245.42650 28973.18350 28639.79400 28367.81400 28093.14800 28942.80100 28670.82100 28396.15500 29247.92650 28975.94650 28701.28050
29208.19350 28938.64600 28666.40300 29513.92950 29244.38200 28972.13900 29821.77150 29552.22400 29279.98100 28941.14600 28669.16600 28394.50000 29246.88200 28974.90200 28700.23600 29554.72400 29282.74400 29008.07800 28671.63800 28397.23800 28120.16050 28977.37400 28702.97400 28425.89650 29285.21600 29010.81600 28733.73850
29245.24900 28973.26900 28698.60300 29553.70000 29281.72000 29007.05400 29864.24250 29592.26250 29317.59650 28975.74100 28701.34100 28424.26350 29284.19200 29009.79200 28732.71450 29594.73450 29320.33450 29043.25700 28703.78500 28426.97700 28147.50250 29012.23600 28735.42800 28455.95350 29322.77850 29045.97050 28766.49600
29282.57900 29008.17900 28731.10150 29593.72900 29319.32900 29042.25150 29906.95700 29632.55700 29355.47950 29010.62300 28733.81500 28454.34050 29321.77300 29044.96500 28765.49050 29635.00100 29358.19300 29078.71850 28736.23350 28457.03100 28175.17150 29047.38350 28768.18100 28486.32150 29360.61150 29081.40900 28799.54950
29320.18150 29043.37350 28763.89900 29634.01450 29357.20650 29077.73200 29949.91150 29673.10350 29393.62900 29045.79200 28766.58950 28484.73000 29359.62500 29080.42250 28798.56300 29675.52200 29396.31950 29114.46000 28768.98100 28487.39700 28203.16550 29082.81400 28801.23000 28516.99850 29398.71100 29117.12700 28832.89550
29358.05300 29078.85050 28796.99100 29674.55400 29395.35150 29113.49200 29993.10400 29713.90150 29432.04200 29081.24200 28799.65800 28515.42650 29397.74300 29116.15900 28831.92750 29716.29300 29434.70900 29150.47750 28802.02400 28518.07150 28231.48150 29118.52500 28834.57250 28547.98250 29437.07500 29153.12250 28866.53250
29396.19150 29114.60750 28830.37600 29715.34350 29433.75950 29149.52800 30036.53100 29754.94700 29470.71550 29116.97350 28833.02100 28546.43100 29436.12550 29152.17300 28865.58300 29757.31300 29473.36050 29186.77050 28835.36150 28549.05450 28260.11950 29154.51350 28868.20650 28579.27150 29475.70100 29189.39400 28900.45900
29434.59300 29150.64050 28864.05050 29756.38150 29472.42900 29185.83900 30080.18850 29796.23600 29509.64600 29152.98100 28866.67400 28577.73900 29474.76950 29188.46250 28899.52750 29798.57650 29512.26950 29223.33450 28868.99000 28580.34050 28289.07550 29190.77850 28902.12900 28610.86400 29514.58550 29225.93600 28934.67100
29473.25550 29186.94850 28898.01350 29797.66300 29511.35600 29222.42100 30124.07450 29837.76750 29548.83250 29189.26450 28900.61500 28609.35000 29513.67200 29225.02250 28933.75750 29840.08350 29551.43400 29260.16900 28902.90700 28611.92950 28318.34750 29227.31450 28936.33700 28642.75500 29553.72600 29262.74850 28969.16650
29512.17700 29223.52750 28932.26250 29839.18650 29550.53700 29259.27200 30168.18600 29879.53650 29588.27150 29225.81950 28934.84200 28641.26000 29552.82900 29261.85150 28968.26950 29881.82850 29590.85100 29297.26900 28937.11100 28643.81950 28347.93350 29264.12050 28970.82900 28674.94300 29593.12000 29299.82850 29003.94250
29551.35300 29260.37550 28966.79350 29880.94850 29589.97100 29296.38900 30212.51800 29921.54050 29627.95850 29262.64450 28969.35300 28673.46700 29592.24000 29298.94850 29003.06250 29923.80950 29630.51800 29334.63200 28971.59800 28676.00600 28377.83100 29301.19350 29005.60150 28707.42650 29632.76300 29337.17100 29038.99600
29590.78150 29297.49000 29001.60400 29922.94650 29629.65500 29333.76900 30257.06900 29963.77750 29667.89150 29299.73500 29004.14300 28705.96800 29631.90000 29336.30800 29038.13300 29966.02250 29670.43050 29372.25550 29006.36600 28708.48750 28408.03800 29338.53100 29040.65250 28740.20300 29672.65350 29374.77500 29074.32550
29630.45950 29334.86750 29036.69250 29965.17600 29669.58400 29371.40900 30301.83500 30006.24300 29708.06800 29337.09050 29039.21200 28738.76250 29671.80700 29373.92850 29073.47900 30008.46600 29710.58750 29410.13800 29041.41250 28741.26250 28438.55250 29376.12900 29075.97900 28773.26900 29712.78800 29412.63800 29109.92800
29670.38450 29372.50600 29072.05650 30007.63600 29709.75750 29409.30800 30346.81350 30048.93500 29748.48550 29374.70650 29074.55650 28771.84650 29711.95800 29411.80800 29109.09800 30051.13550 29750.98550 29448.27550 29076.73550 28774.32650 28469.37150 29413.98700 29111.57800 28806.62300 29753.16450 29450.75550 29145.80050
29710.55250 29410.40250 29107.69250 30050.32100 29750.17100 29447.46100 30391.99950 30091.84950 29789.13950 29412.58150 29110.17250 28805.21750 29752.35000 29449.94100 29144.98600 30094.02850 29791.61950 29486.66450 29112.33100 28807.67950 28500.49300 29452.09950 29147.44800 28840.26150 29793.77800 29489.12650 29181.94000
29750.96150 29448.55250 29143.59750 30093.23000 29790.82100 29485.86600 30437.39150 30134.98250 29830.02750 29450.71100 29146.05950 28838.87300 29792.97950 29488.32800 29181.14150 30137.14100 29832.48950 29525.30300 29148.19650 28841.31650 28531.91400 29490.46500 29183.58500 28874.18250 29834.62650 29527.74650 29218.34400
29791.60750 29486.95600 29179.76950 30136.35850 29831.70700 29524.52050 30482.98500 30178.33350 29871.14700 29489.09300 29182.21300 28872.81050 29833.84400 29526.96400 29217.56150 30180.47050 29873.59050 29564.18800 29184.32950 28875.23600 28563.63250 29529.08050 29219.98700 28908.38350 29875.70700 29566.61350 29255.01000
29832.48850 29525.60850 29216.20600 30179.70350 29872.82350 29563.42100 30528.77750 30221.89750 29912.49500 29527.72500 29218.63150 28907.02800 29874.94000 29565.84650 29254.24300 30224.01400 29914.92050 29603.31700 29220.72800 28909.43550 28595.64700 29567.94300 29256.65050 28942.86200 29917.01700 29605.72450 29291.93600
29873.60050 29564.50700 29252.90350 30223.26100 29914.16750 29602.56400 30574.76450 30265.67100 29954.06750 29566.60350 29255.31100 28941.52250 29916.26400 29604.97150 29291.18300 30267.76750 29956.47500 29642.68650 29257.38850 28943.91250 28627.95350 29607.04900 29293.57300 28977.61400 29958.55250 29645.07650 29329.11750
29914.94050 29603.64800 29289.85950 30267.02950 29955.73700 29641.94850 30620.94350 30309.65100 29995.86250 29605.72550 29292.24950 28976.29050 29957.81450 29644.33850 29328.37950 30311.72850 29998.25250 29682.29350 29294.30700 28978.66300 28660.54900 29646.39600 29330.75200 29012.63800 30000.31000 29684.66600 29366.55200
29956.50700 29643.03100 29327.07200 30311.00500 29997.52900 29681.57000 30667.31000 30353.83400 30037.87500 29645.08850 29329.44450 29011.33050 29999.58650 29683.94250 29365.82850 30355.89150 30040.24750 29722.13350 29331.48350 29013.68650 28693.43350 29685.98150 29368.18450 29047.93150 30042.28650 29724.48950 29404.23650
29998.29400 29682.65000 29364.53600 30355.18300 30039.53900 29721.42500 30713.86150 30398.21750 30080.10350 29684.68900 29366.89200 29046.63900 30041.57800 29723.78100 29403.52800 30400.25650 30082.45950 29762.20650 29368.91300 29048.97850 28726.60150 29725.80200 29405.86750 29083.49050 30084.48050 29764.54600 29442.16900
30040.30050 29722.50350 29402.25050 30399.56150 30081.76450 29761.51150 30760.59400 30442.79700 30122.54400 29724.52450 29404.59000 29082.21300 30083.78550 29763.85100 29441.47400 30444.81800 30124.88350 29802.50650 29406.59250 29084.53700 28760.05250 29765.85350 29443.79800 29119.31350 30126.88600 29804.83050 29480.34600
30082.52300 29762.58850 29440.21150 30444.13700 30124.20250 29801.82550 30807.50450 30487.57000 30165.19300 29764.59100 29442.53550 29118.05100 30126.20500 29804.14950 29479.66500 30489.57250 30167.51700 29843.03250 29444.52000 29120.35900 28793.78300 29806.13400 29481.97300 29155.39700 30169.50150 29845.34050 29518.76450
30124.95750 29802.90200 29478.41750 30488.90550 30166.85000 29842.36550 30854.58850 30532.53300 30208.04850 29804.88650 29480.72550 29154.14950 30168.83450 29844.67350 29518.09750 30534.51750 30210.35650 29883.78050 29482.69250 29156.44200 28827.79050 29846.64050 29520.39000 29191.73850 30212.32350 29886.07300 29557.42150
30167.60150 29843.44050 29516.86450 30533.86400 30209.70300 29883.12700 30901.84250 30577.68150 30251.10550 29845.40750 29519.15700 29190.50550 30211.67000 29885.41950 29556.76800 30579.64850 30253.39800 29924.74650 29521.10700 29192.78300 28862.07250 29887.36950 29559.04550 29228.33500 30255.34800 29927.02400 29596.31350
30210.45100 29884.20050 29555.54900 30579.00850 30252.75800 29924.10650 30949.26400 30623.01350 30294.36200 29886.15050 29557.82650 29227.11600 30254.70800 29926.38400 29595.67350 30624.96350 30296.63950 29965.92900 29559.75950 29229.37800 28896.62550 29928.31700 29597.93550 29265.18300 30298.57250 29968.19100 29635.43850
30253.50350 29925.17950 29594.46900 30624.33650 30296.01250 29965.30200 30996.84850 30668.52450 30337.81400 29927.11250 29596.73100 29263.97850 30297.94550 29967.56400 29634.81150 30670.45750 30340.07600 30007.32350 29598.64800 29266.22600 28931.44800 29969.48100 29637.05900 29302.28100 30341.99300 30009.57100 29674.79300
30296.75500 29966.37350 29633.62100 30669.84350 30339.46200 30006.70950 31044.59200 30714.21050 30381.45800 29968.29050 29635.86850 29301.09050 30341.37900 30008.95700 29674.17900 30716.12750 30383.70550 30048.92750 29637.76950 29303.32350 28966.53650 30010.85800 29676.41200 29339.62500 30385.60650 30051.16050 29714.37350
30340.20200 30007.78000 29673.00200 30715.52650 30383.10450 30048.32650 31092.49100 30760.06900 30425.29100 30009.68100 29675.23500 29338.44800 30385.00550 30050.55950 29713.77250 30761.97000 30427.52400 30090.73700 29677.12000 29340.66700 29001.88750 30052.44450 29715.99150 29377.21200 30429.40900 30092.95600 29754.17650
30383.84200 30049.39600 29712.60900 30761.38200 30426.93600 30090.14900 31140.54250 30806.09650 30469.30950 30051.28100 29714.82800 29376.04850 30428.82100 30092.36800 29753.58850 30807.98150 30471.52850 30132.74900 29716.69700 29378.25350 29037.50000 30094.23700 29755.79350 29415.04000 30473.39750 30134.95400 29794.20050
30427.67100 30091.21800 29752.43850 30807.40550 30470.95250 30132.17300 31188.74200 30852.28900 30513.50950 30093.08700 29754.64350 29413.89000 30472.82150 30134.37800 29793.62450 30854.15800 30515.71450 30174.96100 29756.49800 29416.08150 29073.36950 30136.23250 29795.81600 29453.10400 30517.56900 30177.15250 29834.44050
30471.68500 30133.24150 29792.48800 30853.59500 30515.15150 30174.39800 31237.08600 30898.64250 30557.88900 30135.09600 29794.67950 29451.96750 30517.00600 30176.58950 29833.87750 30900.49700 30560.08050 30217.36850 29796.51850 29454.14600 29109.49400 30178.42850 29836.05600 29491.40400 30561.91950 30219.54700 29874.89500
30515.88200 30175.46550 29832.75350 30899.94550 30559.52900 30216.81700 31285.57050 30945.15400 30602.44200 30177.30450 29834.93200 29490.28000 30561.36800 30218.99550 29874.34350 30946.99300 30604.62050 30259.96850 29836.75650 29492.44500 29145.87050 30220.82000 29876.50850 29529.93400 30606.44500 30262.13350 29915.55900
30560.25700 30217.88450 29873.23250 30946.45350 30604.08100 30259.42900 31334.19150 30991.81900 30647.16700 30219.70900 29875.39750 29528.82300 30605.90550 30261.59400 29915.01950 30993.64350 30649.33200 30302.75750 29877.20750 29530.97500 29182.49550 30263.40400 29917.17150 29568.69200 30651.14200 30304.90950 29956.43000
30604.80700 30260.49550 29913.92100 30993.11600 30648.80450 30302.23000 31382.94600 31038.63450 30692.06000 30262.30550 29916.07300 29567.59350 30650.61450 30304.38200 29955.90250 31040.44450 30694.21200 30345.73250 29917.86900 29569.73300 29219.36600 30306.17800 29958.04200 29607.67500 30696.00800 30347.87200 29997.50500
30649.52850 30303.29600 29954.81650 31039.92900 30693.69650 30345.21700 31431.82900 31085.59650 30737.11700 30305.09200 29956.95600 29606.58900 30695.49250 30347.35650 29996.98950 31087.39250 30739.25650 30388.88950 29958.73750 29608.71600 29256.48050 30349.13800 29999.11650 29646.88100 30741.03800 30391.01650 30038.78100
30694.41850 30346.28250 29995.91550 31086.88850 30738.75250 30388.38550 31480.83700 31132.70100 30782.33400 30348.06400 29998.04250 29645.80700 30740.53400 30390.51250 30038.27700 31134.48250 30784.46100 30432.22550 29999.81100 29647.92100 29293.83450 30392.28100 30040.39100 29686.30450 30786.22950 30434.33950 30080.25300
30739.47200 30389.45050 30037.21500 31133.99000 30783.96850 30431.73300 31529.96600 31179.94450 30827.70900 30391.21900 30039.32900 29685.24250 30785.73700 30433.84700 30079.76050 31181.71300 30829.82300 30475.73650 30041.08450 29687.34500 29331.42500 30435.60250 30081.86300 29725.94300 30831.57850 30477.83900 30121.91900
30784.68650 30432.79650 30078.71000 31181.23100 30829.34100 30475.25450 31579.21250 31227.32250 30873.23600 30434.55200 30080.81250 29724.89250 30831.09650 30477.35700 30121.43700 31229.07800 30875.33850 30519.41850 30082.55450 29726.98350 29369.24900 30479.09900 30123.52800 29765.79350 30877.08050 30521.50950 30163.77500
30830.05900 30476.31950 30120.39950 31228.60750 30874.86800 30518.94800 31628.57200 31274.83250 30918.91250 30478.06150 30122.49050 29764.75600 30876.61000 30521.03900 30163.30450 31276.57450 30921.00350 30563.26900 30124.21900 29766.83500 29407.30500 30522.76750 30165.38350 29805.85350 30922.73200 30565.34800 30205.81800
30875.58350 30520.01250 30162.27800 31276.11550 30920.54450 30562.81000 31678.04100 31322.47000 30964.73550 30521.74100 30164.35700 29804.82700 30922.27300 30564.88900 30205.35900 31324.19850 30966.81450 30607.28450 30166.07350 29806.89500 29445.58750 30566.60550 30207.42700 29846.11950 30968.53100 30609.35250 30248.04500
30921.25800 30563.87400 30204.34400 31323.75000 30966.36600 30606.83600 31727.61400 31370.23000 31010.70000 30565.59050 30206.41200 29845.10450 30968.08250 30608.90400 30247.59650 31371.94650 31012.76800 30651.46050 30208.11600 29847.16100 29484.09550 30610.60800 30249.65300 29886.58750 31014.47200 30653.51700 30290.45150
30967.07850 30607.90000 30246.59250 31371.50850 31012.33000 30651.02250 31777.28900 31418.11050 31056.80300 30609.60400 30248.64900 29885.58350 31014.03400 30653.07900 30290.01350 31419.81450 31058.85950 30695.79400 30250.34100 29887.62900 29522.82350 30654.77100 30292.05900 29927.25350 31060.55150 30697.83950 30333.03400
31013.04150 30652.08650 30289.02100 31419.38700 31058.43200 30695.36650 31827.06050 31466.10550 31103.04000 30653.77850 30291.06650 29926.26100 31060.12400 30697.41200 30332.60650 31467.79750 31105.08550 30740.28000 30292.74650 29928.29600 29561.77100 30699.09200 30334.64150 29968.11650 31106.76550 30742.31500 30375.79000
31059.14250 30696.43050 30331.62500 31467.38050 31104.66850 30739.86300 31876.92450 31514.21250 31149.40700 30698.11050 30333.66000 29967.13500 31106.34850 30741.89800 30375.37300 31515.89250 31151.44200 30784.91700 30335.32850 29969.15900 29600.93200 30743.56650 30377.39700 30009.17000 31153.11050 30786.94100 30418.71400
31105.37800 30740.92750 30374.40250 31515.48600 31151.03550 30784.51050 31926.87750 31562.42700 31195.90200 30742.59600 30376.42650 30008.19950 31152.70400 30786.53450 30418.30750 31564.09550 31197.92600 30829.69900 30378.08300 30010.21350 29640.30550 30788.19100 30420.32150 30050.41350 31199.58250 30831.71300 30461.80500
31151.74400 30785.57450 30417.34750 31563.69900 31197.52950 30829.30250 31976.91500 31610.74550 31242.51850 30787.23100 30419.36150 30049.45350 31199.18600 30831.31650 30461.40850 31612.40200 31244.53250 30874.62450 30421.00700 30051.45700 29679.88700 30832.96200 30463.41200 30091.84200 31246.17800 30876.62800 30505.05800
31198.23650 30830.36700 30460.45900 31612.01500 31244.14550 30874.23750 32027.03150 31659.16200 31289.25400 30832.01250 30462.46250 30090.89250 31245.79100 30876.24100 30504.67100 31660.80750 31291.25750 30919.68750 30464.09700 30092.88600 29719.67350 30877.87550 30506.66450 30133.45200 31292.89200 30921.68100 30548.46850
31244.85200 30875.30200 30503.73200 31660.43100 31290.88100 30919.31100 32077.22450 31707.67450 31336.10450 30876.93650 30505.72550 30132.51300 31292.51550 30921.30450 30548.09200 31709.30900 31338.09800 30964.88550 30507.34850 30134.49700 29759.66150 30922.92750 30550.07600 30175.24050 31339.72100 30966.86950 30592.03400
31291.58700 30920.37600 30547.16350 31708.94250 31337.73150 30964.51900 32127.48950 31756.27850 31383.06600 30921.99900 30549.14750 30174.31200 31339.35450 30966.50300 30591.66750 31757.90150 31385.05000 31010.21450 30550.75950 30176.28600 29799.84800 30968.11500 30593.64150 30217.20350 31386.66200 31012.18850 30635.75050
31338.43600 30965.58450 30590.74900 31757.54450 31384.69300 31009.85750 32177.82100 31804.96950 31430.13400 30967.19650 30592.72300 30216.28500 31386.30500 31011.83150 30635.39350 31806.58150 31432.10800 31055.67000 30594.32500 30218.25000 29840.22900 31013.43350 30637.35850 30259.33750 31433.71000 31057.63500 30679.61400
31385.39650 31010.92300 30634.48500 31806.23400 31431.76050 31055.32250 32228.21650 31853.74300 31477.30500 31012.52500 30636.45000 30258.42900 31433.36250 31057.28750 30679.26650 31855.34500 31479.27000 31101.24900 30638.04150 30260.38500 29880.80200 31058.87900 30681.22250 30301.63950 31480.86150 31103.20500 30723.62200
31432.46450 31056.38950 30678.36850 31855.00700 31478.93200 31100.91100 32278.67050 31902.59550 31524.57450 31057.98100 30680.32450 30300.74150 31480.52350 31102.86700 30723.28400 31904.18700 31526.53050 31146.94750 30681.90550 30302.68800 29921.56350 31104.44800 30725.23050 30344.10600 31528.11150 31148.89400 30767.76950
31479.63500 31101.97850 30722.39550 31903.85800 31526.20150 31146.61850 32329.17850 31951.52200 31571.93900 31103.55950 30724.34200 30343.21750 31527.78250 31148.56500 30767.44050 31953.10300 31573.88550 31192.76100 30725.91300 30345.15450 29962.50850 31150.13600 30769.37750 30386.73150 31575.45650 31194.69800 30812.05200
31526.90400 31147.68650 30766.56200 31952.78350 31573.56600 31192.44150 32379.73600 32000.51850 31619.39400 31149.25750 30768.49900 30385.85300 31575.13700 31194.37850 30811.73250 32002.08950 31621.33100 31238.68500 30770.06050 30387.78200 30003.63500 31195.94000 30813.66150 30429.51450 31622.89250 31240.61400 30856.46700
31574.26750 31193.50900 30810.86300 32001.77950 31621.02100 31238.37500 32430.33950 32049.58100 31666.93500 31195.07050 30812.79200 30428.64500 31622.58250 31240.30400 30856.15700 32051.14250 31668.86400 31284.71700 30814.34400 30430.56500 30044.93850 31241.85600 30858.07700 30472.45050 31670.41600 31286.63700 30901.01050
31621.72250 31239.44400 30855.29700 32050.84100 31668.56250 31284.41550 32480.98400 32098.70550 31714.55850 31240.99600 30857.21700 30471.59050 31670.11450 31286.33550 30900.70900 32100.25750 31716.47850 31330.85200 30858.76000 30473.50200 30086.41700 31287.87850 30902.62050 30515.53550 31718.02150 31332.76350 30945.67850
31669.26450 31285.48550 30899.85900 32099.96500 31716.18600 31330.55950 32531.66550 32147.88650 31762.26000 31287.02850 30901.77050 30514.68550 31717.72900 31332.47100 30945.38600 32149.42950 31764.17150 31377.08650 30903.30450 30516.58900 30128.06550 31334.00500 30947.28950 30558.76600 31765.70550 31378.99000 30990.46650
31716.88800 31331.63000 30944.54500 32149.14550 31763.88750 31376.80250 32582.37850 32197.12050 31810.03550 31333.16400 30946.44850 30557.92500 31765.42150 31378.70600 30990.18250 32198.65450 31811.93900 31423.41550 30947.97250 30559.82000 30169.88050 31380.23000 30992.07750 30602.13800 31813.46300 31425.31050 31035.37100
31764.58950 31377.87400 30989.35050 32198.37950 31811.66400 31423.14050 32633.11900 32246.40350 31857.88000 31379.39800 30991.24550 30601.30600 31813.18800 31425.03550 31035.09600 32247.92750 31859.77500 31469.83550 30992.76100 30603.19350 30211.85850 31426.55100 31036.98350 30645.64850 31861.29050 31471.72300 31080.38800
31812.36500 31424.21250 31034.27300 32247.66100 31859.50850 31469.56900 32683.88200 32295.72950 31905.79000 31425.72800 31036.16050 30644.82550 31861.02400 31471.45650 31080.12150 32297.24500 31907.67750 31516.34250 31037.66700 30646.70500 30253.99700 31472.96300 31082.00100 30689.29300 31909.18400 31518.22200 31125.51400
31860.21000 31470.64250 31079.30750 32296.98650 31907.41900 31516.08400 32734.66350 32345.09600 31953.76100 31472.14900 31081.18700 30688.47900 31908.92550 31517.96350 31125.25550 32346.60250 31955.64050 31562.93250 31082.68550 30690.35050 30296.29050 31519.46200 31127.12700 30733.06700 31957.13900 31564.80400 31170.74400
31908.12050 31517.15850 31124.45050 32346.35250 31955.39050 31562.68250 32785.45900 32394.49700 32001.78900 31518.65700 31126.32200 30732.26200 31956.88900 31564.55400 31170.49400 32395.99550 32003.66050 31609.60050 31127.81200 30734.12600 30338.73600 31566.04400 31172.35800 30776.96800 32005.15050 31611.46450 31216.07450
31956.09250 31563.75750 31169.69750 32395.75400 32003.41900 31609.35900 32836.26350 32443.92850 32049.86850 31565.24750 31171.56150 30776.17150 32004.90900 31611.22300 31215.83300 32445.41850 32051.73250 31656.34250 31173.04350 30778.02850 30381.33000 31612.70500 31217.69000 30820.99150 32053.21450 31658.19950 31261.50100
32004.12050 31610.43450 31215.04450 32445.18500 32051.49900 31656.10900 32887.07250 32493.38650 32097.99650 31611.91650 31216.90150 30820.20300 32052.98100 31657.96600 31261.26750 32494.86850 32099.85350 31703.15500 31218.37500 30822.05250 30424.06850 31659.43950 31263.11700 30865.13300 32101.32700 31705.00450 31307.02050
32052.20150 31657.18650 31260.48800 32494.64250 32099.62750 31702.92900 32937.88100 32542.86600 32146.16750 31658.66000 31262.33750 30864.35350 32101.10100 31704.77850 31306.79450 32544.33950 32148.01700 31750.03300 31263.80350 30866.19600 30466.94800 31706.24450 31308.63700 30909.38900 32149.48300 31751.87550 31352.62750
32100.33000 31704.00750 31306.02350 32544.12200 32147.79950 31749.81550 32988.68450 32592.36200 32194.37800 31705.47350 31307.86600 30908.61800 32149.26550 31751.65800 31352.41000 32593.82800 32196.22050 31796.97250 31309.32400 30910.45300 30509.96350 31753.11600 31354.24500 30953.75550 32197.67850 31798.80750 31398.31800
32148.50250 31750.89500 31351.64700 32593.61800 32196.01050 31796.76250 33039.47800 32641.87050 32242.62250 31752.35300 31353.48200 30952.99250 32197.46850 31798.59750 31398.10800 32643.32850 32244.45750 31843.96800 31354.93300 30954.82200 30553.11350 31800.04850 31399.93750 30998.22900 32245.90850 31845.79750 31444.08900
32196.71400 31797.84300 31397.35350 32643.12700 32244.25600 31843.76650 33090.25750 32691.38650 32290.89700 31799.29400 31399.18300 30997.47450 32245.70700 31845.59600 31443.88750 32692.83750 32292.72650 31891.01800 31400.62600 30999.29650 30596.39200 31847.03900 31445.70950 31042.80500 32294.16950 31892.84000 31489.93550
32244.96050 31844.84950 31443.14100 32692.64350 32292.53250 31890.82400 33141.01750 32740.90650 32339.19800 31846.29250 31444.96300 31042.05850 32293.97550 31892.64600 31489.74150 32742.34950 32341.02000 31938.11550 31446.39900 31043.87400 30639.79650 31894.08200 31491.55700 31087.47950 32342.45600 31939.93100 31535.85350
32293.23650 31891.90700 31489.00250 32742.16250 32340.83300 31937.92850 33191.75300 32790.42350 32387.51900 31893.34300 31490.81800 31086.74050 32342.26900 31939.74400 31535.66650 32791.85950 32389.33450 31985.25700 31492.24700 31088.55000 30683.32150 31941.17300 31537.47600 31132.24750 32390.76350 31987.06650 31581.83800
32341.53850 31939.01350 31534.93600 32791.68050 32389.15550 31985.07800 33242.46000 32839.93500 32435.85750 31940.44250 31536.74550 31131.51700 32390.58450 31986.88750 31581.65900 32841.36400 32437.66700 32032.43850 31538.16700 31133.32000 30726.96450 31988.30900 31583.46200 31177.10650 32439.08850 32034.24150 31627.88600
32389.86100 31986.16400 31580.93550 32841.19150 32437.49450 32032.26600 33293.13200 32889.43500 32484.20650 31987.58550 31582.73850 31176.38300 32438.91600 32034.06900 31627.71350 32890.85650 32486.00950 32079.65400 31584.15350 31178.18000 30770.72000 32035.48400 31629.51050 31222.05050 32487.42450 32081.45100 31673.99100
32438.20100 32033.35400 31626.99850 32890.69200 32485.84500 32079.48950 33343.76650 32938.91950 32532.56400 32034.76900 31628.79550 31221.33550 32487.26000 32081.28650 31673.82650 32940.33450 32534.36100 32126.90100 31630.20350 31223.12650 30814.58650 32082.69450 31675.61750 31267.07750 32535.76900 32128.69200 31720.15200
32486.55200 32080.57850 31673.11850 32940.17650 32534.20300 32126.74300 33394.35650 32988.38300 32580.92300 32081.98650 31674.90950 31266.36950 32535.61100 32128.53400 31719.99400 32989.79100 32582.71400 32174.17400 31676.31150 31268.15450 30858.55700 32129.93600 31721.77900 31312.18150 32584.11600 32175.95900 31766.36150
32534.91050 32127.83350 31719.29350 32989.64000 32582.56300 32174.02300 33444.89750 33037.82050 32629.28050 32129.23550 31721.07850 31311.48100 32583.96500 32175.80800 31766.21050 33039.22250 32631.06550 32221.46800 31722.47350 31313.26000 30902.62900 32177.20300 31767.98950 31357.35850 32632.46050 32223.24700 31812.61600
32583.27250 32175.11550 31765.51800 33039.07900 32630.92200 32221.32450 33495.38550 33087.22850 32677.63100 32176.51050 31767.29700 31356.66600 32632.31700 32223.10350 31812.47250 33088.62350 32679.41000 32268.77900        nan        nan        nan        nan        nan        nan        nan        nan        nan
