       nan        nan        nan        nan        nan        nan        nan        nan        nan 35486.45600        nan        nan        nan        nan        nan        nan        nan        nan 35483.44600 35440.30400        nan        nan        nan        nan        nan        nan        nan
35489.60450        nan        nan 35526.37200        nan        nan        nan        nan        nan 35486.59450 35443.45250        nan 35523.36200 35480.22000        nan        nan        nan        nan 35480.57100 35437.04450 35401.27950 35517.33850 35473.81200 35438.04700        nan        nan        nan
35492.90000 35449.75800        nan 35530.18500 35487.04300        nan 35560.99700 35517.85500        nan 35486.87650 35443.35000 35407.58500 35524.16150 35480.63500 35444.87000 35554.97350 35511.44700 35475.68200 35477.83200 35433.72750 35396.93750 35515.11700 35471.01250 35434.22250 35545.92900 35501.82450 35465.03450
35496.35300 35452.82650 35417.06150 35534.41700 35490.89050 35455.12550 35566.56400 35523.03750 35487.27250 35487.30850 35443.20400 35406.41400 35525.37250 35481.26800 35444.47800 35557.51950 35513.41500 35476.62500 35475.23250 35430.35700 35392.25250 35513.29650 35468.42100 35430.31650 35545.44350 35500.56800 35462.46350
35499.97800 35455.87350 35419.08350 35539.07750 35494.97300 35458.18300 35572.90550 35528.80100 35492.01100 35487.90200 35443.02650 35404.92200 35527.00150 35482.12600 35444.02150 35560.82950 35515.95400 35477.84950 35472.78350 35426.94500 35387.27000 35511.88300 35466.04450 35426.36950 35545.71100 35499.87250 35460.19750
35503.78750 35458.91200 35420.80750 35544.17250 35499.29700 35461.19250 35579.97000 35535.09450 35496.99000 35488.66900 35442.83050 35403.15550 35529.05400 35483.21550 35443.54050 35564.85150 35519.01300 35479.33800 35470.49150 35423.50450 35382.04050 35510.87650 35463.88950 35422.42550 35546.67400 35499.68700 35458.22300
35507.79800 35461.95950 35422.28450 35549.70300 35503.86450 35464.18950 35587.70450 35541.86600 35502.19100 35489.62050 35442.63350 35401.16950 35531.52550 35484.53850 35443.07450 35569.52700 35522.54000 35481.07600 35468.37100 35420.05600 35376.61550 35510.27600 35461.96100 35418.52050 35548.27750 35499.96250 35456.52200
35512.01850 35465.03150 35423.56750 35555.66150 35508.67450 35467.21050 35596.05550 35549.06850 35507.60450 35490.76900 35442.45400 35399.01350 35534.41200 35486.09700 35442.65650 35574.80600 35526.49100 35483.05050 35466.43100 35416.61850 35371.04500 35510.07400 35460.26150 35414.68800 35550.46800 35500.65550 35455.08200
35516.46050 35468.14550 35424.70500 35562.03850 35513.72350 35470.28300 35604.97700 35556.66200 35513.22150 35492.12250 35442.31000 35396.73650 35537.70050 35487.88800 35442.31450 35580.63900 35530.82650 35485.25300 35464.68250 35413.21400 35365.37400 35510.26050 35458.79200 35410.95200 35553.19900 35501.73050 35453.89050
35521.13050 35471.31800 35425.74450 35568.82000 35519.00750 35473.43400 35614.42450 35564.61200 35519.03850 35493.69050 35442.22200 35394.38200 35541.38000 35489.91150 35442.07150 35586.98450 35535.51600 35487.67600 35463.13300 35409.86350 35359.64600 35510.82250 35457.55300 35407.33550 35556.42700 35503.15750 35452.94000
35526.03500 35474.56650 35426.72650 35575.99050 35524.52200 35476.68200 35624.36050 35572.89200 35525.05200 35495.47750 35442.20800 35391.99050 35545.43300 35492.16350 35441.94600 35593.80300 35540.53350 35490.31600 35461.79050 35406.58600 35353.89850 35511.74600 35456.54150 35403.85400 35560.11600 35504.91150 35452.22400
35531.17650 35477.90700 35427.68950 35583.53300 35530.26350 35480.04600 35634.75000 35581.48050 35531.26300 35497.48950 35442.28500 35389.59750 35549.84600 35494.64150 35441.95400 35601.06300 35545.85850 35493.17100 35460.66100 35403.40100 35348.16450 35513.01750 35455.75750 35400.52100 35564.23450 35506.97450 35451.73800
35536.55750 35481.35300 35428.66550 35591.43250 35536.22800 35483.54050 35645.56300 35590.35850 35537.67100 35499.72900 35442.46900 35387.23250 35554.60400 35497.34400 35442.10750 35608.73450 35551.47450 35496.23800 35459.74800 35400.32500 35342.47150 35514.62300 35455.20000 35397.34650 35568.75350 35509.33050 35451.47700
35542.17750 35484.91750 35429.68100 35599.67350 35542.41350 35487.17700 35656.77300 35599.51300 35544.27650 35502.19650 35442.77350 35384.92000 35559.69250 35500.26950 35442.41600 35616.79200 35557.36900 35499.51550 35459.05500 35397.37150 35336.84500 35516.55100 35454.86750 35394.34100 35573.65050 35511.96700 35451.44050
35548.03650 35488.61350 35430.76000 35608.24050 35548.81750 35490.96400 35668.35650 35608.93350 35551.08000 35504.89500 35443.21150 35382.68500 35565.09900 35503.41550 35442.88900 35625.21500 35563.53150 35503.00500 35458.58500 35394.55350 35331.30500 35518.78900 35454.75750 35391.50900 35578.90500 35514.87350 35451.62500
35554.13400 35492.45050 35431.92400 35617.12200 35555.43850 35494.91200 35680.29350 35618.61000 35558.08350 35507.82400 35443.79250 35380.54400 35570.81200 35506.78050 35443.53200 35633.98350 35569.95200 35506.70350 35458.33850 35391.88250 35325.87000 35521.32650 35454.87050 35388.85800 35584.49800 35518.04200 35452.02950
35560.46850 35496.43700 35433.18850 35626.30650 35562.27500 35499.02650 35692.56750 35628.53600 35565.28750 35510.98300 35444.52700 35378.51450 35576.82100 35510.36500 35444.35250 35643.08200 35576.62600 35510.61350 35458.31700 35389.36850 35320.55450 35524.15500 35455.20650 35386.39250 35590.41600 35521.46750 35452.65350
35567.03850 35500.58250 35434.57000 35635.78250 35569.32650 35503.31400 35705.16100 35638.70500 35572.69250 35514.37250 35445.42400 35376.61000 35583.11650 35514.16800 35445.35400 35652.49500 35583.54650 35514.73250 35458.52200 35387.01900 35315.37300 35527.26600 35455.76300 35384.11700 35596.64450 35525.14150 35453.49550
35573.84150 35504.89300 35436.07900 35645.54100 35576.59250 35507.77850 35718.06250 35649.11400 35580.30000 35517.99100 35446.48800 35374.84200 35589.69050 35518.18750 35446.54150 35662.21200 35590.70900 35519.06300 35458.95200 35384.84100 35310.33450 35530.65150 35456.54050 35382.03400 35603.17300 35529.06200 35454.55550
35580.87650 35509.37350 35437.72750 35655.57400 35584.07100 35512.42500 35731.25900 35659.75600 35588.11000 35521.83750 35447.72650 35373.22000 35596.53500 35522.42400 35447.91750 35672.22000 35598.10900 35523.60250 35459.60800 35382.84050 35305.45000 35534.30550 35457.53800 35380.14750 35609.99050 35533.22300 35455.83250
35588.14250 35514.03150 35439.52500 35665.87300 35591.76200 35517.25550 35744.74100 35670.63000 35596.12350 35525.91300 35449.14550 35371.75500 35603.64350 35526.87600 35449.48550 35682.51150 35605.74400 35528.35350 35460.49050 35381.02450 35300.72800 35538.22100 35458.75500 35378.45850 35617.08900 35537.62300 35457.32650
35595.63600 35518.86850 35441.47800 35676.43300 35599.66550 35522.27500 35758.49850 35681.73100 35604.34050 35530.21350 35450.74750 35370.45100 35611.01050 35531.54450 35451.24800 35693.07600 35613.61000 35533.31350 35461.59700 35379.39450 35296.17400 35542.39400 35460.19150 35376.97100 35624.45950 35542.25700 35459.03650
35603.35550 35523.88950 35443.59300 35687.24600 35607.78000 35527.48350 35772.52300 35693.05700 35612.76050 35534.73900 35452.53650 35369.31600 35618.62950 35536.42700 35453.20650 35703.90650 35621.70400 35538.48350 35462.92800 35377.95600 35291.79500 35546.81850 35461.84650 35375.68550 35632.09550 35547.12350 35460.96250
35611.29950 35529.09700 35445.87650 35698.30850 35616.10600 35532.88550 35786.80750 35704.60500 35621.38450 35539.48850 35454.51650 35368.35550 35626.49750 35541.52550 35455.36450 35714.99650 35630.02450 35543.86350 35464.48450 35376.71200 35287.59600 35551.49350 35463.72100 35374.60500 35639.99250 35552.22000 35463.10400
35619.46650 35534.49450 35448.33350 35709.61350 35624.64150 35538.48050 35801.34600 35716.37400 35630.21300 35544.46250 35456.69000 35367.57400 35634.60950 35546.83700 35457.72100 35726.34200 35638.56950 35549.45350 35466.26350 35375.66500 35283.58150 35556.41050 35465.81200 35373.72850 35648.14300 35557.54450 35465.46100
35627.85600 35540.08350 35450.96750 35721.15950 35633.38700 35544.27100 35816.13250 35728.36000 35639.24400 35549.65700 35459.05850 35366.97500 35642.96050 35552.36200 35460.27850 35737.93350 35647.33500 35555.25150 35468.26600 35374.81700 35279.75550 35561.56950 35468.12050 35373.05900 35656.54250 35563.09350 35468.03200
35636.46400 35545.86550 35453.78200 35732.94000 35642.34150 35550.25800 35831.16100 35740.56250 35648.47900 35555.07300 35461.62400 35366.56250 35651.54900 35558.10000 35463.03850 35749.77000 35656.32100 35561.25950 35470.49050 35374.17100 35276.12100 35566.96650 35470.64700 35372.59700 35665.18750 35568.86800 35470.81800
35645.29100 35551.84200 35456.78050 35744.95200 35651.50300 35556.44150 35846.42800 35752.97900 35657.91750 35560.70850 35464.38900 35366.33900 35660.36950 35564.05000 35466.00000 35761.84550 35665.52600 35567.47600 35472.93600 35373.72750 35272.68100 35572.59700 35473.38850 35372.34200 35674.07300 35574.86450 35473.81800
35654.33500 35558.01550 35459.96550 35757.19300 35660.87350 35562.82350 35861.92750 35765.60800 35667.55800 35566.56250 35467.35400 35366.30750 35669.42050 35570.21200 35469.16550 35774.15500 35674.94650 35573.90000 35475.60250 35373.48850 35269.43800 35578.46050 35476.34650 35372.29600 35683.19500 35581.08100 35477.03050
35663.59400 35564.38550 35463.33900 35769.65900 35670.45050 35569.40400 35877.65550 35778.44700 35677.40050 35572.63400 35470.52000 35366.46950 35678.69900 35576.58500 35472.53450 35786.69550 35684.58150 35580.53100 35478.48900 35373.45550 35266.39500 35584.55400 35479.52050 35372.46000 35692.55050 35587.51700 35480.45650
35673.06600 35570.95200 35466.90150 35782.34600 35680.23200 35576.18150 35893.60850 35791.49450 35687.44400 35578.92100 35473.88750 35366.82700 35688.20100 35583.16750 35476.10700 35799.46350 35694.43000 35587.36950 35481.59400 35373.62750 35263.55200 35590.87400 35482.90750 35372.83200 35702.13650 35594.17000 35484.09450
35682.75150 35577.71800 35470.65750 35795.25350 35690.22000 35583.15950 35909.78350 35804.75000 35697.68950 35585.42450 35477.45800 35367.38250 35697.92650 35589.96000 35479.88450 35812.45650 35704.49000 35594.41450 35484.91750 35374.00750 35260.91250 35597.41950 35486.50950 35373.41450 35711.94950 35601.03950 35487.94450
35692.64850 35584.68200 35474.60650 35808.37800 35700.41150 35590.33600 35926.17750 35818.21100 35708.13550 35592.14150 35481.23150 35368.13650 35707.87100 35596.96100 35483.86600 35825.67050 35714.76050 35601.66550 35488.45900 35374.59550 35258.47700 35604.18850 35490.32500 35374.20650 35721.98800 35608.12450 35492.00600
35702.75400 35591.84400 35478.74900 35821.71550 35710.80550 35597.71050 35942.78500 35831.87500 35718.78000 35599.07150 35485.20800 35369.08950 35718.03300 35604.16950 35488.05100 35839.10250 35725.23900 35609.12050 35492.21600 35375.39050 35256.24600 35611.17750 35494.35200 35375.20750 35732.24700 35615.42150 35496.27700
35713.06900 35599.20550 35483.08700 35835.26650 35721.40300 35605.28450 35959.60550 35845.74200 35729.62350 35606.21350 35489.38800 35370.24350 35728.41100 35611.58550 35492.44100 35852.75000 35735.92450 35616.78000 35496.18850 35376.39450 35254.22100 35618.38600 35498.59200 35376.41850 35742.72500 35622.93100 35500.75750
35723.59050 35606.76500 35487.62050 35849.02650 35732.20100 35613.05650 35976.63450 35859.80900 35740.66450 35613.56550 35493.77150 35371.59800 35739.00150 35619.20750 35497.03400 35866.60950 35746.81550 35624.64200 35500.37650 35377.60650 35252.40300 35625.81250 35503.04250 35377.83900 35753.42050 35630.65050 35505.44700
35734.31700 35614.52300 35492.34950 35862.99350 35743.19950 35621.02600 35993.87000 35874.07600 35751.90250 35621.12800 35498.35800 35373.15450 35749.80450 35627.03450 35501.83100 35880.68100 35757.91100 35632.70750 35504.77750 35379.02750 35250.79250 35633.45400 35507.70400 35379.46900 35764.33050 35638.58050 35510.34550
35745.24850 35622.47850 35497.27500 35877.16650 35754.39650 35629.19300 36011.30950 35888.53950 35763.33600 35628.89800 35503.14800 35374.91300 35760.81600 35635.06600 35506.83100 35894.95900 35769.20900 35640.97400 35509.39100 35380.65600 35249.38950 35641.30900 35512.57400 35381.30750 35775.45200 35646.71700 35515.45050
35756.38200 35630.63200 35502.39700 35891.54200 35765.79200 35637.55700 36028.95000 35903.20000 35774.96500 35636.87500 35508.14000 35376.87350 35772.03500 35643.30000 35512.03350 35909.44300 35780.70800 35649.44150 35514.21600 35382.49250 35248.19450 35649.37600 35517.65250 35383.35450 35786.78400 35655.06050 35520.76250
35767.71750 35638.98250 35507.71600 35906.11850 35777.38350 35646.11700 36046.78900 35918.05400 35786.78750 35645.05850 35513.33500 35379.03700 35783.45950 35651.73600 35517.43800 35924.13000 35792.40650 35658.10850 35519.25250 35384.53800 35247.20900 35657.65350 35522.93900 35385.61000 35798.32400 35663.60950 35526.28050
35779.25250 35647.52900 35513.23100 35920.89400 35789.17050 35654.87250 36064.82400 35933.10050 35798.80250 35653.44650 35518.73200 35381.40300 35795.08800 35660.37350 35523.04450 35939.01800 35804.30350 35666.97450 35524.49800 35386.79050 35246.43100 35666.13950 35528.43200 35388.07250 35810.06950 35672.36200 35532.00250
35790.98650 35656.27200 35518.94300 35935.86700 35801.15250 35663.82350 36083.05300 35948.33850 35811.00950 35662.03800 35524.33050 35383.97100 35806.91850 35669.21100 35528.85150 35954.10450 35816.39700 35676.03750 35529.95300 35389.25050 35245.86250 35674.83350 35534.13100 35390.74300 35822.01950 35681.31700 35537.92900
35802.91750 35665.21000 35524.85050 35951.03550 35813.32800 35672.96850 36101.47350 35963.76600 35823.40650 35670.83250 35530.13000 35386.74200 35818.95050 35678.24800 35534.86000 35969.38850 35828.68600 35685.29800 35535.61500 35391.91750 35245.50200 35683.73300 35540.03550 35393.62000 35834.17100 35690.47350 35544.05800
35815.04500 35674.34250 35530.95450 35966.39700 35825.69450 35682.30650 36120.08350 35979.38100 35835.99300 35679.82750 35536.13000 35389.71450 35831.17950 35687.48200 35541.06650 35984.86600 35841.16850 35694.75300 35541.48400 35394.79050 35245.35100 35692.83600 35546.14250 35396.70300 35846.52250 35699.82900 35550.38950
35827.36600 35683.66850 35537.25300 35981.95000 35838.25250 35691.83700 36138.88000 35995.18250 35848.76700 35689.02250 35542.32900 35392.88950 35843.60650 35696.91300 35547.47350 36000.53650 35853.84300 35704.40350 35547.55750 35397.86950 35245.40700 35702.14150 35552.45350 35399.99100 35859.07150 35709.38350 35556.92100
35839.88000 35693.18650 35543.74700 35997.69150 35850.99800 35701.55850 36157.86100 36011.16750 35861.72800 35698.41500 35548.72700 35396.26450 35856.22650 35706.53850 35554.07600 36016.39600 35866.70800 35714.24550 35553.83600 35401.15300 35245.67100 35711.64750 35558.96450 35403.48250 35871.81700 35719.13400 35563.65200
35852.58450 35702.89650 35550.43400 36013.62100 35863.93300 35711.47050 36177.02400 36027.33600 35874.87350 35708.00550 35555.32250 35399.84050 35869.04200 35716.35900 35560.87700 36032.44500 35879.76200 35724.28000 35560.31700 35404.64100 35246.14300 35721.35350 35565.67750 35407.17950 35884.75650 35729.08050 35570.58250
35865.48050 35712.79750 35557.31550 36029.73650 35877.05350 35721.57150 36196.36800 36043.68500 35888.20300 35717.79200 35562.11600 35403.61800 35882.04800 35726.37200 35567.87400 36048.67950 35893.00350 35734.50550 35567.00050 35408.33300 35246.82250 35731.25650 35572.58900 35411.07850 35897.88800 35739.22050 35577.71000
35878.56350 35722.88750 35564.38950 36046.03550 35890.35950 35731.86150 36215.89000 36060.21400 35901.71600 35727.77200 35569.10450 35407.59400 35895.24400 35736.57650 35575.06600 36065.09850 35906.43100 35744.92050 35573.88400 35412.22750 35247.70750 35741.35600 35579.69950 35415.17950 35911.21050 35749.55400 35585.03400
35891.83300 35733.16550 35571.65500 36062.51600 35903.84850 35742.33800 36235.58700 36076.91950 35915.40900 35737.94500 35576.28850 35411.76850 35908.62800 35746.97150 35582.45150 36081.69900 35920.04250 35755.52250 35580.96650 35416.32300 35248.79850 35751.64950 35587.00600 35419.48150 35924.72050 35760.07700 35592.55250
35905.28850 35743.63200 35579.11200 36079.17650 35917.52000 35753.00000 36255.45800 36093.80150 35929.28150 35748.31000 35583.66650 35416.14200 35922.19800 35757.55450 35590.03000 36098.47950 35933.83600 35766.31150 35588.24800 35420.62150 35250.09600 35762.13600 35594.50950 35423.98400 35938.41750 35770.79100 35600.26550
35918.92700 35754.28350 35586.75900 36096.01450 35931.37100 35763.84650 36275.50000 36110.85650 35943.33200 35758.86500 35591.23850 35420.71300 35935.95250 35768.32600 35597.80050 36115.43800 35947.81150 35777.28600 35595.72600 35425.11900 35251.59750 35772.81350 35602.20650 35428.68500 35952.29900 35781.69200 35608.17050
35932.74800 35765.12150 35594.59600 36113.02900 35945.40250 35774.87700 36295.71100 36128.08450 35957.55900 35769.60900 35599.00200 35425.48050 35949.89000 35779.28300 35605.76150 36132.57200 35961.96500 35788.44350 35603.40000 35429.81600 35253.30350 35783.68100 35610.09700 35433.58450 35966.36300 35792.77900 35616.26650
35946.74850 35776.14150 35602.62000 36130.21700 35959.61000 35786.08850 36316.08900 36145.48200 35971.96050 35780.53950 35606.95550 35430.44300 35964.00800 35790.42400 35613.91150 36149.88000 35976.29600 35799.78350 35611.26750 35434.71100 35255.21250 35794.73600 35618.17950 35438.68100 35980.60800 35804.05150 35624.55300
35960.92800 35787.34400 35610.83150 36147.57700 35973.99300 35797.48050 36336.63150 36163.04750 35986.53500 35791.65600 35615.09950 35435.60100 35978.30500 35801.74850 35622.25000 36167.35950 35990.80300 35811.30450 35619.32800 35439.80300 35257.32450 35805.97700 35626.45200 35443.97350 35995.03150 35815.50650 35633.02800
35975.28450 35798.72800 35619.22950 36165.10700 35988.55050 35809.05200 36357.33650 36180.78000 36001.28150 35802.95650 35623.43150 35440.95300 35992.77900 35813.25400 35630.77550 36185.00850 36005.48350 35823.00500 35627.57950 35445.09150 35259.63800 35817.40200 35634.91400 35449.46050 36009.63150 35827.14350 35641.69000
35989.81550 35810.29050 35627.81200 36182.80500 36003.28000 35820.80150 36378.20200 36198.67700 36016.19850 35814.43850 35631.95050 35446.49700 36007.42800 35824.94000 35639.48650 36202.82500 36020.33700 35834.88350 35636.02150 35450.57400 35262.15100 35829.01100 35643.56350 35455.14050 36024.40800 35838.96050 35650.53750
36004.52000 35822.03200 35636.57850 36200.66850 36018.18050 35832.72700 36399.22400 36216.73600 36031.28250 35826.10300 35640.65550 35452.23250 36022.25150 35836.80400 35648.38100 36220.80700 36035.35950 35846.93650 35644.65150 35456.25050 35264.86550 35840.80000 35652.39900 35461.01400 36039.35550 35850.95450 35659.56950
36019.39700 35833.94950 35645.52650 36218.69700 36033.24950 35844.82650 36420.40350 36234.95600 36046.53300 35837.94550 35649.54450 35458.15950 36037.24550 35848.84450 35657.45950 36238.95200 36050.55100 35859.16600 35653.46850 35462.11900 35267.77750 35852.76850 35661.41900 35467.07750 36054.47500 35863.12550 35668.78400
36034.44200 35846.04100 35654.65600 36236.88650 36048.48550 35857.10050 36441.73450 36253.33350 36061.94850 35849.96500 35658.61550 35464.27400 36052.40950 35861.06000 35666.71850 36257.25750 36065.90800 35871.56650 35662.47050 35468.17850 35270.88700 35864.91500 35670.62300 35473.33150 36069.76300 35875.47100 35678.17950
36049.65600 35858.30650 35663.96500 36255.23500 36063.88550 35869.54400 36463.21750 36271.86800 36077.52650 35862.16150 35667.86950 35470.57800 36067.74050 35873.44850 35676.15700 36275.72300 36081.43100 35884.13950 35671.65700 35474.42900 35274.19400 35877.23600 35680.00800 35479.77300 36085.21850 35887.99050 35687.75550
36065.03600 35870.74400 35673.45250 36273.74200 36079.45000 35882.15850 36484.84850 36290.55650 36093.26500 35874.53150 35677.30350 35477.06850 36083.23750 35886.00950 35685.77450 36294.34400 36097.11600 35896.88100 35681.02550 35480.86700 35277.69600 35889.73150 35689.57300 35486.40200 36100.83800 35900.67950 35697.50850
36080.58000 35883.35200 35683.11700 36292.40450 36095.17650 35894.94150 36506.62650 36309.39850 36109.16350 35887.07400 35686.91550 35483.74450 36098.89850 35898.74000 35695.56900 36313.12050 36112.96200 35909.79100 35690.57450 35487.49200 35281.39200 35902.39900 35699.31650 35493.21650 36116.62100 35913.53850 35707.43850
36096.28600 35896.12750 35692.95650 36311.22000 36111.06150 35907.89050 36528.54750 36328.38900 36125.21800 35899.78650 35696.70400 35490.60400 36114.72050 35911.63800 35705.53800 36332.04800 36128.96550 35922.86550 35700.30200 35494.30250 35285.28100 35915.23600 35709.23650 35500.21500 36132.56350 35926.56400 35717.54250
36112.15300 35909.07050 35702.97050 36330.18700 36127.10450 35921.00450 36550.61000 36347.52750 36141.42750 35912.66850 35706.66900 35497.64750 36130.70250 35924.70300 35715.68150 36351.12550 36145.12600 35936.10450 35710.20850 35501.29850 35289.36300 35928.24250 35719.33250 35507.39700 36148.66550 35939.75550 35727.82000
36128.17750 35922.17800 35713.15650 36349.30200 36143.30250 35934.28100 36572.81200 36366.81250 36157.79100 35925.71750 35716.80750 35504.87200 36146.84200 35937.93200 35725.99650 36370.35200 36161.44200 35949.50650 35720.28950 35508.47650 35293.63400 35941.41400 35729.60100 35514.75850 36164.92400 35953.11100 35738.26850
36144.35900 35935.44900 35723.51350 36368.56450 36159.65450 35947.71900 36595.15100 36386.24100 36174.30550 35938.93100 35727.11800 35512.27550 36163.13650 35951.32350 35736.48100 36389.72300 36177.91000 35963.06750 35730.54450 35515.83550 35298.09500 35954.75000 35740.04100 35522.30050 36181.33650 35966.62750 35748.88700
36160.69350 35948.88050 35734.03800 36387.97100 36176.15800 35961.31550 36617.62300 36405.81000 36190.96750 35952.30700 35737.59800 35519.85750 36179.58450 35964.87550 35747.13500 36409.23650 36194.52750 35976.78700 35740.97100 35523.37300 35302.74300 35968.24850 35750.65050 35530.02050 36197.90050 35980.30250 35759.67250
36177.18100 35962.47200 35744.73150 36407.51950 36192.81050 35975.07000 36640.22650 36425.51750 36207.77700 35965.84500 35748.24700 35527.61700 36196.18350 35978.58550 35757.95550 36428.89050 36211.29250 35990.66250 35751.56800 35531.09050 35307.57750 35981.90650 35761.42900 35537.91600 36214.61350 35994.13600 35770.62300
36193.81850 35976.22050 35755.59050 36427.20750 36209.60950 35988.97950 36662.96000 36445.36200 36224.73200 35979.54150 35759.06400 35535.55100 36212.93050 35992.45300 35768.94000 36448.68300 36228.20550 36004.69250 35762.33400 35538.98350 35312.59750 35995.72300 35772.37250 35545.98650 36231.47550 36008.12500 35781.73900
36210.60300 35990.12550 35766.61250 36447.03300 36226.55550 36003.04250 36685.81900 36465.34150 36241.82850 35993.39550 35770.04500 35543.65900 36229.82550 36006.47500 35780.08900 36468.61150 36245.26100 36018.87500 35773.26650 35547.05150 35317.80050 36009.69650 35783.48150 35554.23050 36248.48250 36022.26750 35793.01650
36227.53400 36004.18350 35777.79750 36466.99350 36243.64300 36017.25700 36708.80250 36485.45200 36259.06600 36007.40500 35781.19000 35551.93900 36246.86450 36020.64950 35791.39850 36488.67350 36262.45850 36033.20750 35784.36300 35555.29250 35323.18550 36023.82250 35794.75200 35562.64500 36265.63150 36036.56100 35804.45400
36244.60850 36018.39350 35789.14250 36487.08700 36260.87200 36031.62100 36731.90750 36505.69250 36276.44150 36021.56650 35792.49600 35560.38900 36264.04500 36034.97450 35802.86750 36508.86550 36279.79500 36047.68800 35795.62250 35563.70400 35328.75000 36038.10100 35806.18250 35571.22850 36282.92150 36051.00300 35816.04900
36261.82350 36032.75300 35800.64600 36507.30950 36278.23900 36046.13200 36755.13000 36526.05950 36293.95250 36035.87950 35803.96100 35569.00700 36281.36550 36049.44700 35814.49300 36529.18600 36297.26750 36062.31350 35807.04300 35572.28600 35334.49450 36052.52900 35817.77200 35579.98050 36300.34950 36065.59250 35827.80100
36279.17800 36047.25950 35812.30550 36527.66050 36295.74200 36060.78800 36778.46950 36546.55100 36311.59700 36050.34150 35815.58450 35577.79300 36298.82400 36064.06700 35826.27550 36549.63300 36314.87600 36077.08450 35818.62200 35581.03550 35340.41500 36067.10450 35829.51800 35588.89750 36317.91350 36080.32700 35839.70650
36296.66850 36061.91150 35824.12000 36548.13650 36313.37950 36075.58800 36801.92200 36567.16500 36329.37350 36064.94900 35827.36250 35586.74200 36316.41700 36078.83050 35838.21000 36570.20250 36332.61600 36091.99550 35830.35750 35589.95050 35346.51100 36081.82550 35841.41850 35597.97900 36335.61100 36095.20400 35851.76450
36314.29400 36076.70750 35836.08700 36568.73450 36331.14800 36090.52750 36825.48500 36587.89850 36347.27800 36079.70250 35839.29550 35595.85600 36334.14300 36093.73600 35850.29650 36590.89350 36350.48650 36107.04700 35842.24850 35599.03000 35352.78100 36096.68900 35853.47050 35607.22150 36353.43950 36110.22100 35863.97200
36332.05150 36091.64450 35848.20500 36589.45300 36349.04600 36105.60650 36849.15600 36608.74900 36365.30950 36094.59750 35851.37900 35605.13000 36351.99900 36108.78050 35862.53150 36611.70200 36368.48350 36122.23450 35854.29100 35608.27100 35359.22300 36111.69250 35865.67250 35616.62450 36371.39550 36125.37550 35876.32750
36349.93800 36106.71950 35860.47050 36610.28950 36367.07100 36120.82200 36872.93200 36629.71350 36383.46450 36109.63150 35863.61150 35614.56350 36369.98300 36123.96300 35874.91500 36632.62550 36386.60550 36137.55750 35866.48450 35617.67200 35365.83450 36126.83600 35878.02350 35626.18600 36389.47850 36140.66600 35888.82850
36367.95100 36121.93100 35872.88300 36631.23900 36385.21900 36136.17100 36896.80950 36650.78950 36401.74150 36124.80400 35875.99150 35624.15400 36388.09200 36139.27950 35887.44200 36653.66250 36404.85000 36153.01250 35878.82550 35627.23050 35372.61350 36142.11350 35890.51850 35635.90150 36407.68400 36156.08900 35901.47200
36386.09000 36137.27750 35885.44000 36652.30250 36403.49000 36151.65250 36920.78650 36671.97400 36420.13650 36140.11150 35888.51650 35633.89950 36406.32400 36154.72900 35900.11200 36674.80800 36423.21300 36168.59600 35891.31400 35636.94600 35379.56050 36157.52650 35903.15850 35645.77300 36426.01050 36171.64250 35914.25700
36404.35000 36152.75500 35898.13800 36673.47400 36421.87900 36167.26200 36944.86000 36693.26500 36438.64800 36155.55250 35901.18450 35643.79900 36424.67650 36170.30850 35912.92300 36696.06250 36441.69450 36184.30900 35903.94500 35646.81500 35386.67050 36173.06900 35915.93900 35655.79450 36444.45500 36187.32500 35927.18050
36422.73050 36168.36250 35910.97700 36694.75350 36440.38550 36183.00000 36969.02750 36714.65950 36457.27400 36171.12300 35913.99300 35653.84850 36443.14600 36186.01600 35925.87150 36717.42000 36460.29000 36200.14550 35916.71800 35656.83600 35393.94350 36188.74100 35928.85900 35665.96650 36463.01500 36203.13300 35940.24050
36441.22650 36184.09650 35923.95200 36716.13550 36459.00550 36198.86100 36993.28500 36736.15500 36476.01050 36186.82150 35926.93950 35664.04700 36461.73050 36201.84850 35938.95600 36738.88000 36478.99800 36216.10550 35929.62950 35667.00600 35401.37650 36204.53850 35941.91500 35676.28550 36481.68800 36219.06450 35953.43500
36459.83800 36199.95600 35937.06350 36737.61950 36477.73750 36214.84500 37017.63050 36757.74850 36494.85600 36202.64600 35940.02250 35674.39300 36480.42750 36217.80400 35952.17450 36760.43850 36497.81500 36232.18550 35942.67800 35677.32400 35408.96850 36220.45950 35955.10550 35686.75000 36500.47050 36235.11650 35966.76100
36478.56100 36215.93750 35950.30800 36759.20150 36496.57800 36230.94850 37042.06000 36779.43650 36513.80700 36218.59300 35953.23900 35684.88350 36499.23350 36233.87950 35965.52400 36782.09200 36516.73800 36248.38250 35955.86200 35687.78750 35416.71650 36236.50250 35968.42800 35697.35700 36519.36100 36251.28650 35980.21550
36497.39250 36232.03850 35963.68300 36780.87800 36515.52400 36247.16850 37066.57100 36801.21700 36532.86150 36234.66150 35966.58700 35695.51600 36518.14700 36250.07250 35979.00150 36803.84000 36535.76550 36264.69450 35969.17750 35698.39400 35424.61900 36252.66300 35981.87950 35708.10450 36538.35600 36267.57250 35993.79750
36516.33100 36248.25650 35977.18550 36802.64850 36534.57400 36263.50300 37091.16100 36823.08650 36552.01550 36250.84700 35980.06350 35706.28850 36537.16450 36266.38100 35992.60600 36825.67700 36554.89350 36281.11850 35982.62200 35709.14050 35432.67350 36268.93950 35995.45800 35718.99100 36557.45200 36283.97050 36007.50350
36535.37300 36264.58950 35990.81450 36824.50850 36553.72500 36279.95000 37115.82600 36845.04250 36571.26750 36267.14800 35993.66650 35717.19950 36556.28350 36282.80200 36006.33500 36847.60100 36574.11950 36297.65250 35996.19450 35720.02600 35440.87750 36285.33000 36009.16150 35730.01300 36576.64750 36300.47900 36021.33050
36554.51550 36281.03400 36004.56700 36846.45400 36572.97250 36296.50550 37140.56300 36867.08150 36590.61450 36283.56200 36007.39350 35728.24500 36575.50050 36299.33200 36020.18350 36869.60950 36593.44100 36314.29250 36009.89150 35731.04750 35449.23000 36301.83000 36022.98600 35741.16850 36595.93900 36317.09500 36035.27750
36573.75650 36297.58800 36018.43950 36868.48400 36592.31550 36313.16700 37165.36950 36889.20100 36610.05250 36300.08600 36021.24200 35739.42450 36594.81350 36315.96950 36034.15200 36891.69900 36612.85500 36331.03750 36023.71050 35742.20250 35457.72750 36318.43800 36036.93000 35752.45500 36615.32350 36333.81550 36049.34050
36593.09200 36314.24800 36032.43050 36890.59450 36611.75050 36329.93300 37190.24150 36911.39750 36629.58000 36316.71650 36035.20850 35750.73350 36614.21900 36332.71100 36048.23600 36913.86600 36632.35800 36347.88300 36037.64800 35753.48800 35466.36800 36335.15050 36050.99050 35763.87050 36634.79750 36350.63750 36063.51750
36612.52050 36331.01250 36046.53750 36912.78200 36631.27400 36346.79900 37215.17600 36933.66800 36649.19300 36333.45200 36049.29200 35762.17200 36633.71350 36349.55350 36062.43350 36936.10750 36651.94750 36364.82750 36051.70350 35764.90400 35475.15000 36351.96500 36065.16550 35775.41150 36654.35900 36367.55950 36077.80550
36632.03700 36347.87700 36060.75700 36935.04400 36650.88400 36363.76400 37240.16950 36956.00950 36668.88950 36350.28850 36063.48900 35773.73500 36653.29550 36366.49600 36076.74200 36958.42100 36671.62150 36381.86750 36065.87250 35776.44450 35484.06950 36368.87950 36079.45150 35787.07650 36674.00500 36384.57700 36092.20200
36651.64050 36364.84100 36075.08700 36957.37650 36670.57700 36380.82300 37265.21850 36978.41900 36688.66500 36367.22450 36077.79650 35785.42150 36672.96050 36383.53250 36091.15750 36980.80250 36691.37450 36398.99950 36080.15300 35788.10900 35493.12550 36385.88900 36093.84500 35798.86150 36693.73100 36401.68700 36106.70350
36671.32750 36381.89950 36089.52450 36979.77850 36690.35050 36397.97550 37290.32100 37000.89300 36708.51800 36384.25600 36092.21200 35797.22850 36692.70700 36400.66300 36105.67950 37003.24950 36711.20550 36416.22200 36094.54200 35799.89450 35502.31500 36402.99300 36108.34550 35810.76600 36713.53550 36418.88800 36121.30850
36691.09400 36399.05000 36104.06650 37002.24400 36710.20000 36415.21650 37315.47200 37023.42800 36728.44450 36401.38000 36106.73250 35809.15300 36712.53000 36417.88250 36120.30300 37025.75800 36731.11050 36433.53100 36109.03700 35811.79800 35511.63450 36420.18700 36122.94800 35822.78450 36733.41500 36436.17600 36136.01250
36710.93850 36416.29100 36118.71150 37024.77150 36730.12400 36432.54450 37340.66850 37046.02100 36748.44150 36418.59550 36121.35650 35821.19300 36732.42850 36435.18950 36135.02600 37048.32550 36751.08650 36450.92300 36123.63550 35823.81800 35521.08400 36437.46850 36137.65100 35834.91700 36753.36550 36453.54800 36150.81400
36730.85650 36433.61750 36133.45400 37047.35750 36750.11850 36449.95500 37365.90750 37068.66850 36768.50500 36435.89650 36136.07900 35833.34500 36752.39750 36452.58000 36149.84600 37070.94750 36771.13000 36468.39600 36138.33350 35835.95000 35530.65800 36454.83450 36152.45100 35847.15900 36773.38450 36471.00100 36165.70900
36750.84600 36451.02850 36148.29450 37069.99800 36770.18050 36467.44650 37391.18550 37091.36800 36788.63400 36453.28300 36150.89950 35845.60750 36772.43500 36470.05150 36164.75950 37093.62250 36791.23900 36485.94700 36153.12950 35848.19300 35540.35700 36472.28150 36167.34500 35859.50900 36793.46900 36488.53250 36180.69650
36770.90250 36468.51900 36163.22700 37092.69100 36790.30750 36485.01550 37416.49800 37114.11450 36808.82250 36470.74900 36165.81250 35857.97650 36792.53750 36487.60100 36179.76500 37116.34450 36811.40800 36503.57200 36168.01900 35860.54250 35550.17500 36489.80750 36182.33100 35871.96350 36813.61450 36506.13800 36195.77050
36791.02350 36486.08700 36178.25100 37115.43100 36810.49450 36502.65850 37441.84250 37136.90600 36829.07000 36488.29350 36180.81700 35870.44950 36812.70100 36505.22450 36194.85700 37139.11250 36831.63600 36521.26850 36183.00050 35872.99750 35560.11150 36507.40800 36197.40500 35884.51900 36833.81950 36523.81650 36210.93050
36811.20600 36503.72950 36193.36200 37138.21550 36830.73900 36520.37150 37467.21500 37159.73850 36849.37100 36505.91300 36195.91000 35883.02400 36832.92250 36522.91950 36210.03350 37161.92200 36851.91900 36539.03300 36198.07000 35885.55350 35570.16400 36525.07950 36212.56300 35897.17350 36854.07900 36541.56250 36226.17300
36831.44650 36521.44350 36208.55750 37161.04200 36851.03900 36538.15300 37492.61150 37182.60850 36869.72250 36523.60350 36211.08700 35895.69750 36853.19900 36540.68250 36225.29300 37184.76850 36872.25200 36556.86250 36213.22450 35898.20800 35580.32750 36542.82000 36227.80350 35909.92300 36874.38950 36559.37300 36241.49250
36851.74050 36539.22400 36223.83450 37183.90550 36871.38900 36555.99950 37518.02800 37205.51150 36890.12200 36541.36150 36226.34500 35908.46450 36873.52650 36558.51000 36240.62950 37207.64900 36892.63250 36574.75200 36228.46150 35910.95900 35590.60100 36560.62650 36243.12400 35922.76600 36894.74900 36577.24650 36256.88850
36872.08600 36557.06950 36239.18900 37206.80250 36891.78600 36573.90550 37543.46150 37228.44500 36910.56450 36559.18600 36241.68350 35921.32550 36893.90250 36576.40000 36256.04200 37230.56150 36913.05900 36592.70100 36243.77750 35923.80250 35600.98200 36578.49400 36258.51900 35935.69850 36915.15300 36595.17800 36272.35750
36892.48000 36574.97750 36254.61950 37229.73150 36912.22900 36591.87100 37568.90900 37251.40650 36931.04850 36577.07150 36257.09650 35934.27600 36914.32300 36594.34800 36271.52750 37253.50050 36933.52550 36610.70500 36259.17000 35936.73550 35611.46600 36596.42150 36273.98700 35948.71750 36935.59900 36613.16450 36287.89500
36912.91750 36592.94250 36270.12200 37252.68600 36932.71100 36609.89050 37594.36450 37274.38950 36951.56900 36595.01600 36272.58150 35947.31200 36934.78450 36612.35000 36287.08050 37276.46300 36954.02850 36628.75900 36274.63450 35949.75550 35622.05150 36614.40300 36289.52400 35961.82000 36956.08150 36631.20250 36303.49850
36933.39600 36610.96150 36285.69200 37275.66450 36953.23000 36627.96050 37619.82600 37297.39150 36972.12200 36613.01450 36288.13550 35960.43150 36955.28300 36630.40400 36302.70000 37299.44450 36974.56550 36646.86150 36290.16800 35962.85900 35632.73400 36632.43650 36305.12750 35975.00250 36976.59800 36649.28900 36319.16400
36953.91100 36629.03200 36301.32800 37298.66200 36973.78300 36646.07900 37645.28850 37320.40950 36992.70550 36631.06450 36303.75550 35973.63050 36975.81550 36648.50650 36318.38150 37322.44200 36995.13300 36665.00800 36305.76800 35976.04200 35643.51150 36650.51900 36320.79300 35988.26250 36997.14550 36667.41950 36334.88900
36974.46000 36647.15100 36317.02600 37321.67500 36994.36600 36664.24100 37670.74900 37343.44000 37013.31500 36649.16350 36319.43750 35986.90700 36996.37850 36666.65250 36334.12200 37345.45250 37015.72650 36683.19600 36321.43050 35989.30300 35654.38150 36668.64550 36336.51800 36001.59650 37017.71950 36685.59200 36350.67050
36995.03900 36665.31300 36332.78250 37344.69950 37014.97350 36682.44300 37696.20300 37366.47700 37033.94650 36667.30600 36335.17850 36000.25700 37016.96650 36684.83900 36349.91750 37368.47000 37036.34250 36701.42100 36337.15300 36002.63800 35665.33950 36686.81350 36352.29850 36015.00000 37038.31700 36703.80200 36366.50350
37015.64300 36683.51550 36348.59400 37367.73200 37035.60450 36700.68300 37721.64600 37389.51850 37054.59700 36685.49000 36350.97500 36013.67650 37037.57900 36703.06400 36365.76550 37391.49300 37056.97800 36719.67950 36352.93000 36016.04300 35676.38200 36705.01900 36368.13200 36028.47100 37058.93300 36722.04600 36382.38500
37036.27150 36701.75650 36364.45800 37390.76950 37056.25450 36718.95600 37747.07450 37412.55950 37075.26100 36703.71150 36366.82450 36027.16350 37058.20950 36721.32250 36381.66150 37414.51450 37077.62750 36737.96650 36368.76100 36029.51600 35687.50850 36723.25900 36384.01400 36042.00650 37079.56400 36740.31900 36398.31150
37056.91700 36720.03000 36380.36900 37413.80600 37076.91900 36737.25800 37772.48450 37435.59750 37095.93650 36721.96650 36382.72150 36040.71400 37078.85550 36739.61050 36397.60300 37437.53400 37098.28900 36756.28150 36384.64000 36043.05250 35698.71300 36741.52900 36399.94150 36055.60200 37100.20750 36758.62000 36414.28050
37077.57800 36738.33300 36396.32550 37436.83900 37097.59400 36755.58650 37797.87150 37458.62650 37116.61900 36740.25150 36398.66400 36054.32450 37099.51250 36757.92500 36413.58550 37460.54500 37118.95750 36774.61800 36400.56450 36056.64900 35709.99300 36759.82550 36415.91000 36069.25400 37120.85800 36776.94250 36430.28650
37098.25000 36756.66250 36412.32300 37459.86400 37118.27650 36773.93700 37823.23150 37481.64400 37137.30450 36758.56300 36414.64750 36067.99150 37120.17700 36776.26150 36429.60550 37483.54450 37139.62900 36792.97300 36416.53050 36070.30250 35721.34550 36778.14450 36431.91650 36082.95950 37141.51200 36795.28400 36446.32700
37118.92950 36775.01400 36428.35800 37482.87750 37138.96200 36792.30600 37848.56050 37504.64500 37157.98900 36776.89700 36430.66900 36081.71200 37140.84500 36794.61700 36445.66000 37506.52800 37160.30000 36811.34300 36432.53500 36084.01000 35732.76750 36796.48300 36447.95800 36096.71550 37162.16600 36813.64100 36462.39850
37139.61200 36793.38400 36444.42700 37505.87450 37159.64650 36810.68950 37873.85300 37527.62500 37178.66800 36795.25000 36446.72500 36095.48250 37161.51250 36812.98750 36461.74500 37529.49100 37180.96600 36829.72350 36448.57400 36097.76700 35744.25450 36814.83650 36464.02950 36110.51700 37182.81500 36832.00800 36478.49550
37160.29350 36811.76850 36460.52600 37528.85100 37180.32600 36829.08350 37899.10650 37550.58150 37199.33900 36813.61750 36462.81050 36109.29800 37182.17500 36831.36800 36477.85550 37552.43050 37201.62350 36848.11100 36464.64300 36111.57000 35755.80400 36833.20050 36480.12750 36124.36150 37203.45600 36850.38300 36494.61700
37180.97050 36830.16350 36476.65100 37551.80350 37200.99650 36847.48400 37924.31550 37573.50850 37219.99600 36831.99600 36478.92300 36123.15700 37202.82900 36849.75600 36493.99000 37575.34100 37222.26800 36866.50200 36480.73950 36125.41650 35767.41150 36851.57250 36496.24950 36138.24450 37224.08450 36868.76150 36510.75650
37201.63850 36848.56550 36492.79950 37574.72700 37221.65400 36865.88800 37949.47550 37596.40250 37240.63650 36850.38200 36495.05900 36137.05400 37223.47050 36868.14750 36510.14250 37598.21900 37242.89600 36884.89100 36496.85900 36139.30150 35779.07450 36869.94750 36512.39000 36152.16300 37244.69600 36887.13850 36526.91150
37222.29350 36866.97050 36508.96550 37597.61800 37242.29500 36884.29000 37974.58250 37619.25950 37261.25450 36868.77050 36511.21300 36150.98600 37244.09500 36886.53750 36526.31050 37621.05950 37263.50200 36903.27500 36512.99750 36153.22150 35790.78800 36888.32200 36528.54600 36166.11250 37265.28650 36905.51050 36543.07700
37242.93150 36885.37400 36525.14700 37620.47150 37262.91400 36902.68700 37999.63200 37642.07450 37281.84750 36887.15850 36527.38250 36164.94900 37264.69850 36904.92250 36542.48900 37643.85900 37284.08300 36921.64950 36529.15150 36167.17300 35802.55000 36906.69150 36544.71300 36180.09000 37285.85200 36923.87350 36559.25050
37263.54850 36903.77250 36541.33900 37643.28300 37283.50700 36921.07350 38024.61950 37664.84350 37302.41000 36905.54150 36543.56300 36178.94000 37285.27600 36923.29750 36558.67450 37666.61250 37304.63400 36940.01100 36545.31700 36181.15250 35814.35600 36925.05150 36560.88700 36194.09050 37306.38800 36942.22350 36575.42700
37284.13950 36922.16100 36557.53800 37666.04950 37304.07100 36939.44800 38049.54050 37687.56200 37322.93900 36923.91500 36559.75050 36192.95400 37305.82500 36941.66050 36574.86400 37689.31600 37325.15150 36958.35500 36561.48900 36195.15550 35826.20200 36943.39900 36577.06550 36208.11200 37326.89000 36960.55650 36591.60300
37304.70100 36940.53650 36573.74000 37688.76450 37324.60000 36957.80350 38074.38950 37710.22500 37343.42850 36942.27500 36575.94150 36206.98800 37326.33850 36960.00500 36591.05150 37711.96350 37345.63000 36976.67650 36577.66550 36209.17800 35838.08450 36961.72900 36593.24150 36222.14800 37347.35400 36978.86650 36607.77300
37325.22750 36958.89400 36589.94050 37711.42400 37345.09050 36976.13700 38099.16200 37732.82850 37363.87500 36960.61800 36592.13050 36221.03700 37346.81450 36978.32700 36607.23350 37734.55250 37366.06500 36994.97150 36593.84050 36223.21650 35849.99900 36980.03700 36609.41300 36236.19550 37367.77500 36997.15100 36623.93350
37345.71600 36977.22850 36606.13500 37734.02500 37365.53750 36994.44400 38123.85500 37755.36750 37384.27400 36978.93850 36608.31450 36235.09700 37367.24750 36996.62350 36623.40600 37757.07750 37386.45350 37013.23600 36610.01000 36237.26600 35861.94250 36998.31900 36625.57500 36250.25150 37388.14900 37015.40500 36640.08150
37366.16150 36995.53750 36622.32000 37756.56200 37385.93800 37012.72050 38148.46200 37777.83800 37404.62050 36997.23300 36624.48900 36249.16550 37387.63350 37014.88950 36639.56600 37779.53350 37406.78950 37031.46600 36626.17050 36251.32400 35873.91100 37016.57100 36641.72450 36264.31150 37408.47100 37033.62450 36656.21150
37386.55950 37013.81550 36638.49200 37779.02950 37406.28550 37030.96200 38172.97800 37800.23400 37424.91050 37015.49700 36640.65050 36263.23750 37407.96700 37033.12050 36655.70750 37801.91550 37427.06900 37049.65600 36642.31850 36265.38600 35885.90050 37034.78850 36657.85600 36278.37050 37428.73700 37051.80450 36672.31900
37406.90500 37032.05850 36654.64550 37801.42300 37426.57650 37049.16350 38197.39900 37822.55250 37445.13950 37033.72650 36656.79400 36277.30850 37428.24450 37051.31200 36671.82650 37824.22050 37447.28800 37067.80250 36658.44850 36279.44700 35897.90550 37052.96650 36673.96500 36292.42350 37448.94250 37069.94100 36688.39950
37427.19400 37050.26150 36670.77600 37823.73850 37446.80600 37067.32050 38221.72000 37844.78750 37465.30200 37051.91600 36672.91450 36291.37300 37448.46050 37069.45900 36687.91750 37846.44200 37467.44050 37085.89900 36674.55500 36293.50250 35909.92350 37071.09950 36690.04700 36306.46800 37469.08100 37088.02850 36704.44950
37447.42300 37068.42150 36686.88000 37845.97150 37466.97000 37085.42850 38245.93600 37866.93450 37485.39300 37070.06200 36689.00950 36305.43050 37468.61050 37087.55800 36703.97900 37868.57500 37487.52250 37103.94350 36690.63700 36307.55050 35921.95100 37089.18550 36706.09900 36320.49950 37489.15000 37106.06350 36720.46400
37467.58400 37086.53150 36702.95250 37868.11600 37487.06350 37103.48450 38270.04150 37888.98900 37505.41000 37088.15900 36705.07250 36319.47300 37488.69100 37105.60450 36720.00500 37890.61650 37507.53000 37121.93050 36706.68700 36321.58350 35933.98150 37107.21900 36722.11550 36334.51350 37509.14450 37124.04100 36736.43900
37487.67600 37104.58950 36718.99000 37890.16800 37507.08150 37121.48200 38294.03200 37910.94550 37525.34600 37106.20400 36721.10050 36333.49850 37508.69600 37123.59250 36735.99050 37912.56000 37527.45650 37139.85450 36722.70250 36335.60000 35946.01300 37125.19450 36738.09200 36348.50500 37529.05850 37141.95600 36752.36900
37507.69200 37122.58850 36734.98650 37912.12200 37527.01850 37139.41650 38317.90250 37932.79900 37545.19700 37124.19050 36737.08800 36347.50100 37528.62050 37141.51800 36751.93100 37934.40100 37547.29850 37157.71150 36738.67800 36349.59400 35958.03950 37143.10800 36754.02400 36362.46950 37548.88850 37159.80450 36768.25000
37527.62800 37140.52550 36750.93850 37933.97350 37546.87100 37157.28400 38341.64700 37954.54450 37564.95750 37142.11550 36753.03150 36361.47700 37548.46100 37159.37700 36767.82250 37956.13450 37567.05050 37175.49600 36754.60850 36363.56100 35970.05800 37160.95400 36769.90650 36376.40350 37568.62750 37177.58000 36784.07700
37547.47950 37158.39550 36766.84100 37955.71750 37566.63350 37175.07900 38365.26150 37976.17750 37584.62300 37159.97250 36768.92500 36375.42200 37568.21050 37177.16300 36783.66000 37977.75450 37586.70700 37193.20400 36770.49050 36377.49750 35982.06300 37178.72850 36785.73550 36390.30100 37588.27250 37195.27950 36799.84500
37567.24000 37176.19250 36782.68950 37977.34800 37586.30050 37192.79750 38388.73950 37997.69200 37604.18900 37177.75800 36784.76500 36389.33050 37587.86600 37194.87300 36799.43850 37999.25750 37606.26450 37210.83000 36786.31850 36391.39800 35994.05100 37196.42650 36801.50600 36404.15900 37607.81800 37212.89750 36815.55050
37586.90600 37193.91300 36798.47850 37998.86100 37605.86800 37210.43350 38412.07700 38019.08400 37623.64950 37195.46650 36800.54600 36403.19900 37607.42150 37212.50100 36815.15400 38020.63750 37625.71700 37228.37000 36802.08800 36405.25800 36006.01650 37214.04300 36817.21300 36417.97150 37627.25900 37230.42900 36831.18750
37606.47200 37211.55150 36814.20450 38020.25050 37625.33000 37227.98300 38435.26700 38040.34650 37642.99950 37213.09350 36816.26350 36417.02200 37626.87200 37230.04200 36830.80050 38041.88850 37645.05850 37245.81700 36817.79400 36419.07350 36017.95600 37231.57250 36832.85200 36431.73450 37646.58900 37247.86850 36846.75100
37625.93300 37229.10300 36829.86150 38041.51200 37644.68200 37245.44050 38458.30550 38061.47550 37662.23400 37230.63350 36831.91300 36430.79550 37646.21250 37247.49200 36846.37450 38063.00600 37664.28550 37263.16800 36833.43150 36432.83900 36029.86400 37249.01050 36848.41800 36445.44300 37665.80400 37265.21150 36862.23650
37645.28400 37246.56350 36845.44600 38062.63950 37663.91900 37262.80150 38481.18650 38082.46600 37681.34850 37248.08200 36847.48950 36444.51450 37665.43750 37264.84500 36861.87000 38083.98450 37683.39200 37280.41700 36848.99700 36446.55050 36041.73700 37266.35250 36863.90600 36459.09250 37684.89950 37282.45300 36877.63950
37664.51900 37263.92650 36860.95150 38083.62750 37683.03500 37280.06000 38503.90400 38103.31150 37700.33650 37265.43400 36862.98750 36458.17400 37684.54250 37282.09600 36877.28250 38104.81900 37702.37250 37297.55900 36864.48400 36460.20250 36053.56900 37283.59250 36879.31100 36472.67750 37703.86900 37299.58750 36892.95400
37683.63400 37281.18750 36876.37400 38104.47150 37702.02500 37297.21150 38526.45400 38124.00750 37719.19400 37282.68400 36878.40250 36471.76900 37703.52150 37299.24000 36892.60650 38125.50400 37721.22250 37314.58900 36879.88800 36473.79050 36065.35550 37300.72550 36894.62800 36486.19300 37722.70800 37316.61050 36908.17550
37702.62350 37298.34200 36891.70850 38125.16600 37720.88450 37314.25100 38548.82950 38144.54800 37737.91450 37299.82750 36893.73000 36485.29500 37722.37000 37316.27250 36907.83750 38146.03350 37739.93600 37331.50100 36895.20500 36487.30950 36077.09250 37317.74750 36909.85200 36499.63500 37741.41100 37333.51550 36923.29850
37721.48150 37315.38400 36906.94900 38145.70450 37739.60700 37331.17200 38571.02500 38164.92750 37756.49250 37316.85900 36908.96350 36498.74650 37741.08200 37333.18650 36922.96950 38166.40250 37758.50700 37348.29000 36910.42800 36500.75400 36088.77500 37334.65100 36924.97700 36512.99800 37759.97150 37350.29750 36938.31850
37740.20350 37332.30800 36922.09100 38166.08300 37758.18750 37347.97050 38593.03550 38185.14000 37774.92300 37333.77250 36924.09850 36512.11950 37759.65200 37349.97800 36937.99900 38186.60450 37776.93050 37364.95150 36925.55300 36514.11950 36100.39700 37351.43250 36939.99900 36526.27650 37778.38500 37366.95150 36953.22900
37758.78250 37349.10850 36937.12950 38186.29450 37776.62050 37364.64150 38614.85450 38205.18050 37793.20150 37350.56300 36939.12950 36525.40700 37778.07500 37366.64150 36952.91900 38206.63500 37795.20150 37381.47900 36940.57400 36527.40050 36111.95400 37368.08600 36954.91250 36539.46600 37796.64600 37383.47250 36968.02600
37777.21500 37365.78150 36952.05900 38206.33350 37794.90000 37381.17750 38636.47650 38225.04300 37811.32050 37367.22600 36954.05250 36538.60600 37796.34450 37383.17100 36967.72450 38226.48750 37813.31400 37397.86750 36955.48700 36540.59350 36123.44200 37384.60550 36969.71200 36552.56050 37814.74850 37399.85500 36982.70350
37795.49450 37382.32100 36966.87450 38226.19500 37813.02150 37397.57500 38657.89550 38244.72200 37829.27550 37383.75550 36968.86200 36551.71050 37814.45600 37399.56250 36982.41100 38246.15650 37831.26300 37414.11150 36970.28600 36553.69150 36134.85500 37400.98650 36984.39200 36565.55550 37832.68700 37416.09250 36997.25600
37813.61500 37398.72150 36981.57000 38245.87250 37830.97900 37413.82750 38679.10550 38264.21200 37847.06050 37400.14550 36983.55100 36564.71450 37832.40300 37415.80850 36996.97200 38265.63600 37849.04150 37430.20500 36984.96550 36566.68950 36146.18750 37417.22300 36998.94700 36578.44500 37850.45600 37432.18000 37011.67800
37831.57100 37414.97650 36996.14000 38265.36100 37848.76650 37429.93000 38700.10050 38283.50600 37864.66950 37416.39100 36998.11500 36577.61300 37850.18100 37431.90500 37011.40300 38284.92050 37866.64450 37446.14250 36999.51950 36579.58250 36157.43450 37433.30950 37013.37250 36591.22450 37868.04900 37448.11200 37025.96400
37849.35800 37431.08200 37010.58000 38284.65400 37866.37800 37445.87600 38720.87500 38302.59900 37882.09700 37432.48650 37012.54950 36590.40150 37867.78250 37447.84550 37025.69750 38304.00350 37884.06650 37461.91850 37013.94450 36592.36500 36168.59150 37449.24050 37027.66100 36603.88750 37885.46150 37463.88200 37040.10850
37866.96850 37447.03150 37024.88350 38303.74500 37883.80800 37461.66000 38741.42200 38321.48500 37899.33700 37448.42650 37026.84700 36603.07350 37885.20300 37463.62350 37039.85000 38322.88000 37901.30050 37477.52700 37028.23250 36605.03150 36179.65300 37465.00900 37041.80800 36616.42950 37902.68600 37479.48500 37054.10650
37884.39800 37462.81850 37039.04500 38322.63000 37901.05050 37477.27700 38761.73650 38340.15700 37916.38350 37464.20400 37041.00300 36615.62450 37902.43600 37479.23500 37053.85650 38341.54250 37918.34150 37492.96300 37042.38000 36617.57650 36190.61250 37480.61200 37055.80850 36628.84450 37919.71850 37494.91500 37067.95100
37901.63950 37478.43850 37053.06000 38341.30100 37918.10000 37492.72150 38781.81050 38358.60950 37933.23100 37479.81550 37055.01200 36628.04800 37919.47700 37494.67350 37067.70950 38359.98650 37935.18300 37508.21900 37056.37950 36629.99450 36201.46600 37496.04100 37069.65600 36641.12750 37936.55050 37510.16550 37081.63700
37918.68850 37493.88500 37066.92100 38359.75300 37934.94950 37507.98550 38801.64050 38376.83700 37949.87300 37495.25250 37068.86750 36640.33900 37936.31700 37509.93200 37081.40350 38378.20450 37951.81950 37523.29100 37070.22650 36642.28000 36212.20700 37511.29100 37083.34450 36653.27150 37953.17850 37525.23200 37095.15900
37935.53750 37509.15250 37080.62400 38377.97850 37951.59350 37523.06500 38821.21700 38394.83200 37966.30350 37510.51150 37082.56500 36652.49200 37952.95250 37525.00600 37094.93300 38396.19100 37968.24450 37538.17150 37083.91550 36654.42800 36222.83100 37526.35650 37096.86900 36665.27200 37969.59500 37540.10750 37108.51050
37952.18150 37524.23500 37094.16200 38395.97350 37968.02700 37537.95400 38840.53600 38412.58950 37982.51650 37525.58550 37096.09800 36664.50100 37969.37750 37539.89000 37108.29300 38413.94000 37984.45250 37552.85550 37097.43900 36666.43200 36233.33050 37541.23100 37110.22400 36677.12250 37985.79350 37554.78650 37121.68500
37968.61450 37539.12700 37107.53000 38413.73000 37984.24250 37552.64550 38859.59000 38430.10250 37998.50550 37540.46800 37109.46100 36676.35950 37985.58350 37554.57650 37121.47500 38431.44350 38000.43650 37567.33500 37110.79350 36678.28600 36243.70250 37555.90900 37123.40150 36688.81800 38001.76900 37569.26150 37134.67800
37984.82900 37553.82200 37120.72050 38431.24200 38000.23500 37567.13350 38878.37250 38447.36550 38014.26400 37555.15450 37122.64700 36688.06350 38001.56750 37569.06000 37134.47650 38448.69800 38016.19050 37581.60700 37123.97150 36689.98500 36253.93900 37570.38450 37136.39800 36700.35200 38017.51500 37583.52850 37147.48250
38000.82100 37568.31350 37133.73000 38448.50400 38015.99650 37581.41300 38896.87800 38464.37050 38029.78700 37569.63800 37135.65150 36699.60550 38017.32100 37583.33450 37147.28850 38465.69500 38031.70850 37595.66250 37136.96750 36701.52250 36264.03600 37584.65050 37149.20550 36711.71900 38033.02450 37597.57950 37160.09300
38016.58200 37582.59550 37146.54950 38465.50800 38031.52150 37595.47550 38915.09850 38481.11200 38045.06600 37583.91150 37148.46650 36710.98000 38032.83750 37597.39250 37159.90600 38482.42800 38046.98300 37609.49650 37149.77450 36712.89250 36273.98550 37598.70050 37161.81850 36722.91150 38048.29100 37611.40900 37172.50200
38032.10700 37596.66200 37159.17550 38482.24900 38046.80400 37609.31750 38933.02850 38497.58350 38060.09700 37597.97000 37161.08800 36722.18100 38048.11200 37611.23000 37172.32300 38498.89150 38062.00950 37623.10250 37162.38800 36724.08950 36283.78350 37612.53000 37174.23150 36733.92550 38063.30950 37625.01100 37184.70500
38047.38850 37610.50650 37171.59950 38498.71900 38061.83700 37622.93000 38950.65950 38513.77750 38074.87050 37611.80650 37173.50800 36733.20200 38063.13700 37624.83850 37184.53250 38515.07750 38076.77900 37636.47300 37174.79950 36735.10600 36293.42300 37626.13000 37186.43650 36744.75350 38078.07050 37638.37700 37196.69400
38062.42200 37624.12350 37183.81750 38514.91300 38076.61450 37636.30850 38967.98750 38529.68900 38089.38300 37625.41500 37185.72150 36744.03850 38077.90600 37638.21250 37196.52950 38530.98050 38091.28700 37649.60400 37187.00600 36745.93850 36302.89900 37639.49700 37198.42950 36755.39000 38092.57150 37651.50400 37208.46450
38077.19800 37637.50450 37195.82150 38530.82250 38091.12900 37649.44600 38985.00250 38545.30900 38103.62600 37638.78900 37197.72150 36754.68200 38092.41350 37651.34600 37208.30650 38546.59350 38105.52600 37662.48650 37198.99750 36756.57800 36312.20400 37652.62200 37210.20250 36765.82850 38106.80200 37664.38250 37220.00850
38091.71300 37650.64550 37207.60600 38546.44250 38105.37500 37662.33550 39001.70000 38560.63250 38117.59300 37651.92150 37209.50200 36765.12800 38106.65100 37664.23150 37219.85750 38561.90850 38119.48900 37675.11500 37210.77100 36767.02000 36321.33350 37665.50050 37221.74950 36776.06300 38120.75800 37677.00700 37231.32050
38105.95850 37663.53900 37219.16500 38561.76500 38119.34550 37674.97150 39018.07150 38575.65200 38131.27800 37664.80800 37221.05700 36775.37050 38120.61450 37676.86350 37231.17700 38576.92100 38133.17000 37687.48350        nan        nan        nan        nan        nan        nan        nan        nan        nan
