       nan        nan        nan        nan        nan        nan        nan        nan        nan  281.79765        nan        nan        nan        nan        nan        nan        nan        nan  281.82156  282.16462        nan        nan        nan        nan        nan        nan        nan
 281.77265        nan        nan  281.48104        nan        nan        nan        nan        nan  281.79655  282.13956        nan  281.50489  281.84718        nan        nan        nan        nan  281.84439  282.19058  282.47567  281.55263  281.89809  282.18259        nan        nan        nan
 281.74649  282.08937        nan  281.45083  281.79299        nan  281.20696  281.54853        nan  281.79431  282.14037  282.42536  281.49855  281.84388  282.12827  281.25460  281.59934  281.88323  281.86615  282.21699  282.51032  281.57024  281.92034  282.21305  281.32617  281.67566  281.96786
 281.71908  282.06496  282.34979  281.41731  281.76244  282.04667  281.16295  281.50746  281.79117  281.79088  282.14154  282.43470  281.48896  281.83886  282.13139  281.23447  281.58373  281.87574  281.88681  282.24384  282.54771  281.58467  281.94094  282.24416  281.33001  281.68563  281.98831
 281.69032  282.04072  282.33367  281.38040  281.73004  282.02235  281.11283  281.46179  281.75355  281.78617  282.14295  282.44660  281.47605  281.83204  282.13503  281.20829  281.56360  281.86601  281.90627  282.27102  282.58750  281.59588  281.95983  282.27561  281.32789  281.69115  282.00633
 281.66009  282.01655  282.31993  281.34007  281.69572  281.99841  281.05701  281.41194  281.71403  281.78008  282.14451  282.46070  281.45979  281.82339  282.13886  281.17649  281.53935  281.85419  281.92448  282.29844  282.62926  281.60386  281.97697  282.30704  281.32027  281.69262  282.02203
 281.62828  281.99231  282.30816  281.29630  281.65948  281.97458  280.99593  281.35833  281.67276  281.77253  282.14608  282.47654  281.44021  281.81288  282.14257  281.13953  281.51140  281.84038  281.94134  282.32592  282.67260  281.60863  281.99230  282.33816  281.30758  281.69044  282.03556
 281.59481  281.96789  282.29794  281.24916  281.62133  281.95056  280.93000  281.30132  281.62981  281.76341  282.14751  282.49375  281.41735  281.80050  282.14589  281.09781  281.48009  281.82470  281.95676  282.35333  282.71712  281.61023  282.00582  282.36872  281.29025  281.68494  282.04701
 281.55959  281.94313  282.28887  281.19873  281.58129  281.92614  280.85961  281.24125  281.58527  281.75266  282.14865  282.51192  281.39131  281.78628  282.14862  281.05173  281.44575  281.80721  281.97066  282.38047  282.76246  281.60875  282.01750  282.39851  281.26864  281.67641  282.05649
 281.52257  281.91791  282.28059  281.14512  281.53940  281.90110  280.78511  281.17838  281.53915  281.74022  282.14935  282.53071  281.36218  281.77022  282.15055  281.00161  281.40861  281.78796  281.98298  282.40719  282.80826  281.60429  282.02736  282.42735  281.24311  281.66509  282.06405
 281.48371  281.89210  282.27276  281.08845  281.49569  281.87529  280.70679  281.11293  281.49150  281.72603  282.14946  282.54980  281.33009  281.75234  282.15155  280.94778  281.36888  281.76700  281.99366  282.43333  282.85424  281.59697  282.03540  282.45512  281.21393  281.65117  282.06975
 281.44297  281.86556  282.26509  281.02887  281.45021  281.84856  280.62495  281.04508  281.44229  281.71006  282.14885  282.56891  281.29517  281.73267  282.15149  280.89049  281.32673  281.74434  282.00264  282.45874  282.90012  281.58689  282.04164  282.48172  281.18136  281.63481  282.07362
 281.40036  281.83818  282.25732  280.96649  281.40297  281.82081  280.53982  280.97497  281.39154  281.69229  282.14739  282.58779  281.25753  281.71122  282.15026  280.82997  281.28229  281.72000  282.00990  282.48328  282.94569  281.57416  282.04608  282.50705  281.14564  281.61612  282.07569
 281.35586  281.80987  282.24922  280.90145  281.35399  281.79193  280.45163  280.90272  281.33925  281.67271  282.14496  282.60626  281.21728  281.68800  282.14781  280.76644  281.23566  281.69399  282.01541  282.50685  282.99074  281.55887  282.04872  282.53104  281.10694  281.59522  282.07599
 281.30949  281.78052  282.24063  280.83387  281.30331  281.76186  280.36055  280.82841  281.28541  281.65130  282.14148  282.62411  281.17453  281.66304  282.14404  280.70006  281.18692  281.66630  282.01915  282.52934  283.03512  281.54113  282.04960  282.55365  281.06542  281.57217  282.07452
 281.26125  281.75006  282.23136  280.76384  281.25093  281.73052  280.26675  280.75211  281.23000  281.62807  282.13685  282.64122  281.12937  281.63635  282.13892  280.63099  281.13617  281.63696  282.02111  282.55067  283.07866  281.52102  282.04870  282.57481  281.02125  281.54705  282.07130
 281.21114  281.71842  282.22129  280.69146  281.19686  281.69787  280.17037  280.67390  281.17304  281.60302  282.13100  282.65743  281.08189  281.60792  282.13239  280.55935  281.08343  281.60595  282.02128  282.57074  283.12126  281.49860  282.04602  282.59450  280.97452  281.51990  282.06633
 281.15920  281.68552  282.21028  280.61682  281.14111  281.66385  280.07156  280.59381  281.11451  281.57614  282.12386  282.67265  281.03216  281.57776  282.12442  280.48528  281.02876  281.57329  282.01965  282.58950  283.16280  281.47395  282.04160  282.61268  280.92536  281.49079  282.05963
 281.10543  281.65132  282.19826  280.54000  281.08369  281.62843  279.97039  280.51188  281.05440  281.54746  282.11540  282.68677  280.98025  281.54590  282.11497  280.40885  280.97221  281.53896  282.01623  282.60689  283.20321  281.44713  282.03541  282.62931  280.87384  281.45972  282.05120
 281.04985  281.61578  282.18514  280.46106  281.02462  281.59158  279.86699  280.42817  280.99272  281.51697  282.10554  282.69974  280.92622  281.51232  282.10402  280.33018  280.91380  281.50298  282.01101  282.62287  283.24239  281.41819  282.02748  282.64438  280.82007  281.42677  282.04104
 280.99247  281.57885  282.17082  280.38007  280.96389  281.55329  279.76143  280.34268  280.92947  281.48467  282.09425  282.71145  280.87013  281.47704  282.09154  280.24933  280.85356  281.46534  282.00400  282.63738  283.28028  281.38719  282.01780  282.65788  280.76410  281.39192  282.02916
 280.93331  281.54050  282.15528  280.29708  280.90152  281.51350  279.65380  280.25546  280.86463  281.45060  282.08150  282.72187  280.81203  281.44006  282.07752  280.16638  280.79153  281.42605  281.99520  282.65040  283.31683  281.35415  282.00637  282.66976  280.70601  281.35523  282.01556
 280.87240  281.50071  282.13844  280.21215  280.83750  281.47223  279.54416  280.16653  280.79823  281.41476  282.06726  282.73094  280.75196  281.40139  282.06193  280.08140  280.72773  281.38511  281.98461  282.66189  283.35198  281.31913  281.99321  282.68003  280.64586  281.31671  282.00024
 280.80975  281.45945  282.12026  280.12532  280.77185  281.42944  279.43258  280.07592  280.73025  281.37715  282.05151  282.73862  280.68996  281.36102  282.04477  279.99443  280.66217  281.34252  281.97224  282.67183  283.38570  281.28214  281.97831  282.68867  280.58367  281.27639  281.98321
 280.74536  281.41669  282.10071  280.03663  280.70458  281.38513  279.31911  279.98363  280.66069  281.33778  282.03422  282.74487  280.62606  281.31898  282.02602  279.90551  280.59488  281.29828  281.95809  282.68020  283.41794  281.24324  281.96168  282.69567  280.51952  281.23427  281.96447
 280.67925  281.37244  282.07975  279.94612  280.63569  281.33929  279.20379  279.88970  280.58957  281.29667  282.01538  282.74966  280.56031  281.27526  282.00568  279.81472  280.52588  281.25241  281.94217  282.68697  283.44868  281.20244  281.94333  282.70102  280.45344  281.19039  281.94403
 280.61145  281.32667  282.05736  279.85383  280.56518  281.29191  279.08669  279.79414  280.51688  281.25382  281.99498  282.75295  280.49272  281.22987  281.98373  279.72208  280.45518  281.20489  281.92449  282.69214  283.47788  281.15977  281.92325  282.70472  280.38546  281.14474  281.92189
 280.54197  281.27938  282.03350  279.75978  280.49308  281.24299  278.96782  279.69697  280.44263  281.20925  281.97300  282.75474  280.42334  281.18282  281.96019  279.62763  280.38280  281.15574  281.90506  282.69568  283.50553  281.11526  281.90146  282.70675  280.31562  281.09735  281.89805
 280.47080  281.23054  282.00817  279.66401  280.41938  281.19252  278.84725  279.59821  280.36683  281.16296  281.94942  282.75499  280.35219  281.13411  281.93502  279.53141  280.30876  281.10497  281.88387  282.69759  283.53159  281.06893  281.87795  282.70712  280.24396  281.04823  281.87252
 280.39799  281.18017  281.98134  279.56655  280.34409  281.14050  278.72501  279.49788  280.28948  281.11497  281.92426  282.75370  280.27928  281.08375  281.90825  279.43346  280.23307  281.05258  281.86093  282.69786  283.55606  281.02080  281.85274  282.70581  280.17051  280.99741  281.84530
 280.32354  281.12826  281.95302  279.46742  280.26724  281.08694  278.60113  279.39599  280.21060  281.06530  281.89749  282.75084  280.20465  281.03175  281.87986  279.33380  280.15576  280.99857  281.83627  282.69648  283.57892  280.97090  281.82583  282.70284  280.09528  280.94489  281.81641
 280.24745  281.07480  281.92316  279.36665  280.18880  281.03182  278.47564  279.29255  280.13017  281.01393  281.86912  282.74640  280.12832  280.97812  281.84985  279.23245  280.07682  280.94296  281.80987  282.69344  283.60015  280.91924  281.79723  282.69818  280.01832  280.89067  281.78583
 280.16974  281.01979  281.89178  279.26425  280.10882  280.97515  278.34857  279.18759  280.04823  280.96090  281.83915  282.74037  280.05030  280.92286  281.81822  279.12946  279.99628  280.88574  281.78175  282.68874  283.61974  280.86583  281.76693  282.69185  279.93963  280.83479  281.75359
 280.09044  280.96325  281.85887  279.16028  280.02729  280.91694  278.21995  279.08113  279.96477  280.90620  281.80756  282.73275  279.97062  280.86598  281.78499  279.02484  279.91415  280.82693  281.75192  282.68239  283.63769  280.81071  281.73496  282.68385  279.85925  280.77725  281.71969
 280.00954  280.90515  281.82441  279.05471  279.94421  280.85719  278.08981  278.97316  279.87980  280.84986  281.77437  282.72353  279.88930  280.80749  281.75013  278.91863  279.83045  280.76654  281.72039  282.67437  283.65398  280.75388  281.70131  282.67418  279.77721  280.71806  281.68413
 279.92707  280.84551  281.78841  278.94760  279.85961  280.79589  277.95818  278.86373  279.79334  280.79188  281.73957  282.71270  279.80636  280.74740  281.71368  278.81085  279.74520  280.70458  281.68715  282.66469  283.66861  280.69535  281.66600  282.66283  279.69352  280.65724  281.64693
 279.84304  280.78433  281.75086  278.83897  279.77350  280.73307  277.82509  278.75282  279.70539  280.73227  281.70317  282.70026  279.72181  280.68572  281.67561  278.70151  279.65840  280.64104  281.65224  282.65333  283.68157  280.63516  281.62902  282.64980  279.60820  280.59479  281.60807
 279.75746  280.72162  281.71177  278.72881  279.68588  280.66872  277.69054  278.64048  279.61597  280.67104  281.66516  282.68621  279.63568  280.62246  281.63595  278.59065  279.57006  280.57595  281.61564  282.64032  283.69286  280.57331  281.59040  282.63512  279.52128  280.53074  281.56760
 279.67035  280.65738  281.67112  278.61717  279.59677  280.60285  277.55458  278.52671  279.52508  280.60822  281.62557  282.67054  279.54798  280.55764  281.59469  278.47828  279.48022  280.50930  281.57738  282.62565  283.70247  280.50982  281.55014  282.61877  279.43276  280.46510  281.52549
 279.58172  280.59162  281.62893  278.50407  279.50619  280.53546  277.41722  278.41152  279.43274  280.54380  281.58437  282.65326  279.45873  280.49125  281.55184  278.36443  279.38887  280.44112  281.53746  282.60931  283.71041  280.44470  281.50824  282.60075  279.34269  280.39787  281.48176
 279.49159  280.52435  281.58519  278.38951  279.41413  280.46658  277.27849  278.29494  279.33895  280.47779  281.54158  282.63435  279.36794  280.42331  281.50740  278.24912  279.29603  280.37141  281.49588  282.59132  283.71667  280.37798  281.46472  282.58109  279.25106  280.32907  281.43643
 279.39995  280.45557  281.53991  278.27351  279.32062  280.39618  277.13841  278.17697  279.24373  280.41022  281.49721  282.61384  279.27564  280.35383  281.46139  278.13236  279.20173  280.30019  281.45267  282.57168  283.72125  280.30965  281.41957  282.55976  279.15791  280.25871  281.38950
 279.30685  280.38528  281.49309  278.15610  279.22566  280.32430  276.99700  278.05764  279.14710  280.34109  281.45126  282.59171  279.18183  280.28282  281.41380  278.01418  279.10597  280.22745  281.40782  282.55039  283.72415  280.23974  281.37282  282.53680  279.06324  280.18681  281.34098
 279.21227  280.31351  281.44473  278.03730  279.12927  280.25094  276.85429  277.93697  279.04906  280.27041  281.40374  282.56798  279.08654  280.21030  281.36466  277.89460  279.00876  280.15322  281.36135  282.52745  283.72536  280.16827  281.32448  282.51219  278.96709  280.11339  281.29087
 279.11625  280.24024  281.39485  277.91712  279.03146  280.17611  276.71029  277.81495  278.94962  280.19820  281.35466  282.54263  278.98978  280.13627  281.31394  277.77364  278.91013  280.07750  281.31328  282.50288  283.72491  280.09524  281.27454  282.48595  278.86946  280.03844  281.23920
 279.01879  280.16552  281.34344  277.79559  278.93226  280.09982  276.56503  277.69164  278.84881  280.12448  281.30403  282.51569  278.89159  280.06075  281.26170  277.65132  278.81009  280.00032  281.26360  282.47668  283.72279  280.02069  281.22304  282.45809  278.77038  279.96199  281.18597
 278.91992  280.08932  281.29052  277.67272  278.83166  280.02207  276.41854  277.56701  278.74663  280.04925  281.25184  282.48715  278.79195  279.98375  281.20791  277.52766  278.70865  279.92167  281.21234  282.44885  283.71899  279.94460  281.16996  282.42860  278.66986  279.88406  281.13118
 278.81963  280.01167  281.23608  277.54852  278.72969  279.94289  276.27081  277.44111  278.64310  279.97251  281.19812  282.45701  278.69089  279.90528  281.15259  277.40267  278.60583  279.84157  281.15950  282.41940  283.71352  279.86701  281.11533  282.39750  278.56792  279.80465  281.07486
 278.71796  279.93258  281.18014  277.42302  278.62635  279.86227  276.12189  277.31394  278.53822  279.89431  281.14287  282.42529  278.58844  279.82535  281.09575  277.27638  278.50164  279.76003  281.10509  282.38834  283.70639  279.78793  281.05915  282.36480  278.46458  279.72377  281.01701
 278.61491  279.85206  281.12271  277.29624  278.52167  279.78024  275.97180  277.18553  278.43202  279.81463  281.08609  282.39200  278.48460  279.74398  281.03741  277.14881  278.39611  279.67708  281.04914  282.35568  283.69761  279.70737  281.00144  282.33050  278.35986  279.64146  280.95765
 278.51050  279.77011  281.06379  277.16819  278.41566  279.69681  275.82054  277.05588  278.32452  279.73350  281.02781  282.35712  278.37940  279.66118  280.97757  277.01998  278.28924  279.59271  280.99164  282.32142  283.68717  279.62536  280.94221  282.29462  278.25377  279.55770  280.89678
 278.40475  279.68677  281.00339  277.03890  278.30833  279.61198  275.66815  276.92503  278.21572  279.65093  280.96803  282.32069  278.27285  279.57696  280.91623  276.88990  278.18105  279.50695  280.93260  282.28557  283.67509  279.54189  280.88147  282.25716  278.14633  279.47253  280.83442
 278.29767  279.60201  280.94152  276.90837  278.19969  279.52577  275.51465  276.79298  278.10564  279.56694  280.90675  282.28269  278.16497  279.49135  280.85342  276.75860  278.07157  279.41981  280.87205  282.24815  283.66136  279.45700  280.81923  282.21813  278.03757  279.38596  280.77059
 278.18928  279.51589  280.87821  276.77664  278.08978  279.43820  275.36005  276.65975  277.99430  279.48153  280.84401  282.24315  278.05577  279.40435  280.78915  276.62609  277.96080  279.33130  280.81000  282.20916  283.64600  279.37069  280.75551  282.17754  277.92749  279.29800  280.70528
 278.07959  279.42839  280.81344  276.64372  277.97859  279.34927  275.20438  276.52537  277.88171  279.39473  280.77979  282.20207  277.94528  279.31597  280.72342  276.49240  277.84876  279.24143  280.74645  282.16861  283.62901  279.28298  280.69031  282.13541  277.81612  279.20867  280.63851
 277.96861  279.33953  280.74723  276.50962  277.86615  279.25900  275.04765  276.38984  277.76789  279.30654  280.71411  282.15946  277.83351  279.22623  280.65625  276.35754  277.73547  279.15023  280.68143  282.12651  283.61040  279.19390  280.62366  282.09174  277.70348  279.11798  280.57031
 277.85638  279.24934  280.67960  276.37437  277.75247  279.16740  274.88989  276.25319  277.65285  279.21700  280.64700  282.11532  277.72047  279.13515  280.58766  276.22154  277.62095  279.05770  280.61494  282.08288  283.59019  279.10343  280.55556  282.04655  277.58957  279.02595  280.50068
 277.74291  279.15781  280.61055  276.23799  277.63757  279.07449  274.73113  276.11544  277.53661  279.12609  280.57845  282.06968  277.60619  279.04274  280.51765  276.08441  277.50521  278.96387  280.54700  282.03772  283.56836  279.01163  280.48603  281.99983  277.47444  278.93260  280.42963
 277.62819  279.06497  280.54011  276.10049  277.52146  278.98029  274.57137  275.97660  277.41919  279.03385  280.50849  282.02253  277.49069  278.94902  280.44623  275.94617  277.38827  278.86873  280.47762  281.99105  283.54494  278.91849  280.41509  281.95162  277.35808  278.83794  280.35719
 277.51228  278.97084  280.46828  275.96190  277.40416  278.88479  274.41065  275.83670  277.30060  278.94030  280.43714  281.97391  277.37397  278.85400  280.37342  275.80685  277.27016  278.77233  280.40682  281.94287  283.51995  278.82403  280.34273  281.90191  277.24052  278.74199  280.28336
 277.39516  278.87541  280.39507  275.82224  277.28571  278.78804  274.24897  275.69575  277.18086  278.84543  280.36438  281.92380  277.25607  278.75770  280.29925  275.66646  277.15087  278.67465  280.33461  281.89319  283.49337  278.72827  280.26900  281.85073  277.12178  278.64475  280.20815
 277.27686  278.77872  280.32050  275.68151  277.16609  278.69003  274.08638  275.55378  277.06000  278.74928  280.29024  281.87222  277.13699  278.66013  280.22371  275.52502  277.03044  278.57573  280.26100  281.84204  283.46522  278.63123  280.19388  281.79808  277.00188  278.54626  280.13160
 277.15741  278.68077  280.24458  275.53975  277.04533  278.59079  273.92287  275.41079  276.93801  278.65186  280.21475  281.81919  277.01676  278.56131  280.14682  275.38256  276.90888  278.47558  280.18602  281.78943  283.43553  278.53292  280.11741  281.74398  276.88083  278.44653  280.05369
 277.03681  278.58158  280.16732  275.39697  276.92346  278.49032  273.75849  275.26682  276.81494  278.55319  280.13791  281.76472  276.89540  278.46126  280.06860  275.23909  276.78623  278.37423  280.10968  281.73536  283.40429  278.43336  280.03959  281.68843  276.75866  278.34557  279.97447
 276.91509  278.48117  280.08874  275.25319  276.80048  278.38865  273.59325  275.12188  276.69079  278.45327  280.05973  281.70881  276.77292  278.35999  279.98906  275.09465  276.66247  278.27168  280.03197  281.67984  283.37151  278.33257  279.96044  281.63146  276.63539  278.24341  279.89393
 276.79226  278.37956  280.00885  275.10845  276.67643  278.28580  273.42716  274.97598  276.56557  278.35213  279.98023  281.65149  276.64934  278.25752  279.90822  274.94922  276.53764  278.16794  279.95294  281.62290  283.33722  278.23057  279.87998  281.57308  276.51102  278.14005  279.81210
 276.66835  278.27675  279.92767  274.96274  276.55131  278.18177  273.26025  274.82916  276.43931  278.24979  279.89943  281.59277  276.52469  278.15388  279.82610  274.80286  276.41177  278.06304  279.87259  281.56454  283.30141  278.12737  279.79822  281.51330  276.38559  278.03552  279.72899
 276.54337  278.17278  279.84523  274.81609  276.42515  278.07659  273.09255  274.68143  276.31204  278.14627  279.81735  281.53266  276.39897  278.04906  279.74270  274.65558  276.28486  277.95701  279.79094  281.50480  283.26411  278.02299  279.71519  281.45213  276.25912  277.92985  279.64462
 276.41734  278.06765  279.76151  274.66853  276.29797  277.97027  272.92408  274.53282  276.18376  278.04157  279.73400  281.47117  276.27222  277.94311  279.65805  274.50740  276.15695  277.84985  279.70801  281.44366  283.22532  277.91746  279.63088  281.38960  276.13162  277.82303  279.55901
 276.29027  277.96138  279.67654  274.52008  276.16978  277.86284  272.75485  274.38334  276.05449  277.93573  279.64938  281.40833  276.14446  277.83602  279.57217  274.35834  276.02802  277.74157  279.62381  281.38115  283.18506  277.81078  279.54534  281.32571  276.00311  277.71510  279.47216
 276.16221  277.85399  279.59036  274.37076  276.04060  277.75430  272.58489  274.23300  275.92427  277.82875  279.56353  281.34414  276.01568  277.72783  279.48505  274.20841  275.89814  277.63221  279.53835  281.31728  283.14334  277.70298  279.45855  281.26048  275.87362  277.60607  279.38411
 276.03314  277.74550  279.50295  274.22058  275.91045  277.64469  272.41423  274.08185  275.79309  277.72065  279.47645  281.27861  275.88593  277.61854  279.39674  274.05765  275.76729  277.52178  279.45167  281.25208  283.10018  277.59408  279.37056  281.19393  275.74316  277.49596  279.29486
 275.90310  277.63593  279.41435  274.06956  275.77936  277.53400  272.24287  273.92988  275.66100  277.61147  279.38817  281.21177  275.75523  277.50817  279.30724  273.90607  275.63552  277.41030  279.36377  281.18556  283.05559  277.48410  279.28138  281.12608  275.61176  277.38479  279.20444
 275.77212  277.52528  279.32457  273.91775  275.64734  277.42228  272.07086  273.77714  275.52800  277.50121  279.29871  281.14364  275.62358  277.39677  279.21657  273.75370  275.50283  277.29779  279.27467  281.11772  283.00957  277.37305  279.19101  281.05693  275.47944  277.27258  279.11286
 275.64020  277.41360  279.23363  273.76514  275.51441  277.30953  271.89821  273.62363  275.39411  277.38988  279.20806  281.07421  275.49102  277.28431  279.12474  273.60056  275.36925  277.18426  279.18439  281.04859  282.96216  277.26096  279.09948  280.98651  275.34621  277.15935  279.02014
 275.50738  277.30089  279.14154  273.61176  275.38059  277.19576  271.72494  273.46938  275.25936  277.27753  279.11628  281.00353  275.35756  277.17085  279.03179  273.44667  275.23479  277.06975  279.09295  280.97819  282.91335  277.14784  279.00681  280.91482  275.21211  277.04512  278.92630
 275.37366  277.18716  279.04832  273.45764  275.24591  277.08102  271.55107  273.31441  275.12377  277.16415  279.02334  280.93158  275.22322  277.05638  278.93772  273.29204  275.09948  276.95425  279.00035  280.90653  282.86318  277.03372  278.91303  280.84191  275.07714  276.92990  278.83136
 275.23907  277.07244  278.95400  273.30280  275.11038  276.96530  271.37664  273.15875  274.98735  277.04977  278.92930  280.85840  275.08804  276.94095  278.84256  273.13671  274.96335  276.83780  278.90664  280.83363  282.81164  276.91862  278.81814  280.76776  274.94133  276.81373  278.73533
 275.10363  276.95676  278.85858  273.14725  274.97403  276.84863  271.20165  273.00241  274.85013  276.93442  278.83416  280.78401  274.95201  276.82456  278.74631  272.98071  274.82641  276.72042  278.81183  280.75951  282.75877  276.80254  278.72215  280.69241  274.80471  276.69662  278.63824
 274.96737  276.84013  278.76209  272.99104  274.83688  276.73103  271.02614  272.84542  274.71213  276.81811  278.73794  280.70842  274.81518  276.70723  278.64900  272.82403  274.68867  276.60212  278.71592  280.68418  282.70458  276.68553  278.62512  280.61588  274.66729  276.57859  278.54011
 274.83030  276.72256  278.66455  272.83416  274.69894  276.61253  270.85013  272.68780  274.57338  276.70086  278.64066  280.63165  274.67755  276.58899  278.55066  272.66673  274.55019  276.48295  278.61894  280.60766  282.64907  276.56759  278.52703  280.53817  274.52910  276.45966  278.44095
 274.69245  276.60409  278.56598  272.67665  274.56024  276.49314  270.67365  272.52958  274.43389  276.58269  278.54234  280.55371  274.53916  276.46986  278.45130  272.50880  274.41095  276.36288  278.52093  280.52997  282.59228  276.44876  278.42791  280.45932  274.39016  276.33985  278.34080
 274.55383  276.48473  278.46639  272.51852  274.42081  276.37288  270.49670  272.37077  274.29368  276.46363  278.44300  280.47463  274.40002  276.34985  278.35094  272.35029  274.27099  276.24198  278.42188  280.45113  282.53421  276.32904  278.32779  280.37934  274.25050  276.21919  278.23965
 274.41447  276.36451  278.36581  272.35982  274.28066  276.25179  270.31933  272.21140  274.15279  276.34370  278.34266  280.39443  274.26016  276.22899  278.24960  272.19120  274.13034  276.12025  278.32182  280.37116  282.47489  276.20846  278.22669  280.29824  274.11012  276.09769  278.13754
 274.27439  276.24343  278.26425  272.20054  274.13981  276.12986  270.14155  272.05148  274.01122  276.22290  278.24134  280.31311  274.11959  276.10730  278.14729  272.03158  273.98900  275.99770  278.22078  280.29008  282.41433  276.08706  278.12462  280.21605  273.96907  275.97538  278.03449
 274.13362  276.12153  278.16173  272.04073  273.99829  276.00713  269.96339  271.89106  273.86901  276.10128  278.13906  280.23070  273.97836  275.98480  278.04405  271.87143  273.84702  275.87438  278.11877  280.20790  282.35254  275.96482  278.02160  280.13278  273.82735  275.85228  277.93052
 273.99218  275.99882  278.05828  271.88040  273.85613  275.88362  269.78487  271.73014  273.72616  275.97884  278.03583  280.14723  273.83646  275.86152  277.93990  271.71078  273.70441  275.75029  278.01581  280.12465  282.28956  275.84181  277.91767  280.04847  273.68500  275.72841  277.82564
 273.85008  275.87534  277.95393  271.71957  273.71333  275.75935  269.60601  271.56876  273.58272  275.85562  277.93169  280.06271  273.69393  275.73747  277.83484  271.54966  273.56119  275.62546  277.91193  280.04034  282.22539  275.71801  277.81283  279.96312  273.54204  275.60380  277.71989
 273.70735  275.75109  277.84867  271.55827  273.56993  275.63434  269.42685  271.40693  273.43870  275.73163  277.82666  279.97716  273.55078  275.61267  277.72891  271.38809  273.41738  275.49991  277.80714  279.95500  282.16006  275.59347  277.70711  279.87675  273.39848  275.47846  277.61329
 273.56401  275.62610  277.74254  271.39654  273.42596  275.50862  269.24740  271.24469  273.29413  275.60690  277.72074  279.89060  273.40706  275.48716  277.62213  271.22609  273.27302  275.37367  277.70148  279.86865  282.09357  275.46821  277.60053  279.78940  273.25436  275.35242  277.50584
 273.42010  275.50040  277.63557  271.23437  273.28142  275.38221  269.06769  271.08204  273.14902  275.48144  277.61397  279.80305  273.26277  275.36095  277.51451  271.06369  273.12811  275.24675  277.59495  279.78130  282.02597  275.34224  277.49312  279.70107  273.10970  275.22571  277.39759
 273.27562  275.37401  277.52777  271.07180  273.13635  275.25512  268.88774  270.91903  273.00340  275.35529  277.50637  279.71454  273.11794  275.23407  277.40608  270.90091  272.98270  275.11919  277.48759  279.69299  281.95726  275.21559  277.38489  279.61179  272.96452  275.09834  277.28854
 273.13061  275.24694  277.41916  270.90887  272.99078  275.12739  268.70758  270.75567  272.85730  275.22846  277.39796  279.62507  272.97260  275.10654  277.29687  270.73779  272.83680  274.99099  277.37940  279.60371  281.88746  275.08829  277.27587  279.52159  272.81885  274.97033  277.17872
 272.98509  275.11923  277.30976  270.74558  272.84472  274.99903  268.52724  270.59199  272.71074  275.10098  277.28876  279.53469  272.82676  274.97838  277.18689  270.57433  272.69042  274.86220  277.27043  279.51352  281.81661  274.96035  277.16608  279.43048  272.67270  274.84173  277.06816
 272.83908  274.99089  277.19961  270.58198  272.69819  274.87009  268.34674  270.42800  272.56375  274.97287  277.17879  279.44340  272.68047  274.84962  277.07618  270.41057  272.54362  274.73283  277.16069  279.42242  281.74470  274.83182  277.05555  279.33849  272.52612  274.71254  276.95688
 272.69261  274.86195  277.08872  270.41806  272.55123  274.74056  268.16610  270.26375  272.41634  274.84415  277.06808  279.35124  272.53372  274.72027  276.96474  270.24654  272.39639  274.60290  277.05020  279.33043  281.67177  274.70269  276.94429  279.24563  272.37911  274.58279  276.84490
 272.54570  274.73244  276.97711  270.25388  272.40386  274.61048  267.98535  270.09925  272.26854  274.71486  276.95666  279.25821  272.38657  274.59037  276.85261  270.08225  272.24878  274.47244  276.93898  279.23759  281.59785  274.57300  276.83233  279.15195  272.23170  274.45251  276.73225
 272.39838  274.60238  276.86480  270.08945  272.25609  274.47987  267.80453  269.93452  272.12038  274.58500  276.84453  279.16435  272.23901  274.45994  276.73980  269.91773  272.10080  274.34148  276.82707  279.14389  281.52294  274.44278  276.71970  279.05743  272.08393  274.32172  276.61894
 272.25066  274.47178  276.75184  269.92478  272.10797  274.34876  267.62364  269.76960  271.97190  274.45462  276.73174  279.06968  272.09109  274.32900  276.62635  269.75302  271.95248  274.21003  276.71448  279.04939  281.44708  274.31204  276.60642  278.96213  271.93581  274.19045  276.50502
 272.10258  274.34068  276.63822  269.75993  271.95950  274.21717  267.44271  269.60451  271.82309  274.32371  276.61829  278.97421  271.94283  274.19758  276.51228  269.58812  271.80384  274.07813  276.60123  278.95409  281.37027  274.18082  276.49251  278.86606  271.78737  274.05871  276.39048
 271.95416  274.20911  276.52399  269.59489  271.81072  274.08512  267.26178  269.43927  271.67400  274.19234  276.50423  278.87798  271.79425  274.06570  276.39759  269.42308  271.65492  273.94579  276.48736  278.85802  281.29257  274.04913  276.37799  278.76924  271.63864  273.92654  276.27537
 271.80543  274.07707  276.40916  269.42972  271.66166  273.95265  267.08087  269.27391  271.52464  274.06050  276.38956  278.78101  271.64538  273.93339  276.28235  269.25792  271.50572  273.81305  276.37288  278.76120  281.21397  273.91701  276.26290  278.67170  271.48963  273.79395  276.15971
 271.65641  273.94461  276.29376  269.26442  271.51234  273.81978  266.90001  269.10846  271.37505  273.92823  276.27431  278.68331  271.49624  273.80067  276.16655  269.09265  271.35629  273.67993  276.25782  278.66367  281.13449  273.78448  276.14726  278.57346  271.34039  273.66099  276.04351
 271.50712  273.81174  276.17781  269.09902  271.36277  273.68652  266.71922  268.94294  271.22526  273.79555  276.15851  278.58492  271.34686  273.66758  276.05022  268.92732  271.20665  273.54645  276.14221  278.56544  281.05419  273.65157  276.03109  278.47456  271.19093  273.52767  275.92683
 271.35760  273.67850  276.06133  268.93356  271.21300  273.55291  266.53853  268.77738  271.07528  273.66249  276.04220  278.48587  271.19728  273.53412  275.93340  268.76194  271.05683  273.41265  276.02607  278.46653  280.97306  273.51829  275.91441  278.37500  271.04128  273.39401  275.80966
 271.20787  273.54490  275.94437  268.76806  271.06305  273.41898  266.35796  268.61181  270.92514  273.52907  275.92537  278.38616  271.04750  273.40033  275.81610  268.59654  270.90684  273.27854  275.90943  278.36697  280.89113  273.38468  275.79725  278.27482  270.89147  273.26005  275.69203
 271.05795  273.41097  275.82692  268.60253  270.91293  273.28474  266.17755  268.44624  270.77487  273.39532  275.80808  278.28583  270.89756  273.26624  275.69834  268.43115  270.75671  273.14415  275.79230  278.26679  280.80843  273.25076  275.67965  278.17404  270.74151  273.12580  275.57399
 270.90787  273.27674  275.70903  268.43702  270.76269  273.15023  265.99731  268.28072  270.62450  273.26126  275.69033  278.18492  270.74748  273.13188  275.58018  268.26580  270.60649  273.00952  275.67473  278.16601  280.72499  273.11657  275.56162  278.07269  270.59146  272.99131  275.45555
 270.75766  273.14224  275.59072  268.27154  270.61234  273.01547  265.81728  268.11526  270.47406  273.12692  275.57216  278.08343  270.59731  272.99726  275.46160  268.10051  270.45619  272.87466  275.55673  278.06466  280.64083  272.98212  275.44319  277.97079  270.44132  272.85659  275.33673
 270.60735  273.00749  275.47202  268.10613  270.46191  272.88049  265.63749  267.94990  270.32356  272.99234  275.45360  277.98140  270.44704  272.86242  275.34267  267.93531  270.30583  272.73961  275.43833  277.96276  280.55597  272.84743  275.32439  277.86837  270.29112  272.72167  275.21757
 270.45696  272.87251  275.35294  267.94081  270.31143  272.74532  265.45796  267.78465  270.17304  272.85752  275.33466  277.87884  270.29673  272.72738  275.22338  267.77022  270.15544  272.60438  275.31955  277.86034  280.47044  272.71255  275.20524  277.76546  270.14090  272.58658  275.09809
 270.30651  272.73734  275.23353  267.77562  270.16094  272.60998  265.27871  267.61956  270.02253  272.72252  275.21538  277.77579  270.14639  272.59217  275.10379  267.60528  270.00506  272.46901  275.20043  277.75742  280.38426  272.57750  275.08577  277.66209  269.99067  272.45134  274.97832
 270.15605  272.60201  275.11380  267.61057  270.01044  272.47449  265.09978  267.45463  269.87205  272.58734  275.09578  277.67229  269.99605  272.45682  274.98390  267.44051  269.85471  272.33353  275.08099  277.65404  280.29748  272.44231  274.96601  277.55827  269.84047  272.31598  274.85829
 270.00558  272.46652  274.99379  267.44569  269.85998  272.33890  264.92119  267.28992  269.72163  272.45201  274.97589  277.56834  269.84574  272.32135  274.86375  267.27595  269.70442  272.19797  274.96125  277.55022  280.21009  272.30699  274.84598  277.45403  269.69033  272.18054  274.73802
 269.85515  272.33093  274.87352  267.28101  269.70957  272.20322  264.74298  267.12543  269.57130  272.31657  274.85574  277.46398  269.69549  272.18579  274.74337  267.11161  269.55421  272.06234  274.84125  277.44598  280.12214  272.17158  274.72572  277.34941  269.54027  272.04503  274.61754
 269.70478  272.19526  274.75301  267.11657  269.55926  272.06749  264.56516  266.96120  269.42109  272.18104  274.73536  277.35924  269.54532  272.05018  274.62278  266.94753  269.40412  271.92669  274.72101  277.34136  280.03366  272.03611  274.60525  277.24444  269.39032  271.90950  274.49688
 269.55449  272.05952  274.63230  266.95238  269.40906  271.93172  264.38777  266.79726  269.27102  272.04546  274.61477  277.25414  269.39527  271.91453  274.50201  266.78373  269.25417  271.79103  274.60057  277.23638  279.94466  271.90061  274.48460  277.13913  269.24052  271.77396  274.37607
 269.40432  271.92376  274.51141  266.78848  269.25901  271.79596  264.21084  266.63364  269.12113  271.90984  274.49400  277.14871  269.24536  271.77889  274.38109  266.62025  269.10439  271.65540  274.47994  277.13106  279.85518  271.76510  274.36379  277.03352  269.09088  271.63844  274.25513
 269.25429  271.78799  274.39038  266.62490  269.10913  271.66022  264.03440  266.47037  268.97144  271.77421  274.37307  277.04298  269.09561  271.64326  274.26005  266.45712  268.95482  271.51982  274.35916  277.02545  279.76524  271.62962  274.24287  276.92763  268.94145  271.50298  274.13411
 269.10444  271.65226  274.26922  266.46166  268.95945  271.52454  263.85846  266.30746  268.82198  271.63861  274.25204  276.93698  268.94607  271.50770  274.13892  266.29435  268.80547  271.38433  274.23825  276.91956  279.67487  271.49419  274.12185  276.82150  268.79223  271.36760  274.01301
 268.95479  271.51658  274.14797  266.29879  268.81000  271.38895  263.68307  266.14496  268.67279  271.50307  274.13090  276.83073  268.79676  271.37222  274.01772  266.13198  268.65639  271.24895  274.11725  276.81342  279.58411  271.35884  274.00076  276.71516  268.64328  271.23233  273.89189
 268.80536  271.38098  274.02666  266.13633  268.66082  271.25347  263.50825  265.98290  268.52387  271.36761  274.00970  276.72427  268.64771  271.23684  273.89649  265.97005  268.50758  271.11372  273.99618  276.70706  279.49298  271.22360  273.87963  276.60862  268.49461  271.09720  273.77075
 268.65620  271.24550  273.90532  265.97430  268.51192  271.11814  263.33403  265.82129  268.37529  271.23226  273.88846  276.61763  268.49894  271.10162  273.77526  265.80857  268.35910  270.97866  273.87508  276.60052  279.40150  271.08850  273.75850  276.50193  268.34625  270.96225  273.64964
 268.50733  271.11017  273.78398  265.81272  268.36334  270.98298  263.16044  265.66017  268.22705  271.09705  273.76722  276.51083  268.35049  270.96656  273.65405  265.64758  268.21097  270.84380  273.75396  276.49382  279.30971  270.95357  273.63739  276.39511  268.19824  270.82749  273.52858
 268.35877  270.97501  273.66266  265.65164  268.21511  270.84803  262.98751  265.49958  268.07919  270.96202  273.64600  276.40390  268.20239  270.83172  273.53289  265.48711  268.06321  270.70918  273.63287  276.38699  279.21764  270.81885  273.51634  276.28820  268.05061  270.69296  273.40761
 268.21056  270.84005  273.54140  265.49108  268.06726  270.71330  262.81526  265.33953  267.93174  270.82719  273.52484  276.29687  268.05465  270.69709  273.41182  265.32718  267.91586  270.57481  273.51184  276.28007  279.12532  270.68435  273.39536  276.18120  267.90338  270.55870  273.28674
 268.06273  270.70533  273.42022  265.33106  267.91982  270.57885  262.64374  265.18007  267.78473  270.69259  273.40376  276.18978  267.90734  270.56273  273.29086  265.16784  267.76895  270.44075  273.39088  276.17307  279.03277  270.55011  273.27451  276.07419  267.75659  270.42473  273.16603
 267.91531  270.57087  273.29916  265.17164  267.77281  270.44469  262.47296  265.02121  267.63819  270.55825  273.28280  276.08265  267.76045  270.42868  273.17006  265.00911  267.62251  270.30701  273.27003  276.06604  278.94004  270.41617  273.15379  275.96716  267.61026  270.29108  273.04549
 267.76833  270.43671  273.17825  265.01281  267.62629  270.31086  262.30296  264.86300  267.49215  270.42420  273.16199  275.97553  267.61404  270.29494  273.04943  264.85101  267.47656  270.17362  273.14934  275.95901  278.84714  270.28255  273.03326  275.86016  267.46443  270.15779  272.92516
 267.62182  270.30287  273.05752  264.85462  267.48025  270.17738  262.13377  264.70546  267.34665  270.29048  273.04135  275.86842  267.46812  270.16155  272.92900  264.69358  267.33115  270.04062  273.02882  275.85199  278.75411  270.14928  272.91292  275.75320  267.31913  270.02488  272.80506
 267.47580  270.16939  272.93700  264.69711  267.33475  270.04429  261.96541  264.54863  267.20171  270.15712  272.92092  275.76137  267.32273  270.02855  272.80881  264.53686  267.18630  269.90804  272.90850  275.74503  278.66097  270.01639  272.79282  275.64634  267.17439  269.89239  272.68524
 267.33032  270.03630  272.81672  264.54031  267.18981  269.91163  261.79793  264.39252  267.05736  270.02414  272.80073  275.65441  267.17791  269.89598  272.68890  264.38086  267.04204  269.77591  272.78841  275.63816  278.56778  269.88392  272.67300  275.53960  267.03024  269.76034  272.56572
 267.18541  269.90363  272.69671  264.38423  267.04547  269.77941  261.63134  264.23718  266.91364  269.89158  272.68081  275.54758  267.03367  269.76385  272.56930  264.22563  266.89840  269.64427  272.66861  275.53141  278.47456  269.75191  272.55348  275.43302  266.88672  269.62878  272.44653
 267.04107  269.77140  272.57701  264.22892  266.90175  269.64769  261.46569  264.08264  266.77058  269.75946  272.56119  275.44089  266.89007  269.63220  272.45003  264.07120  266.75543  269.51313  272.54910  275.42480  278.38132  269.62037  272.43429  275.32661  266.74384  269.49773  272.32771
 266.89738  269.63967  272.45764  264.07440  266.75869  269.51647  261.30100  263.92892  266.62820  269.62783  272.44191  275.33439  266.74711  269.50107  272.33112  263.91758  266.61313  269.38254  272.42993  275.31839  278.28812  269.48934  272.31547  275.22042  266.60165  269.36723  272.20929
 266.75433  269.50844  272.33865  263.92071  266.61632  269.38580  261.13730  263.77606  266.48655  269.49671  272.32299  275.22811  266.60484  269.37048  272.21261  263.76483  266.47156  269.25254  272.31111  275.21219  278.19497  269.35886  272.19704  275.11448  266.46019  269.23730  272.09130
 266.61198  269.37777  272.22005  263.76788  266.47467  269.25571  260.97462  263.62410  266.34565  269.36614  272.20448  275.12208  266.46330  269.24048  272.09455  263.61297  266.33075  269.12314  272.19270  275.10624  278.10192  269.22895  272.07905  275.00882  266.31947  269.10798  271.97378
 266.47035  269.24767  272.10189  263.61594  266.33378  269.12624  260.81300  263.47306  266.20555  269.23615  272.08640  275.01633  266.32250  269.11108  271.97694  263.46202  266.19071  268.99439  272.07472  275.00057  278.00900  269.09966  271.96153  274.90348  266.17954  268.97931  271.85676
 266.32946  269.11819  271.98420  263.46492  266.19367  268.99741  260.65247  263.32297  266.06626  269.10677  271.96879  274.91090  266.18249  268.98233  271.85984  263.31204  266.05151  268.86632  271.95721  274.89522  277.91625  268.97101  271.84450  274.79850  266.04043  268.85132  271.74027
 266.18937  268.98935  271.86702  263.31486  266.05438  268.86926  260.49305  263.17388  265.92782  268.97803  271.85168  274.80583  266.04330  268.85426  271.74328  263.16304  265.91314  268.73897  271.84020  274.79021  277.82369  268.84303  271.72801  274.69389  265.90216  268.72404  271.62435
 266.05010  268.86120  271.75037  263.16578  265.91595  268.74183  260.33479  263.02580  265.79027  268.84997  271.73510  274.70113  265.90496  268.72690  271.62728  263.01505  265.77567  268.61235  271.72371  274.68560  277.73136  268.71576  271.61209  274.58970  265.76477  268.59750  271.50903
 265.91168  268.73376  271.63428  263.01773  265.77840  268.61514  260.17772  262.87878  265.65364  268.72262  271.61909  274.59686  265.76751  268.60029  271.51188  262.86813  265.63911  268.48653  271.60780  274.58139  277.63930  268.58925  271.49676  274.48597  265.62831  268.47174  271.39435
 265.77414  268.60706  271.51881  262.87073  265.64177  268.48924  260.02186  262.73285  265.51797  268.59602  271.50368  274.49305  265.63097  268.47445  271.39712  262.72229  265.50351  268.36151  271.49249  274.47765  277.54754  268.46351  271.38207  274.38273  265.49281  268.34679  271.28034
 265.63752  268.48114  271.40396  262.72482  265.50609  268.36415  259.86725  262.58804  265.38328  268.47020  271.38891  274.38972  265.49539  268.34943  271.28304  262.57757  265.36889  268.23734  271.37781  274.37439  277.45611  268.33858  271.26805  274.28000  265.35828  268.22269  271.16703
 265.50186  268.35605  271.28980  262.58003  265.37141  268.23991  259.71392  262.44438  265.24962  268.34519  271.27481  274.28691  265.36079  268.22526  271.16966  262.43400  265.23530  268.11406  271.26380  274.27165  277.36505  268.21450  271.15474  274.17784  265.22477  268.09948  271.05447
 265.36719  268.23180  271.17634  262.43639  265.23774  268.11656  259.56191  262.30191  265.11701  268.22103  271.16142  274.18467  265.22721  268.10198  271.05702  262.29161  265.10275  267.99170  271.15050  274.16948  277.27441  268.09130  271.04217  274.07628  265.09232  267.97718  270.94268
 265.23353  268.10843  271.06362  262.29394  265.10513  267.99412  259.41125  262.16066  264.98550  268.09775  271.04877  274.08302  265.09469  267.97961  270.94516  262.15045  264.97130  267.87029  271.03793  274.06789  277.18420  267.96901  270.93037  273.97534  264.96095  267.85584  270.83171
 265.10093  267.98599  270.95168  262.15271  264.97361  267.87265  259.26197  262.02067  264.85511  267.97539  270.93690  273.98201  264.96326  267.85820  270.83412  262.01055  264.84098  267.74988  270.92615  273.96694  277.09447  267.84769  270.81940  273.87507  264.83071  267.73548  270.72158
 264.96942  267.86450  270.84057  262.01274  264.84322  267.75217  259.11411  261.88198  264.72589  267.85399  270.82584  273.88166  264.83295  267.73777  270.72392  261.87193  264.71182  267.63048  270.81517  273.86666  277.00526  267.72735  270.70927  273.77551  264.70163  267.61616  270.61235
 264.83905  267.74401  270.73030  261.87406  264.71399  267.63270  258.96770  261.74461  264.59785  267.73358  270.71564  273.78203  264.70380  267.61838  270.61462  261.73464  264.58385  267.51215  270.70505  273.76709  276.91661  267.60803  270.60002  273.67669  264.57374  267.49789  270.50403
 264.70983  267.62454  270.62091  261.73671  264.58596  267.51431  258.82277  261.60860  264.47106  267.61419  270.60632  273.68313  264.57585  267.50005  270.50624  261.59871  264.45712  267.39493  270.59581  273.66824  276.82855  267.48978  270.49169  273.57865  264.44708  267.38072  270.39667
 264.58180  267.50613  270.51246  261.60072  264.45916  267.39702  258.67937  261.47399  264.34553  267.49586  270.49791  273.58501  264.44913  267.38281  270.39881  261.46418  264.33165  267.27883  270.48749  273.57018  276.74111  267.37263  270.38433  273.48142  264.32170  267.26468  270.29032
 264.45501  267.38882  270.40496  261.46612  264.33363  267.28086  258.53752  261.34081  264.22131  267.37864  270.39048  273.48771  264.32368  267.26671  270.29239  261.33108  264.20748  267.16391  270.38014  273.47294  276.65435  267.25661  270.27796  273.38505  264.19761  267.14982  270.18499
 264.32949  267.27265  270.29847  261.33296  264.20940  267.16588  258.39726  261.20910  264.09844  267.26255  270.28404  273.39127  264.19953  267.15178  270.18700  261.19945  264.08466  267.05020  270.27378  273.37655  276.56829  267.14176  270.17262  273.28957  264.07487  267.03616  270.08075
 264.20527  267.15765  270.19301  261.20126  264.08652  267.05210  258.25863  261.07889  263.97694  267.14763  270.17863  273.29572  264.07673  267.03806  270.08269  261.06932  263.96322  266.93774  270.16845  273.28105  276.48298  267.02811  270.06837  273.19503  263.95350  266.92375  269.97761
 264.08240  267.04386  270.08863  261.07108  263.96502  266.93959  258.12166  260.95022  263.85686  267.03392  270.07431  273.20110  263.95530  266.92560  269.97950  260.94072  263.84319  266.82657  270.06420  273.18649  276.39845  266.91572  269.96522  273.10145  263.83354  266.81263  269.87562
 263.96091  266.93133  269.98536  260.94242  263.84493  266.82835  257.98638  260.82314  263.73823  266.92146  269.97109  273.10745  263.83528  266.81441  269.87744  260.81371  263.72461  266.71672  269.96106  273.09290  276.31475  266.80461  269.86323  273.00889  263.71504  266.70283  269.77483
 263.84083  266.82008  269.88324  260.81535  263.72629  266.71843  257.85284  260.69767  263.62110  266.81028  269.86903  273.01482  263.71672  266.70455  269.77658  260.68831  263.60753  266.60823  269.85907  273.00031  276.23191  266.69482  269.76242  272.91737  263.59803  266.59440  269.67526
 263.72220  266.71016  269.78232  260.68990  263.60916  266.60989  257.72106  260.57385  263.50549  266.70043  269.76816  272.92324  263.59965  266.59606  269.67696  260.56456  263.49198  266.50114  269.75827  272.90878  276.14997  266.58640  269.66284  272.82694  263.48254  266.48736  269.57695
 263.60507  266.60160  269.68262  260.56610  263.49355  266.50275  257.59110  260.45172  263.39146  266.59194  269.66851  272.83274  263.48411  266.48896  269.57860  260.44250  263.37799  266.39550  269.65869  272.81833  276.06898  266.47937  269.56453  272.73765  263.36862  266.38176  269.47996
 263.48947  266.49444  269.58420  260.44398  263.37950  266.39704  257.46298  260.33132  263.27903  266.48485  269.57013  272.74338  263.37013  266.38331  269.48154  260.32216  263.26561  266.29133  269.56039  272.72902  275.98898  266.37379  269.46752  272.64952  263.25631  266.27764  269.38432
 263.37543  266.38872  269.48708  260.32359  263.26706  266.29282  257.33673  260.21268  263.16824  266.37920  269.47306  272.65520  263.25777  266.27913  269.38585  260.20360  263.15487  266.18870  269.46338  272.64088  275.91000  266.26968  269.37187  272.56261  263.14564  266.17505  269.29007
 263.26300  266.28448  269.39132  260.20497  263.15627  266.19013  257.21241  260.09584  263.05915  266.27503  269.37734  272.56822  263.14704  266.17648  269.29153  260.08683  263.04582  266.08761  269.36773  272.55394  275.83210  266.16709  269.27760  272.47695  263.03666  266.07401  269.19725
 263.15221  266.18177  269.29694  260.08814  263.04716  266.08898  257.09004  259.98086  262.95178  266.17238  269.28301  272.48249  263.03800  266.07538  269.19865  259.97190  262.93849  265.98813  269.27347  272.46826  275.75530  266.06606  269.18476  272.39258  262.92939  265.97457  269.10589
 263.04311  266.08061  269.20401  259.97317  262.93978  265.98945  256.96967  259.86775  262.84617  266.07129  269.19012  272.39807  262.93068  265.97589  269.10725  259.85886  262.83293  265.89029  269.18064  272.38388  275.67966  265.96664  269.09340  272.30956  262.82389  265.87677  269.01606
 262.93573  265.98106  269.11254  259.86007  262.83417  265.89156  256.85133  259.75656  262.74237  265.97181  269.09869  272.31498  262.82513  265.87804  269.01735  259.74774  262.72917  265.79414  269.08927  272.30083  275.60522  265.86885  269.00354  272.22792  262.72019  265.78065  268.92778
 262.83013  265.88315  269.02259  259.74890  262.73036  265.79535  256.73506  259.64734  262.64042  265.87396  269.00878  272.23328  262.72138  265.78187  268.92902  259.63858  262.62726  265.69971  268.99943  272.21917  275.53202  265.77275  268.91525  272.14770  262.61835  265.68627  268.84110
 262.72632  265.78692  268.93419  259.63969  262.62839  265.70087  256.62090  259.54012  262.54035  265.77780  268.92042  272.15299  262.61948  265.68743  268.84229  259.53142  262.52723  265.60704  268.91114  272.13892  275.46009  265.67836  268.82855  272.06894  262.51838  265.59364  268.75605
 262.62437  265.69243  268.84740  259.53248  262.52832  265.60816  256.50890  259.43494  262.44221  265.68336  268.83367  272.07418  262.51946  265.59475  268.75719  259.42630  262.42913  265.51619  268.82445  272.06015  275.38951  265.58575  268.74350  271.99169  262.42034  265.50283  268.67270
 262.52429  265.59970  268.76225  259.42731  262.43017  265.51726  256.39908  259.33185  262.34605  265.59070  268.74856  271.99688  262.42138  265.50389  268.67379  259.32326  262.33300  265.42719  268.73939  271.98288  275.32029  265.49495  268.66013  271.91600  262.32427  265.41386  268.59106
 262.42615  265.50877  268.67878  259.32423  262.33399  265.42820  256.29150  259.23087  262.25190  265.49983  268.66513  271.92112  262.32526  265.41487  268.59210  259.22235  262.23889  265.34008        nan        nan        nan        nan        nan        nan        nan        nan        nan
