 491.67112  491.60379    0.00000    0.00000    0.00000    0.00000    0.00000    0.00000    0.00000
 491.72725  491.59250  491.52520  491.83045  491.68755    0.00000    0.00000    0.00000    0.00000
 491.77212  491.56985  491.43518  491.87485  491.66033  491.51754  491.97573  491.74023    0.00000
 491.80557  491.53556  491.33348  491.90550  491.61920  491.40490  492.00066  491.68730  491.45208
 491.82729  491.48937  491.21971  491.92213  491.56389  491.27799  492.00843  491.61768  491.30481
 491.83702  491.43092  491.09354  491.92453  491.49420  491.13658  491.99958  491.53200  491.14201
 491.83437  491.35987  490.95456  491.91255  491.41005  490.98062  491.97459  491.43073  490.96422
 491.81900  491.27586  490.80244  491.88606  491.31136  490.81008  491.93396  491.31431  490.77191
 491.79060  491.17860  490.63688  491.84504  491.19811  490.62501  491.87798  491.18314  490.56539
 491.74890  491.06783  490.45763  491.78948  491.07038  490.42548  491.80698  491.03743  490.34496
 491.69366  490.94337  490.26454  491.71941  490.92824  490.21165  491.72117  490.87740  490.11075
 491.62469  490.80504  490.05746  491.63487  490.77174  489.98361  491.62075  490.70322  489.86294
 491.54185  490.65272  489.83630  491.53595  490.60100  489.74150  491.50583  490.51499  489.60157
 491.44501  490.48635  489.60103  491.42262  490.41608  489.48539  491.37653  490.31280  489.32676
 491.33412  490.30590  489.35168  491.29504  490.21706  489.21544  491.23294  490.09673  489.03853
 491.20910  490.11133  489.08822  491.15315  490.00400  488.93167  491.07513  489.86684  488.73692
 491.06991  489.90265  488.81071  490.99704  489.77695  488.63422  490.90315  489.62317  488.42201
 490.91655  489.67986  488.51920  490.82677  489.53598  488.32313  490.71707  489.36580  488.09382
 490.74901  489.44302  488.21374  490.64235  489.28117  487.99849  490.51692  489.09475  487.75239
 490.56729  489.19213  487.89440  490.44382  489.01254  487.66038  490.30276  488.81006  487.39776
 490.37140  488.92725  487.56126  490.23122  488.73013  487.30881  490.07460  488.51180  487.02998
 490.16139  488.64844  487.21441  490.00460  488.43402  486.94389  489.83256  488.20000  486.64911
 489.93729  488.35576  486.85391  489.76403  488.12428  486.56570  489.57660  487.87473  486.25517
 489.69909  488.04924  486.47985  489.50951  487.80095  486.17430  489.30680  487.53600  485.84826
 489.44686  487.72895  486.09232  489.24108  487.46407  485.76974  489.02320  487.18390  485.42840
 489.18066  487.39496  485.69139  488.95881  487.11372  485.35211  488.72586  486.81847  484.99568
 488.90050  487.04734  485.27715  488.66274  486.74996  484.92148  488.41481  486.43976  484.55013
 488.60648  486.68619  484.84974  488.35294  486.37285  484.47792  488.09010  486.04784  484.09185
 488.29861  486.31152  484.40919  488.02943  485.98247  484.02152  487.75183  485.64278  483.62091
 487.97693  485.92344  483.95560  487.69229  485.57885  483.55235  487.39998  485.22464  483.13735
 487.64157  485.52202  483.48910  487.34156  485.16209  483.07048  487.03466  484.79349  482.64131
 487.29252  485.10735  483.00973  486.97731  484.73228  482.57604  486.65591  484.34938  482.13280
 486.92989  484.67950  482.51765  486.59959  484.28944  482.06907  486.26380  483.89241  481.61194
 486.55371  484.23853  482.01289  486.20848  483.83367  481.54964  485.85839  483.42263  481.07880
 486.16406  483.78456  481.49559  485.80404  483.36508  481.01789  485.43974  482.94013  480.53347
 485.76103  483.31764  480.96585  485.38632  482.88370  480.47390  485.00793  482.44500  479.97605
 485.34467  482.83788  480.42373  484.95542  482.38964  479.91776  484.56303  481.93729  479.40662
 484.91503  482.34534  479.86936  484.51138  481.88298  479.34953  484.10510  481.41711  478.82526
 484.47224  481.84012  479.30283  484.05431  481.36380  478.76934  483.63424  480.88455  478.23211
 484.01635  481.32236  478.72426  483.58427  480.83221  478.17730  483.15051  480.33968  477.62722
 483.54742  480.79207  478.13375  483.10132  480.28826  477.57348  482.65398  479.78260  477.01071
 483.06557  480.24938  477.53138  482.60557  479.73208  476.95800  482.14478  479.21339  476.38267
 482.57086  479.69440  476.91728  482.09708  479.16373  476.33096  481.62292  478.63217  475.74321
 482.06336  479.12722  476.29155  481.57596  478.58332  475.69245  481.08855  478.03900  475.09246
 481.54321  478.54792  475.65431  481.04227  477.99098  475.04259  480.54172  477.43401  474.43046
 481.01045  477.95663  475.00565  480.49611  477.38674  474.38150  479.98252  476.81726  473.75738
 480.46519  477.35342  474.34571  479.93759  476.77075  473.70925  479.41108  476.18889  473.07331
 479.90750  476.73841  473.67458  479.36678  476.14312  473.02600  478.82745  475.54899  472.37834
 479.33752  476.11169  472.99237  478.78379  475.50392  472.33183  478.23174  474.89765  471.67261
 478.75531  475.47341  472.29920  478.18868  474.85328  471.62686  477.62405  474.23498  470.95619
 478.16097  474.82361  471.59521  477.58158  474.19127  470.91121  477.00450  473.56112  470.22926
 477.55461  474.16244  470.88047  476.96259  473.51804  470.18498  476.37313  472.87611  469.49187
 476.93630  473.49000  470.15513  476.33179  472.83367  469.44829  475.73011  472.18013  468.74417
 476.30620  472.80639  469.41930  475.68929  472.13828  468.70127  475.07550  471.47325  467.98629
 475.66436  472.11175  468.67308  475.03521  471.43200  467.94403  474.40941  470.75558  467.21831
 475.01092  471.40616  467.91664  474.36965  470.71491  467.17669  473.73195  470.02726  466.44036
 474.34597  470.68977  467.15005  473.69271  469.98715  466.39937  473.04324  469.28837  465.65258
 473.66961  469.96265  466.37346  473.00449  469.24882  465.61220  472.34339  468.53907  464.85508
 472.98197  469.22495  465.58698  472.30509  468.50003  464.81527  471.63250  467.77945  464.04800
 472.28314  468.47679  464.79073  471.59467  467.74091  464.00874  470.91066  467.00961  463.23142
 471.57325  467.71828  463.98487  470.87331  466.97159  463.19272  470.17802  466.22969  462.40550
 470.85241  466.94952  463.16948  470.14111  466.19217  462.36733  469.43469  465.43981  461.57033
 470.12073  466.17066  462.34468  469.39821  465.40277  461.53270  468.68076  464.64011  460.72608
 469.37830  465.38181  461.51065  468.64472  464.60352  460.68895  467.91638  463.83067  459.87286
 468.62528  464.58306  460.66746  467.88076  463.79455  459.83622  467.14163  463.01163  459.01076
 467.86178  463.77460  459.81527  467.10642  462.97597  458.97462  466.35667  462.18314  458.13997
 467.08788  462.95649  458.95420  466.32185  462.14789  458.10429  465.56157  461.34526  457.26055
 466.30374  462.12887  458.08436  465.52717  461.31046  457.22534  464.75650  460.49818  456.37268
 465.50948  461.29191  457.20591  464.72246  460.46379  456.33790  463.94156  459.64199  455.47645
 464.70519  460.44568  456.31896  463.90790  459.60801  455.44213  463.11689  458.77684  454.57203
 463.89102  459.59034  455.42366  463.08359  458.74324  454.53812  462.28256  457.90282  453.65950
 463.06709  458.72598  454.52009  462.24964  457.86963  453.62602  461.43875  457.02008  452.73903
 462.23351  457.85276  453.60842  461.40619  456.98727  452.70596  460.58557  456.12875  451.81072
 461.39041  456.97080  452.68877  460.55335  456.09632  451.77805  459.72314  455.22896  450.87471
 460.53792  456.08023  451.76128  459.69125  455.19688  450.84243  458.85158  454.32082  449.93114
 459.67618  455.18116  450.82607  458.82004  454.28910  449.89924  457.97102  453.40446  448.98012
 458.80528  454.27374  449.88324  457.93980  453.37310  448.94859  457.08159  452.48003  448.02179
 457.92538  453.35808  448.93298  457.05072  452.44901  447.99064  456.18343  451.54764  447.05628
 457.03659  452.43433  447.97538  456.15286  451.51698  447.02548  455.27666  450.60743  446.08371
 456.13905  451.50260  447.01057  455.24641  450.57710  446.05329  454.36140  449.65954  445.10424
 455.23289  450.56305  446.03871  454.33144  449.62951  445.07414  453.43779  448.70406  444.11797
 454.31821  449.61578  445.05989  453.40814  448.67437  444.08821  452.50595  447.74116  443.12502
 453.39519  448.66093  444.07428  452.47660  447.71179  443.09560  451.56602  446.77095  442.12555
 452.46391  447.69863  443.08198  451.53695  446.74188  442.09646  450.61810  445.79356  441.11967
 451.52454  446.72902  442.08314  450.58933  445.76478  441.09089  449.66237  444.80912  440.10752
 450.57719  445.75221  441.07788  449.63388  444.78066  440.07905  448.69894  443.81778  439.08921
 449.62197  444.76833  440.06631  448.67072  443.78960  439.06106  447.72791  442.81964  438.06489
 448.65906  443.77755  439.04861  447.69998  442.79176  438.03703  446.74945  441.81485  437.03468
 447.68856  442.77995  438.02485  446.72178  441.78724  437.00712  445.76369  440.80352  435.99869
 446.71060  441.77569  436.99518  445.73629  440.77621  435.97144  444.77073  439.78581  434.95707
 445.72532  440.76488  435.95976  444.74359  439.75876  434.93010  443.77073  438.76184  433.90997
 444.73285  439.74768  434.91867  443.74385  438.73505  433.88326  442.76380  437.73169  432.85745
 443.73332  438.72419  433.87208  442.73717  437.70519  432.83103  441.75009  436.69556  431.79968
 442.72685  437.69454  432.82008  441.72370  436.66930  431.77353  440.72971  435.65353  430.73677
 441.71359  436.65887  431.76280  440.70359  435.62754  430.71090  439.70282  434.60576  429.66888
 440.69367  435.61734  430.70040  439.67693  434.58002  429.64326  438.66952  433.55235  428.59609
 439.66722  434.57001  429.63298  438.64387  433.52685  428.57073  437.62996  432.49345  427.51854
 438.63434  433.51707  428.56066  437.60454  432.46820  427.49344  436.58425  431.42917  426.43635
 437.59519  432.45859  427.48358  436.55906  431.40415  426.41150  435.53255  430.35964  425.34967
 436.54991  431.39475  426.40185  435.50759  430.33487  425.32506  434.47496  429.28500  424.25858
 435.49862  430.32565  425.31560  434.45024  429.26045  424.23422  433.41162  428.20536  423.16324
 434.44141  429.25141  424.22494  433.38712  428.18106  423.13911  432.34267  427.12084  422.06374
 433.37847  428.17217  423.13001  432.31838  427.09676  422.03985  431.26822  426.03159  420.96020
 432.30989  427.08807  422.03093  431.24416  426.00772  420.93654  430.18840  424.93770  419.85276
 431.23583  425.99919  420.92782  430.16455  424.91407  419.82933  429.10337  423.83933  418.74155
 430.15639  424.90571  419.82077  429.07971  423.81590  418.71834  428.01321  422.73656  417.62664
 429.07170  423.80769  418.70995  427.98976  422.71336  417.60366  426.91806  421.62956  416.50820
 427.98190  422.70531  417.59542  426.89484  421.60655  416.48543  425.81806  420.51840  415.38631
 426.88711  421.59867  416.47736  425.79504  420.49563  415.36375  424.71334  419.40325  414.26109
 425.78745  420.48787  415.35584  424.69049  419.38066  414.23875  423.60400  418.28419  413.13267
 424.68306  419.37306  414.23098  423.58136  418.26180  413.11053  422.49017  417.16137  412.00116
 423.57406  418.25435  413.10291  422.46774  417.13918  411.97922  421.37200  416.03487  410.86667
 422.46056  417.13186  411.97175  421.34975  416.01289  410.84493  420.24957  414.90484  409.72928
 421.34271  416.00571  410.83760  420.22753  414.88308  409.70777  419.12306  413.77140  408.58917
 420.22060  414.87600  409.70056  419.10119  413.74982  408.56784  417.99253  412.63465  407.44638
 419.09438  413.74288  408.56076  417.97086  412.61326  407.42526  416.85813  411.49471  406.30108
 417.96417  412.60644  407.41832  416.83665  411.47350  406.28014  415.71999  410.35169  405.15334
 416.83008  411.46681  406.27332  415.69868  410.33067  405.13258  414.57823  409.20570  404.00327
 415.69223  410.32410  405.12590  414.55708  409.18487  403.98271  413.43292  408.05688  402.85098
 414.55075  409.17842  403.97615  413.41197  408.03621  402.83061  412.28425  406.90530  401.69661
 413.40575  408.02987  402.82417  412.26346  406.88482  401.67640  411.13229  405.75111  400.54020
 412.25733  406.87859  401.67006  411.11167  405.73080  400.52019  409.97715  404.59438  399.38190
 411.10565  405.72467  400.51396  409.95673  404.57425  399.36207  408.81898  403.43525  398.22180
 409.95078  404.56823  399.35594  408.79871  403.41530  398.20213  407.65787  402.27382  397.06000
 408.79286  403.40937  398.19612  407.63776  402.25403  397.04051  406.49394  401.11019  395.89660
 407.63202  402.24820  397.03460  406.47400  401.09057  395.87729  405.32730  399.94447  394.73171
 406.46836  401.08484  395.87146  405.30753  399.92502  394.71256  404.15806  398.77677  393.56540
 405.30198  399.91940  394.70685  404.13845  398.75748  393.54641  402.98635  397.60719  392.39781
 404.13300  398.75195  393.54081  402.96690  397.58806  392.37899  401.81225  396.43583  391.22900
 402.96153  397.58262  392.37347  401.79296  396.41686  391.21033  400.63590  395.26280  390.05908
 401.78767  396.41151  391.20491  400.61677  395.24399  390.04058  399.45739  394.08820  388.88815
 400.61156  395.23872  390.03525  399.43839  394.06954  388.86980  398.27682  392.91212  387.71629
 399.43327  394.06435  388.86455  398.25798  392.89361  387.69811  397.09429  391.73466  386.54361
 398.25293  392.88850  387.69294  397.07561  391.71629  386.52555  395.90994  390.55591  385.37017
 397.07064  391.71127  386.52048  395.89141  390.53772  385.35227  394.72385  389.37601  384.19609
 395.88652  390.53277  385.34729  394.70545  389.35794  384.17834  393.53612  388.19501  383.02145
 394.70064  389.35308  384.17343  393.51787  388.17709  383.00385  392.34686  387.01301  381.84633
 393.51313  388.17230  382.99902  392.32876  386.99524  381.82888  391.15616  385.83012  380.67082
 392.32408  386.99052  381.82411  391.13821  385.81249  380.65351  389.96415  384.64643  379.49502
 391.13360  385.80785  380.64883  389.94633  384.62894  379.47785  388.77089  383.46202  378.31899
 389.94178  384.62436  379.47323  388.75321  383.44468  378.30197  387.57649  382.27700  377.14283
 388.74873  383.44016  378.29742  387.55894  382.25978  377.12595  386.38106  381.09143  375.96663
 387.55453  382.25534  377.12146  386.36365  381.07435  375.94987  385.18468  379.90543  374.79044
 386.35930  381.06998  375.94546  385.16740  379.88848  374.77382  383.98745  378.71906  373.61437
 385.16312  379.88417  374.76948  383.97031  378.70225  373.59789  382.78946  377.53241  372.43849
 383.96608  378.69799  373.59360  382.77246  377.51574  372.42213  381.59082  376.34559  371.26287
 382.76828  377.51155  372.41792  381.57393  376.32905  371.24664  380.39160  375.15867  370.08760
 381.56981  376.32490  371.24249  380.37483  375.14224  370.07150  379.19188  373.97170  368.91274
 380.37077  375.13815  370.06739  379.17527  373.95542  368.89678  377.99178  372.78481  367.73838
 379.17124  373.95138  368.89272  377.97529  372.76866  367.72254  376.79138  371.59807  366.56459
 377.97132  372.76467  367.71854  376.77501  371.58204  366.54888  375.59075  370.41153  365.39143
 376.77109  371.57810  366.54493  375.57450  370.39563  365.37585  374.38999  369.22531  364.21899
 375.57064  370.39175  365.37195  374.37386  369.20952  364.20353  373.18918  368.03946  363.04734
 374.37004  369.20570  364.19969  373.17316  368.02378  363.03198  371.98839  366.85405  361.87653
 373.16940  368.02000  363.02820  371.97250  366.83850  361.86130  370.78772  365.66917  360.70663
 371.96878  366.83478  361.85756  370.77195  365.65374  360.69152  369.58726  364.48490  359.53773
 370.76827  365.65006  360.68783  369.57160  364.46958  359.52273  368.38706  363.30130  358.36987
 369.56796  364.46595  359.51909  368.37153  363.28610  358.35499  367.18722  362.11844  357.20314
 368.36793  363.28250  358.35140  367.17181  362.10336  357.18838  365.98782  360.93641  356.03759
 367.16823  362.09980  357.18481  365.97251  360.92144  356.02294  364.78892  359.75526  354.87328
 365.96899  360.91791  356.01942  364.77373  359.74039  354.85874  363.59061  358.57506  353.71028
 364.77024  359.73692  354.85526  363.57553  358.56031  353.69584  362.39296  357.39588  352.54864
 363.57208  358.55686  353.69241  362.37798  357.38124  352.53431  361.19604  356.21780  351.38843
 362.37457  357.37783  352.53092  361.18117  356.20326  351.37421  359.99992  355.04086  350.22971
 361.17779  356.19989  351.37086  359.98517  355.02643  350.21559  358.80468  353.86514  349.07252
 359.98182  355.02310  350.21228  358.79002  353.85081  349.05851  357.61040  352.69071  347.91695
 358.78672  353.84752  349.05523  357.59584  352.67648  347.90304  356.41712  351.51762  346.76303
 357.59256  352.67322  347.89979  356.40266  351.50349  346.74922  355.22492  350.34593  345.61082
 356.39942  351.50026  346.74600  355.21057  350.33190  345.59710  354.03387  349.17570  344.46036
 355.20735  350.32871  345.59392  354.01962  349.16177  344.44674  352.84404  348.00700  343.31172
   0.00000  349.15861  344.44360    0.00000  347.99317  343.29821    0.00000  346.83988  342.16496
