       nan        nan        nan        nan        nan        nan        nan        nan        nan 13929.64900        nan        nan        nan        nan        nan        nan        nan        nan 13926.96450 13884.59100        nan        nan        nan        nan        nan        nan        nan
13932.94200        nan        nan 13972.29150        nan        nan        nan        nan        nan 13930.25750 13887.88400        nan 13969.60700 13927.23350        nan        nan        nan        nan 13924.88500 13882.19750 13846.54450 13964.23450 13921.54700 13885.89400        nan        nan        nan
13936.85050 13894.47700        nan 13976.72750 13934.35400        nan 14009.67450 13967.30100        nan 13931.47800 13888.79050 13853.13750 13971.35500 13928.66750 13893.01450 14004.30200 13961.61450 13925.96150 13923.41350 13880.25500 13843.80350 13963.29050 13920.13200 13883.68050 13996.23750 13953.07900 13916.62750
13941.38600 13898.69850 13863.04550 13982.05600 13939.36850 13903.71550 14016.36650 13973.67900 13938.02600 13933.32150 13890.16300 13853.71150 13973.99150 13930.83300 13894.38150 14008.30200 13965.14350 13928.69200 13922.55950 13878.77300 13841.28850 13963.22950 13919.44300 13881.95850 13997.54000 13953.75350 13916.26900
13946.56500 13903.40650 13866.95500 13988.29000 13945.13150 13908.68000 14024.32150 13981.16300 13944.71150 13935.80300 13892.01650 13854.53200 13977.52800 13933.74150 13896.25700 14013.55950 13969.77300 13932.28850 13922.33300 13877.76500 13839.03700 13964.05800 13919.49000 13880.76200 14000.08950 13955.52150 13916.79350
13952.40550 13908.61900 13871.13450 13995.44100 13951.65450 13914.17000 14033.49350 13989.70700 13952.22250 13938.93550 13894.36750 13855.63950 13981.97100 13937.40300 13898.67500 14020.02350 13975.45550 13936.72750 13922.75000 13877.24900 13837.08950 13965.78550 13920.28450 13880.12500 14003.83800 13958.33700 13918.17750
13958.92300 13914.35500 13875.62700 14003.51050 13958.94250 13920.21450 14043.83000 13999.26200 13960.53400 13942.73750 13897.23650 13857.07700 13987.32500 13941.82400 13901.66450 14027.64450 13982.14350 13941.98400 13923.82550 13877.24450 13835.48950 13968.41300 13921.83200 13880.07700 14008.73250 13962.15150 13920.39650
13966.13650 13920.63550 13880.47600 14012.50150 13967.00050 13926.84100 14055.28700 14009.78600 13969.62650 13947.22450 13900.64350 13858.88850 13993.58950 13947.00850 13905.25350 14036.37500 13989.79400 13948.03900 13925.57550 13877.77550 13834.28200 13971.94050 13924.14050 13880.64700 14014.72600 13966.92600 13923.43250
13974.05950 13927.47850 13885.72350 14022.40700 13975.82600 13934.07100 14067.81900 14021.23800 13979.48300 13952.41050 13904.61050 13861.11700 14000.75800 13952.95800 13909.46450 14046.17000 13998.37000 13954.87650 13928.01400 13878.86250 13833.50800 13976.36150 13927.21000 13881.85550 14021.77350 13972.62200 13927.26750
13982.70500 13934.90500 13891.41150 14033.21850 13985.41850 13941.92500 14081.38800 14033.58800 13990.09450 13958.30850 13909.15700 13863.80250 14008.82200 13959.67050 13914.31600 14056.99150 14007.84000 13962.48550 13931.15500 13880.52800 13833.20700 13981.66850 13931.04150 13883.72050 14029.83800 13979.21100 13931.89000
13992.08350 13942.93200 13897.57750 14044.92500 13995.77350 13950.41900 14095.95800 14046.80650 14001.45200 13964.93000 13914.30300 13866.98200 14017.77150 13967.14450 13919.82350 14068.80450 14018.17750 13970.85650 13935.00950 13882.79200 13833.41400 13987.85100 13935.63350 13886.25550 14038.88400 13986.66650 13937.28850
14002.20300 13951.57600 13904.25500 14057.51600 14006.88900 13959.56800 14111.50050 14060.87350 14013.55250 13972.28250 13920.06500 13870.68700 14027.59550 13975.37800 13926.00000 14081.58000 14029.36250 13979.98450 13939.58600 13885.67250 13834.15950 13994.89900 13940.98550 13889.47250 14048.88350 13994.97000 13943.45700
14013.06950 13960.85200 13911.47400 14070.97900 14018.76150 13969.38350 14127.98650 14075.76900 14026.39100 13980.37300 13926.45950 13874.94650 14038.28250 13984.36900 13932.85600 14095.29000 14041.37650 13989.86350 13944.89300 13889.18700 13835.47200 14002.80250 13947.09650 13893.38150 14059.81000 14004.10400 13950.38900
14024.68700 13970.77350 13919.26050 14085.30050 14031.38700 13979.87400 14145.39200 14091.47850 14039.96550 13989.20700 13933.50100 13879.78600 14049.82050 13994.11450 13940.39950 14109.91200 14054.20600 14000.49100 13950.93600 13893.34950 13837.37500 14011.54950 13953.96300 13897.98850 14071.64100 14014.05450 13958.08000
14037.05800 13981.35200 13927.63700 14100.47150 14044.76550 13991.05050 14163.69750 14107.99150 14054.27650 13998.78700 13941.20050 13885.22600 14062.20050 14004.61400 13948.63950 14125.42650 14067.84000 14011.86550 13957.71950 13898.17350 13839.88850 14021.13300 13961.58700 13903.30200 14084.35900 14024.81300 13966.52800
14050.18550 13992.59900 13936.62450 14116.47900 14058.89250 14002.91800 14182.88350 14125.29700 14069.32250 14009.11800 13949.57200 13891.28700 14075.41150 14015.86550 13957.58050 14141.81600 14082.27000 14023.98500 13965.24850 13903.67100 13843.03250 14031.54200 13969.96450 13909.32600 14097.94650 14036.36900 13975.73050
14064.06950 14004.52350 13946.23850 14133.31550 14073.76950 14015.48450 14202.93400 14143.38800 14085.10300 14020.20000 13958.62250 13897.98400 14089.44600 14027.86850 13967.23000 14159.06450 14097.48700 14036.84850 13973.52450 13909.85050 13846.82050 14042.77050 13979.09650 13916.06650 14112.38900 14048.71500 13985.68500
14078.71200 14017.13450 13956.49600 14150.97100 14089.39350 14028.75500 14223.83550 14162.25800 14101.61950 14032.03650 13968.36250 13905.33250 14104.29550 14040.62150 13977.59150 14177.16000 14113.48600 14050.45600 13982.55050 13916.72200 13851.26800 14054.80950 13988.98100 13923.52700 14127.67400 14061.84550 13996.39150
14094.11200 14030.43800 13967.40800 14169.43750 14105.76350 14042.73350 14245.57600 14181.90200 14118.87200 14044.62600 13978.79750 13913.34350 14119.95150 14054.12300 13988.66900 14196.09000 14130.26150 14064.80750 13992.32800 13924.29350 13856.38500 14067.65350 13999.61900 13931.71050 14143.79200 14075.75750 14007.84900
14110.26850 14044.44000 13978.98600 14188.70800 14122.87950 14057.42550 14268.14300 14202.31450 14136.86050 14057.97050 13989.93600 13922.02750 14136.41000 14068.37550 14000.46700 14215.84500 14147.81050 14079.90200 14002.85800 13932.57000 13862.18250 14081.29750 14011.00950 13940.62200 14160.73250 14090.44450 14020.05700
14127.18300 14059.14850 13991.24000 14208.77600 14140.74150 14072.83300 14291.52850 14223.49400 14155.58550 14072.07050 14001.78250 13931.39500 14153.66350 14083.37550 14012.98800 14236.41600 14166.12800 14095.74050 14014.14200 13941.55900 13868.66950 14095.73500 14023.15200 13950.26250 14178.48750 14105.90450 14033.01500
14144.85400 14074.56600 14004.17850 14229.63600 14159.34800 14088.96050 14315.72350 14245.43550 14175.04800 14086.92550 14014.34250 13941.45300 14171.70750 14099.12450 14026.23500 14257.79500 14185.21200 14112.32250 14026.18050 13951.26450 13875.85350 14110.96250 14036.04650 13960.63550 14197.05000 14122.13400 14046.72300
14163.28050 14090.69750 14017.80800 14251.28200 14178.69900 14105.80950 14340.72100 14268.13800 14195.24850 14102.53550 14027.61950 13952.20850 14190.53700 14115.62100 14040.21000 14279.97600 14205.06000 14129.64900 14038.97300 13961.69150 13883.74100 14126.97450 14049.69300 13971.74250 14216.41350 14139.13200 14061.18150
14182.46300 14107.54700 14032.13600 14273.71100 14198.79500 14123.38400 14366.51450 14291.59850 14216.18750 14118.90050 14041.61900 13963.66850 14210.14850 14132.86700 14054.91650 14302.95200 14225.67050 14147.72000 14052.52200 13972.84400 13892.33950 14143.77000 14064.09200 13983.58750 14236.57350 14156.89550 14076.39100
14202.39900 14125.11750 14047.16700 14296.91800 14219.63650 14141.68600 14393.09700 14315.81550 14237.86500 14136.02050 14056.34250 13975.83800 14230.53950 14150.86150 14070.35700 14326.71850 14247.04050 14166.53600 14066.82550 13984.72450 13901.65150 14161.34450 14079.24350 13996.17050 14257.52350 14175.42250 14092.34950
14223.09000 14143.41200 14062.90750 14320.89950 14241.22150 14160.71700 14420.46450 14340.78650 14260.28200 14153.89500 14071.79400 13988.72100 14251.70450 14169.60350 14086.53050 14351.26950 14269.16850 14186.09550 14081.88550 13997.33800 13911.68500 14179.69500 14095.14750 14009.49450 14279.26000 14194.71250 14109.05950
14244.53400 14162.43300 14079.36000 14345.65200 14263.55100 14180.47800 14448.61100 14366.51000 14283.43700 14172.52450 14087.97700 14002.32400 14273.64250 14189.09500 14103.44200 14376.60150 14292.05400 14206.40100 14097.70200 14010.68550 13922.44250 14198.82000 14111.80350 14023.56050 14301.77900 14214.76250 14126.51950
14266.73050 14182.18300 14096.53000 14371.17350 14286.62600 14200.97300 14477.53450 14392.98700 14307.33400 14191.90800 14104.89150 14016.64850 14296.35100 14209.33450 14121.09150 14402.71200 14315.69550 14227.45250 14114.27450 14024.77000 13933.92800 14218.71750 14129.21300 14038.37100 14325.07850 14235.57400 14144.73200
14289.67950 14202.66300 14114.42000 14397.46000 14310.44350 14222.20050 14507.22900 14420.21250 14331.96950 14212.04600 14122.54150 14031.69950 14319.82650 14230.32200 14139.48000 14429.59550 14340.09100 14249.24900 14131.60250 14039.59400 13946.14400 14239.38300 14147.37450 14053.92450 14349.15200 14257.14350 14163.69350
14313.38100 14223.87650 14133.03450 14424.51150 14335.00700 14244.16500 14537.69400 14448.18950 14357.34750 14232.93750 14140.92900 14047.47900 14344.06800 14252.05950 14158.60950 14457.25050 14365.24200 14271.79200 14149.68800 14055.16000 13959.09650 14260.81850 14166.29050 14070.22700 14374.00100 14279.47300 14183.40950
14337.83200 14245.82350 14152.37350 14452.32250 14360.31400 14266.86400 14568.92250 14476.91400 14383.46400 14254.58250 14160.05450 14063.99100 14369.07300 14274.54500 14178.48150 14485.67300 14391.14500 14295.08150 14168.52950 14071.46850 13972.78450 14283.02000 14185.95900 14087.27500 14399.62000 14302.55900 14203.87500
14363.03400 14268.50600 14172.44250 14480.89400 14386.36600 14290.30250 14600.91500 14506.38700 14410.32350 14276.98100 14179.92000 14081.23600 14394.84100 14297.78000 14199.09600 14514.86200 14417.80100 14319.11700 14188.12700 14088.52200 13987.21250 14305.98700 14206.38200 14105.07250 14426.00800 14326.40300 14225.09350
14388.98700 14291.92600 14193.24200 14510.22300 14413.16200 14314.47800 14633.66800 14536.60700 14437.92300 14300.13300 14200.52800 14099.21850 14421.36900 14321.76400 14220.45450 14544.81400 14445.20900 14343.89950 14208.48250 14106.32200 14002.38400 14329.71850 14227.55800 14123.62000 14453.16350 14351.00300 14247.06500
14415.68850 14316.08350 14214.77400 14540.30700 14440.70200 14339.39250 14667.17850 14567.57350 14466.26400 14324.03800 14221.87750 14117.93950 14448.65650 14346.49600 14242.55800 14575.52800 14473.36750 14369.42950 14229.59350 14124.86900 14018.29900 14354.21200 14249.48750 14142.91750 14481.08350 14376.35900 14269.78900
14443.14050 14340.98000 14237.04200 14571.14650 14468.98600 14365.04800 14701.44500 14599.28450 14495.34650 14348.69600 14243.97150 14137.40150 14476.70200 14371.97750 14265.40750 14607.00050 14502.27600 14395.70600 14251.46200 14144.16600 14034.96100 14379.46800 14272.17200 14162.96700 14509.76650 14402.47050 14293.26550
14471.34100 14366.61650 14260.04650 14602.73900 14498.01450 14391.44450 14736.46600 14631.74150 14525.17150 14374.10700 14266.81100 14157.60600 14505.50500 14398.20900 14289.00400 14639.23200 14531.93600 14422.73100 14274.08750 14164.21350 14052.37100 14405.48550 14295.61150 14183.76900 14539.21250 14429.33850 14317.49600
14500.28950 14392.99350 14283.78850 14635.08400 14527.78800 14418.58300 14772.23900 14664.94300 14555.73800 14400.27000 14290.39600 14178.55350 14535.06450 14425.19050 14313.34800 14672.21950 14562.34550 14450.50300 14297.46950 14185.01050 14070.53000 14432.26400 14319.80500 14205.32450 14569.41900 14456.96000 14342.47950
14529.98700 14420.11300 14308.27050 14668.17950 14558.30550 14446.46300 14808.76250 14698.88850 14587.04600 14427.18650 14314.72750 14200.24700 14565.37900 14452.92000 14338.43950 14705.96200 14593.50300 14479.02250 14321.60850 14206.56150 14089.44250 14459.80100 14344.75400 14227.63500 14600.38400 14485.33700 14368.21800
14560.43250 14447.97350 14333.49300 14702.02450 14589.56550 14475.08500 14846.03550 14733.57650 14619.09600 14454.85450 14339.80750 14222.68850 14596.44650 14481.39950 14364.28050 14740.45750 14625.41050 14508.29150 14346.50550 14228.86550 14109.10700 14488.09750 14370.45750 14250.69900 14632.10850 14514.46850 14394.71000
14591.62400 14476.57700 14359.45800 14736.61800 14621.57100 14504.45200 14884.05500 14769.00800 14651.88900 14483.27500 14365.63500 14245.87650 14628.26900 14510.62900 14390.87050 14775.70600 14658.06600 14538.30750 14372.15900 14251.92250 14129.52550 14517.15300 14396.91650 14274.51950 14664.59000 14544.35350 14421.95650
14623.56450 14505.92450 14386.16600 14771.96050 14654.32050 14534.56200 14922.82200 14805.18200 14685.42350 14512.44850 14392.21200 14269.81500 14660.84450 14540.60800 14418.21100 14811.70600 14691.46950 14569.07250 14398.57050 14275.73550 14150.70000 14546.96650 14424.13150 14299.09600 14697.82800 14574.99300 14449.95750
14656.25200 14536.01550 14413.61850 14808.04950 14687.81300 14565.41600 14962.33400 14842.09750 14719.70050 14542.37400 14419.53900 14294.50350 14694.17150 14571.33650 14446.30100 14848.45600 14725.62100 14600.58550 14425.73950 14300.30450 14172.63200 14577.53700 14452.10200 14324.42950 14731.82150 14606.38650 14478.71400
14689.68650 14566.85150 14441.81600 14844.88550 14722.05050 14597.01500 15002.58950 14879.75450 14754.71900 14573.05200 14447.61700 14319.94450 14728.25100 14602.81600 14475.14350 14885.95500 14760.52000 14632.84750 14453.66650 14325.63000 14195.32200 14608.86550 14480.82900 14350.52100 14766.56950 14638.53300 14508.22500
14723.86750 14598.43250 14470.76000 14882.46700 14757.03200 14629.35950 15043.58850 14918.15350 14790.48100 14604.48200 14476.44550 14346.13750 14763.08150 14635.04500 14504.73700 14924.20300 14796.16650 14665.85850 14482.35100 14351.71300 14218.77200 14640.95050 14510.31250 14377.37150 14802.07200 14671.43400 14538.49300
14758.79500 14630.75850 14500.45050 14920.79300 14792.75650 14662.44850 15085.32900 14957.29250 14826.98450 14636.66400 14506.02600 14373.08500 14798.66200 14668.02400 14535.08300 14963.19800 14832.56000 14699.61900 14511.79300 14378.55350 14242.98200 14673.79100 14540.55150 14404.98000 14838.32700 14705.08750 14569.51600
14794.46900 14663.83100 14530.89000 14959.86300 14829.22500 14696.28400 15127.81000 14997.17200 14864.23100 14669.59800 14536.35850 14400.78700 14834.99200 14701.75250 14566.18100 15002.93900 14869.69950 14734.12800 14541.99400 14406.15350 14267.95400 14707.38800 14571.54750 14433.34800 14875.33500 14739.49450 14601.29500
14830.88800 14697.64850 14562.07700 14999.67700 14866.43750 14730.86600 15171.03050 15037.79100 14902.21950 14703.28400 14567.44350 14429.24400 14872.07300 14736.23250 14598.03300 15043.42650 14907.58600 14769.38650 14572.95250 14434.51250 14293.68850 14741.74150 14603.30150 14462.47750 14913.09500 14774.65500 14633.83100
14868.05400 14732.21350 14594.01400 15040.23400 14904.39350 14766.19400 15214.99050 15079.15000 14940.95050 14737.72250 14599.28250 14458.45850 14909.90250 14771.46250 14630.63850 15084.65900 14946.21900 14805.39500 14604.67050 14463.63200 14320.18650 14776.85050 14635.81200 14492.36650 14951.60700 14810.56850 14667.12300
14905.96500 14767.52500 14626.70100 15081.53350 14943.09350 14802.26950 15259.68900 15121.24900 14980.42500 14772.91300 14631.87450 14488.42900 14948.48150 14807.44300 14663.99750 15126.63700 14985.59850 14842.15300 14637.14600 14493.51200 14347.44850 14812.71450 14669.08050 14523.01700 14990.87000 14847.23600 14701.17250
14944.62150 14803.58300 14660.13750 15123.57550 14982.53700 14839.09150 15305.12500 15164.08650 15020.64100 14808.85450 14665.22050 14519.15700 14987.80850 14844.17450 14698.11100 15169.35800 15025.72400 14879.66050 14670.38000 14524.15200 14375.47600 14849.33400 14703.10600 14554.43000 15030.88350 14884.65550 14735.97950
14984.02400 14840.39000 14694.32650 15166.35850 15022.72450 14876.66100 15351.29700 15207.66300 15061.59950 14845.54950 14699.32150 14550.64550 15027.88400 14881.65600 14732.98000 15212.82250 15066.59450 14917.91850 14704.37450 14555.55500 14404.27100 14886.70900 14737.88950 14586.60550 15071.64750 14922.82800 14771.54400
15024.17100 14877.94300 14729.26700 15209.88250 15063.65450 14914.97850 15398.20550 15251.97750 15103.30150 14882.99600 14734.17650 14582.89250 15068.70750 14919.88800 14768.60400 15257.03050 15108.21100 14956.92700 14739.12650 14587.72050 14433.83200 14924.83800 14773.43200 14619.54350 15113.16100 14961.75500 14807.86650
15065.06400 14916.24450 14764.96050 15254.14800 15105.32850 14954.04450 15445.84850 15297.02900 15145.74500 14921.19450 14769.78850 14615.90000 15110.27850 14958.87250 14804.98400 15301.97900 15150.57300 14996.68450 14774.63900 14620.64900 14464.16100 14963.72300 14809.73300 14653.24500 15155.42350 15001.43350 14844.94550
15106.70100 14955.29500 14801.40650 15299.15250 15147.74650 14993.85800 15494.22650 15342.82050 15188.93200 14960.14550 14806.15550 14649.66750 15152.59700 14998.60700 14842.11900 15347.67100 15193.68100 15037.19300 14810.91050 14654.34050 14495.25900 15003.36200 14846.79200 14687.71050 15198.43600 15041.86600 14882.78450
15149.08400 14995.09400 14838.60600 15344.89800 15190.90800 15034.42000 15543.33850 15389.34850 15232.86050 14999.84900 14843.27900 14684.19750 15195.66300 15039.09300 14880.01150 15394.10350 15237.53350 15078.45200 14847.94150 14688.79650 14527.12650 15043.75550 14884.61050 14722.94050 15242.19600 15083.05100 14921.38100
15192.21150 15035.64150 14876.56000 15391.38250 15234.81250 15075.73100 15593.18350 15436.61350 15277.53200 15040.30400 14881.15900 14719.48900 15239.47500 15080.33000 14918.66000 15441.27600 15282.13100 15120.46100 14885.73300 14724.01650 14559.76500 15084.90400 14923.18750 14758.93600 15286.70500 15124.98850 14960.73700
15236.08250 15076.93750 14915.26750 15438.60500 15279.46000 15117.79000 15643.76100 15484.61600 15322.94600 15081.51150 14919.79500 14755.54350 15284.03400 15122.31750 14958.06600 15489.19000 15327.47350 15163.22200 14924.28400 14760.00200 14593.17300 15126.80650 14962.52450 14795.69550 15331.96250 15167.68050 15000.85150
15280.69950 15118.98300 14954.73150 15486.56750 15324.85100 15160.59950 15695.07050 15533.35400 15369.10250 15123.47200 14959.19000 14792.36100 15329.34000 15165.05800 14998.22900 15537.84300 15373.56100 15206.73200 14963.59600 14796.75300 14627.35450 15169.46400 15002.62100 14833.22250 15377.96700 15211.12400 15041.72550
15326.06050 15161.77850 14994.94950 15535.26750 15370.98550 15204.15650 15747.11200 15582.83000 15416.00100 15166.18450 14999.34150 14829.94300 15375.39150 15208.54850 15039.15000 15587.23600 15420.39300 15250.99450 15003.66750 14834.27000 14662.30800 15212.87450 15043.47700 14871.51500 15424.71900 15255.32150 15083.35950
15372.16550 15205.32250 15035.92400 15584.70600 15417.86300 15248.46450 15799.88400 15633.04100 15463.64250 15209.64850 15040.25100 14868.28900 15422.18900 15252.79150 15080.82950 15637.36700 15467.96950 15296.00750 15044.50000 14872.55350 14698.03500 15257.04050 15085.09400 14910.57550 15472.21850 15300.27200 15125.75350
15419.01450 15249.61700 15077.65500 15634.88100 15465.48350 15293.52150 15853.38600 15683.98850 15512.02650 15253.86600 15081.91950 14907.40100 15469.73250 15297.78600 15123.26750 15688.23750 15516.29100 15341.77250 15086.09400 14911.60350 14734.53600 15301.96050 15127.47000 14950.40250 15520.46550 15345.97500 15168.90750
15466.60850 15294.66200 15120.14350 15685.79400 15513.84750 15339.32900 15907.61900 15735.67250 15561.15400 15298.83650 15124.34600 14947.27850 15518.02200 15343.53150 15166.46400 15739.84700 15565.35650 15388.28900 15128.44900 14951.42200 14771.81200 15347.63450 15170.60750 14990.99750 15569.45950 15392.43250 15212.82250
15514.94600 15340.45550 15163.38800 15737.44400 15562.95350 15385.88600 15962.58100 15788.09050 15611.02300 15344.55850 15167.53150 14987.92150 15567.05650 15390.02950 15210.41950 15792.19350 15615.16650 15435.55650 15171.56450 14992.00800 14809.86250 15394.06250 15214.50600 15032.36050 15619.19950 15439.64300 15257.49750
15564.02700 15387.00000 15207.39000 15789.83100 15612.80400 15433.19400 16018.27100 15841.24400 15661.63400 15391.03300 15211.47650 15029.33100 15616.83700 15437.28050 15255.13500 15845.27700 15665.72050 15483.57500 15215.44200 15033.36250 14848.68950 15441.24600 15259.16650 15074.49350 15669.68600 15487.60650 15302.93350
15613.85250 15434.29600 15252.15050 15842.95400 15663.39750 15481.25200 16074.69000 15895.13350 15712.98800 15438.26150 15256.18200 15071.50900 15667.36300 15485.28350 15300.61050 15899.09900 15717.01950 15532.34650 15260.08150 15075.48600 14888.29350 15489.18300 15304.58750 15117.39500 15720.91900 15536.32350 15349.13100
15664.42250 15482.34300 15297.67000 15896.81350 15714.73400 15530.06100 16131.83750 15949.75800 15765.08500 15486.24250 15301.64700 15114.45450 15718.63350 15534.03800 15346.84550 15953.65750 15769.06200 15581.86950 15305.48350 15118.37900 14928.67550 15537.87450 15350.77000 15161.06650 15772.89850 15585.79400 15396.09050
15715.73550 15531.14000 15343.94750 15951.40850 15766.81300 15579.62050 16189.71100 16005.11550 15817.92300 15534.97650 15347.87200 15158.16850 15770.64950 15583.54500 15393.84150 16008.95200 15821.84750 15632.14400 15351.64700 15162.04200 14969.83500 15587.32000 15397.71500 15205.50800 15825.62250 15636.01750 15443.81050
15767.79250 15580.68800 15390.98450 16006.73900 15819.63450 15629.93100 16248.31300 16061.20850 15871.50500 15584.46300 15394.85800 15202.65100 15823.40950 15633.80450 15441.59750 16064.98350 15875.37850 15683.17150 15398.57300 15206.47500 15011.77300 15637.51950 15445.42150 15250.71950 15879.09350 15686.99550 15492.29350
15820.59300 15630.98800 15438.78100 16062.80450 15873.19950 15680.99250 16307.64050 16118.03550 15925.82850 15634.70300 15442.60500 15247.90300 15876.91450 15684.81650 15490.11450 16121.75050 15929.65250 15734.95050 15446.26250 15251.67850 15054.49150 15688.47400 15493.89000 15296.70300 15933.31000 15738.72600 15541.53900
15874.13700 15682.03900 15487.33700 16119.60550 15927.50750 15732.80550 16367.69450 16175.59650 15980.89450 15685.69650 15491.11250 15293.92550 15931.16500 15736.58100 15539.39400 16179.25400 15984.67000 15787.48300 15494.71450 15297.65400 15097.98950 15740.18300 15543.12250 15343.45800 15988.27200 15791.21150 15591.54700
15928.42500 15733.84100 15536.65400 16177.14200 15982.55800 15785.37100 16428.47450 16233.89050 16036.70350 15737.44300 15540.38250 15340.71800 15986.16000 15789.09950 15589.43500 16237.49250 16040.43200 15840.76750 15543.92950 15344.40100 15142.26800 15792.64650 15593.11800 15390.98500 16043.97900 15844.45050 15642.31750
15983.45600 15786.39550 15586.73100 16235.41250 16038.35200 15838.68750 16489.97950 16292.91900 16093.25450 15789.94250 15590.41400 15388.28100 16041.89900 15842.37050 15640.23750 16296.46600 16096.93750 15894.80450 15593.90750 15391.91950 15187.32800 15845.86400 15643.87600 15439.28450 16100.43100 15898.44300 15693.85150
16039.23100 15839.70250 15637.56950 16294.41700 16094.88850 15892.75550 16552.20950 16352.68100 16150.54800 15843.19600 15641.20800 15436.61650 16098.38200 15896.39400 15691.80250 16356.17450 16154.18650 15949.59500 15644.65000 15440.21150 15233.17100 15899.83600 15695.39750 15488.35700 16157.62850 15953.19000 15746.14950
16095.74850 15893.76050 15689.16900 16354.15550 16152.16750 15947.57600 16615.16350 16413.17550 16208.58400 15897.20250 15692.76400 15485.72350 16155.60950 15951.17100 15744.13050 16416.61750 16212.17900 16005.13850 15696.15650 15489.27600 15279.79550 15954.56350 15747.68300 15538.20250 16215.57150 16008.69100 15799.21050
16153.00950 15948.57100 15741.53050 16414.62800 16210.18950 16003.14900 16678.84150 16474.40300 16267.36250 15951.96350 15745.08300 15535.60250 16213.58200 16006.70150 15797.22100 16477.79550 16270.91500 16061.43450 15748.42700 15539.11450 15327.20350 16010.04550 15800.73300 15588.82200 16274.25900 16064.94650 15853.03550
16211.01450 16004.13400 15794.65350 16475.83500 16268.95450 16059.47400 16743.24400 16536.36350 16326.88300 16007.47800 15798.16550 15586.25450 16272.29850 16062.98600 15851.07500 16539.70750 16330.39500 16118.48400 15801.46150 15589.72650 15375.39550 16066.28200 15854.54700 15640.21600 16333.69100 16121.95600 15907.62500
16269.76250 16060.45000 15848.53900 16537.77500 16328.46250 16116.55150 16808.36950 16599.05700 16387.14600 16063.74600 15852.01100 15637.68000 16331.75850 16120.02350 15905.69250 16602.35300 16390.61800 16176.28700 15855.26100 15641.11250 15424.37250 16123.27350 15909.12500 15692.38500 16393.86800 16179.71950 15962.97950
16329.25350 16117.51850 15903.18750 16600.44750 16388.71250 16174.38150 16874.21750 16662.48250 16448.15150 16120.76850 15906.62000 15689.88000 16391.96250 16177.81400 15961.07400 16665.73250 16451.58400 16234.84400 15909.82550 15693.27450 15474.13450 16181.01950 15964.46850 15745.32850 16454.78950 16238.23850 16019.09850
16389.48800 16175.33950 15958.59950 16663.85350 16449.70500 16232.96500 16940.78850 16726.64000 16509.90000 16178.54500 15961.99400 15742.85400 16452.91050 16236.35950 16017.21950 16729.84550 16513.29450 16294.15450 15965.15550 15746.21100 15524.68250 16239.52100 16020.57650 15799.04800 16516.45600 16297.51150 16075.98300
16450.46550 16233.91450 16014.77450 16727.99200 16511.44100 16292.30100 17008.08050 16791.52950 16572.38950 16237.07600 16018.13150 15796.60300 16514.60250 16295.65800 16074.12950 16794.69100 16575.74650 16354.21800 16021.25050 15799.92400 15576.01700 16298.77700 16077.45050 15853.54350 16578.86550 16357.53900 16133.63200
16512.18600 16293.24150 16071.71300 16792.86400 16573.91950 16352.39100 17076.09600 16857.15150 16635.62300 16296.36050 16075.03400 15851.12700 16577.03850 16355.71200 16131.80500 16860.27050 16638.94400 16415.03700 16078.11150 15854.41250 15628.13750 16358.78950 16135.09050 15908.81550 16642.02150 16418.32250 16192.04750
16574.65000 16353.32350 16129.41650 16858.46800 16637.14150 16413.23450 17144.83150 16923.50500 16699.59800 16356.40100 16132.70200 15906.42700 16640.21900 16416.52000 16190.24500 16926.58250 16702.88350 16476.60850 16135.73900 15909.67800 15681.04750 16419.55700 16193.49600 15964.86550 16705.92050 16479.85950 16251.22900
16637.85700 16414.15800 16187.88300 16924.80400 16701.10500 16474.83000 17214.28900 16990.59000 16764.31500 16417.19500 16191.13400 15962.50350 16704.14200 16478.08100 16249.45050 16993.62700 16767.56600 16538.93550 16194.13200 15965.72100 15734.74450 16481.07900 16252.66800 16021.69150 16770.56400 16542.15300 16311.17650
16701.80750 16475.74650 16247.11600 16991.87250 16765.81150 16537.18100 17284.46700 17058.40600 16829.77550 16478.74450 16250.33350 16019.35700 16768.80950 16540.39850 16309.42200 17061.40400 16832.99300 16602.01650 16253.29250 16022.54150 15789.23150 16543.35750 16312.60650 16079.29650 16835.95200 16605.20100 16371.89100
16766.50050 16538.08950 16307.11300 17059.67200 16831.26100 16600.28450 17355.36500 17126.95400 16895.97750 16541.04850 16310.29750 16076.98750 16834.22000 16603.46900 16370.15900 17129.91300 16899.16200 16665.85200 16313.21900 16080.13950 15844.50800 16606.39050 16373.31100 16137.67950 16902.08350 16669.00400 16433.37250
16831.93650 16601.18550 16367.87550 17128.20350 16897.45250 16664.14250 17426.98350 17196.23250 16962.92250 16604.10700 16371.02750 16135.39600 16900.37400 16667.29450 16431.66300 17199.15400 16966.07450 16730.44300 16373.91250 16138.51600 15900.57350 16670.17950 16434.78300 16196.84050 16968.95950 16733.56300 16495.62050
16898.11550 16665.03600 16429.40450 17197.46650 16964.38700 16728.75550 17499.32150 17266.24200 17030.61050 16667.92100 16432.52450 16194.58200 16967.27200 16731.87550 16493.93300 17269.12700 17033.73050 16795.78800 16435.37400 16197.67150 15957.43100 16734.72500 16497.02250 16256.78200 17036.58000 16798.87750 16558.63700
16965.03750 16729.64100 16491.69850 17267.46100 17032.06450 16794.12200 17572.37900 17336.98250 17099.04000 16732.49050 16494.78800 16254.54750 17034.91400 16797.21150 16556.97100 17339.83200 17102.12950 16861.88900 16497.60250 16257.60650 16015.07950 16800.02600 16560.03000 16317.50300 17104.94400 16864.94800 16622.42100
17032.70250 16795.00000 16554.75950 17338.18700 17100.48450 16860.24400 17646.15550 17408.45300 17168.21250 16797.81450 16557.81850 16315.29150 17103.29900 16863.30300 16620.77600 17411.26750 17171.27150 16928.74450 16560.59900 16318.32150 16073.51950 16866.08350 16623.80600 16379.00400 17174.05200 16931.77450 16686.97250
17101.11050 16861.11450 16618.58750 17409.64300 17169.64700 16927.12000 17720.65000 17480.65400 17238.12700 16863.89500 16621.61750 16376.81550 17172.42750 16930.15000 16685.34800 17483.43450 17241.15700 16996.35500 16624.36450 16379.81700 16132.75300 16932.89700 16688.34950 16441.28550 17243.90400 16999.35650 16752.29250
17170.26150 16927.98400 16683.18200 17481.83000 17239.55250 16994.75050 17795.86350 17553.58600 17308.78400 16930.73100 16686.18350 16439.11950 17242.29950 16997.75200 16750.68800 17556.33300 17311.78550 17064.72150 16688.89800 16442.09250 16192.77950 17000.46650 16753.66100 16504.34800 17314.50000 17067.69450 16818.38150
17240.15600 16995.60850 16748.54450 17554.74850 17310.20100 17063.13700 17871.79500 17627.24750 17380.18350 16998.32300 16751.51750 16502.20450 17312.91550 17066.11000 16816.79700 17629.96200 17383.15650 17133.84350 16754.20100 16505.15000 16253.60000 17068.79350 16819.74250 16568.19250 17385.84000 17136.78900 16885.23900
17310.79300 17063.98750 16814.67450 17628.39700 17381.59150 17132.27850 17948.44500 17701.63950 17452.32650 17066.67100 16817.62000 16566.07000 17384.27500 17135.22400 16883.67400 17704.32300 17455.27200 17203.72200 16820.27200 16568.98850 16315.21500 17137.87600 16886.59250 16632.81900 17457.92400 17206.64050 16952.86700
17382.17350 17133.12250 16881.57250 17702.77650 17453.72550 17202.17550 18025.81200 17776.76100 17525.21100 17135.77450 16884.49100 16630.71750 17456.37750 17205.09400 16951.32050 17779.41300 17528.12950 17274.35600 16887.11250 16633.60950 16377.62450 17207.71550 16954.21250 16698.22750 17530.75100 17277.24800 17021.26300
17454.29650 17203.01300 16949.23950 17777.88550 17526.60200 17272.82850 18103.89550 17852.61200 17598.83850 17205.63450 16952.13150 16696.14650 17529.22350 17275.72050 17019.73550 17855.23350 17601.73050 17345.74550 16954.72350 16699.01300 16440.83050 17278.31250 17022.60200 16764.41950 17604.32250 17348.61200 17090.42950
17527.16200 17273.65900 17017.67400 17853.72400 17600.22100 17344.23600 18182.69600 17929.19300 17673.20800 17276.25100 17020.54050 16762.35800 17602.81300 17347.10250 17088.92000 17931.78500 17676.07450 17417.89200 17023.10350 16765.19950 16504.83300 17349.66550 17091.76150 16831.39500 17678.63750 17420.73350 17160.36700
17600.77150 17345.06100 17086.87850 17930.29300 17674.58250 17416.40000 18262.21300 18006.50250 17748.32000 17347.62400 17089.72000 16829.35350 17677.14550 17419.24150 17158.87500 18009.06550 17751.16150 17490.79500 17092.25450 16832.16950 16569.63250 17421.77600 17161.69100 16899.15400 17753.69600 17493.61100 17231.07400
17675.12300 17417.21900 17156.85250 18007.59150 17749.68750 17489.32100 18342.44650 18084.54250 17824.17600 17419.75350 17159.66850 16897.13150 17752.22200 17492.13700 17229.60000 18087.07700 17826.99200 17564.45500 17162.17600 16899.92350 16635.22850 17494.64450 17232.39200 16967.69700 17829.49950 17567.24700 17302.55200
17750.21850 17490.13350 17227.59650 18085.61950 17825.53450 17562.99750 18423.39600 18163.31100 17900.77400 17492.64100 17230.38850 16965.69350 17828.04200 17565.78950 17301.09450 18165.81850 17903.56600 17638.87100 17232.86850 16968.46200 16701.62450 17568.26950 17303.86300 17037.02550 17906.04600 17641.63950 17374.80200
17826.05700 17563.80450 17299.10950 18164.37750 17902.12500 17637.43000 18505.06150 18242.80900 17978.11400 17566.28450 17301.87800 17035.04050 17904.60500 17640.19850 17373.36100 18245.28900 17980.88250 17714.04500 17304.33200 17037.78550 16768.81800 17642.65250 17376.10600 17107.13850 17983.33650 17716.79000 17447.82250
17902.63850 17638.23200 17371.39450 18243.86450 17979.45800 17712.62050 18587.44150 18323.03500 18056.19750 17640.68600 17374.13950 17105.17200 17981.91200 17715.36550 17446.39800 18325.48900 18058.94250 17789.97500 17376.56700 17107.89450 16836.81200 17717.79300 17449.12050 17178.03800 18061.37000 17792.69750 17521.61500
17979.96250 17713.41600 17444.44850 18324.08050 18057.53400 17788.56650 18670.53700 18403.99050 18135.02300 17715.84350 17447.17100 17176.08850 18059.96150 17791.28900 17520.20650 18406.41800 18137.74550 17866.66300 17449.57300 17178.78900 16905.60500 17793.69100 17522.90700 17249.72300 18140.14750 17869.36350 17596.17950
18058.03000 17789.35750 17518.27500 18405.02550 18136.35300 17865.27050 18754.34700 18485.67450 18214.59200 17791.75950 17520.97550 17247.79150 18138.75500 17867.97100 17594.78700 18488.07650 18217.29250 17944.10850 17523.35250 17250.47000 16975.20000 17870.34800 17597.46550 17322.19550 18219.66950 17946.78700 17671.51700
18136.84000 17866.05600 17592.87200 18486.69950 18215.91550 17942.73150 18838.87150 18568.08750 18294.90350 17868.43300 17595.55050 17320.28050 18218.29250 17945.41000 17670.14000 18570.46450 18297.58200 18022.31200 17597.90350 17322.93750 17045.59600 17947.76300 17672.79700 17395.45550 18299.93500 18024.96900 17747.62750
18216.39450 17943.51200 17668.24200 18569.10250 18296.22000 18020.95000 18924.11050 18651.22800 18375.95800 17945.86500 17670.89900 17393.55750 18298.57300 18023.60700 17746.26550 18653.58100 18378.61500 18101.27350 17673.22800 17396.19300 17116.79400 18025.93600 17748.90100 17469.50200 18380.94400 18103.90900 17824.51000
18296.69100 18021.72500 17744.38350 18652.23400 18377.26800 18099.92650 19010.06350 18735.09750 18457.75600 18024.05400 17747.01900 17467.62000 18379.59700 18102.56200 17823.16300 18737.42650 18460.39150 18180.99250 17749.32450 17470.23500 17188.79450 18104.86750 17825.77800 17544.33750 18462.69700 18183.60750 17902.16700
18377.73100 18100.69600 17821.29700 18736.09350 18459.05850 18179.65950 19096.73000 18819.69500 18540.29600 18103.00150 17823.91200 17542.47150 18461.36400 18182.27450 17900.83400 18822.00050 18542.91100 18261.47050 17826.19550 17545.06650 17261.59800 18184.55800 17903.42900 17619.96050 18545.19450 18264.06550 17980.59700
18459.51400 18180.42450 17898.98400 18820.68200 18541.59250 18260.15200 19184.10900 18905.01950 18623.57900 18182.70800 17901.57900 17618.11050 18543.87600 18262.74700 17979.27850 18907.30300 18626.17400 18342.70550 17903.83900 17620.68550 17335.20550 18265.00700 17981.85350 17696.37350 18628.43400 18345.28050 18059.80050
18542.04100 18260.91200 17977.44350 18905.99900 18624.87000 18341.40150 19272.20250 18991.07350 18707.60500 18263.17200 17980.01850 17694.53850 18627.13000 18343.97650 18058.49650 18993.33350 18710.18000 18424.70000 17982.25700 17697.09450 17409.61700 18346.21500 18061.05250 17773.57500 18712.41850 18427.25600 18139.77850
18625.31000 18342.15650 18056.67650 18992.04300 18708.88950 18423.40950 19361.00750 19077.85400 18792.37400 18344.39500 18059.23250 17771.75500 18711.12800 18425.96550 18138.48800 19080.09250 18794.93000 18507.45250 18061.44900 17774.29250 17484.83450 18428.18200 18141.02550 17851.56750 18797.14650 18509.99000 18220.53200
18709.32300 18424.16050 18136.68300 19078.81600 18793.65350 18506.17600 19450.52650 19165.36400 18877.88650 18426.37700 18139.22050 17849.76250 18795.87000 18508.71350 18219.25550 19167.58050 18880.42400 18590.96600 18141.41600 17852.28050 17560.85750 18510.90900 18221.77350 17930.35050 18882.61950 18593.48400 18302.06100
18794.07950 18506.92300 18217.46500 19166.31600 18879.15950 18589.70150 19540.75650 19253.60000 18964.14200 18509.11850 18219.98300 17928.56000 18881.35500 18592.21950 18300.79650 19255.79550 18966.66000 18675.23700 18222.15850 17931.06000 17637.68700 18594.39500 18303.29650 18009.92350 18968.83550 18677.73700 18384.36400
18879.57900 18590.44350 18299.02050 19254.54450 18965.40900 18673.98600 19631.69900 19342.56350 19051.14050 18592.61900 18301.52050 18008.14750 18967.58450 18676.48600 18383.11300 19344.73900 19053.64050 18760.26750 18303.67500 18010.62950 17715.32350 18678.64050 18385.59500 18090.28900 19055.79500 18762.74950 18467.44350
18965.82250 18674.72400 18381.35100 19343.50100 19052.40250 18759.02950 19723.35350 19432.25500 19138.88200 18676.87850 18383.83300 18088.52700 19054.55700 18761.51150 18466.20550 19434.40950 19141.36400 18846.05800 18385.96800 18090.99100 17793.76750 18763.64650 18468.66950 18171.44600 19143.49900 18848.52200 18551.29850
19052.80850 18759.76300 18464.45700 19433.18400 19140.13850 18844.83250 19815.71900 19522.67350 19227.36750 18761.89800 18466.92100 18169.69750 19142.27350 18847.29650 18550.07300 19524.80850 19229.83150 18932.60800 18469.03700 18172.14450 17873.02000 18849.41250 18552.52000 18253.39550 19231.94750 18935.05500 18635.93050
19140.53900 18845.56200 18548.33850 19523.59550 19228.61850 18931.39500 19908.79650 19613.81950 19316.59600 18847.67800 18550.78550 18251.66100 19230.73450 18933.84200 18634.71750 19615.93550 19319.04300 19019.91850 18552.88200 18254.09100 17953.08150 18935.93850 18637.14750 18336.13800 19321.13950 19022.34850 18721.33900
19229.01250 18932.12000 18632.99550 19614.73400 19317.84150 19018.71700 20002.58450 19705.69200 19406.56750 18934.21650 18635.42550 18334.41600 19319.93800 19021.14700 18720.13750 19707.78850 19408.99750 19107.98800 18637.50300 18336.82950 18033.95200 19023.22450 18722.55100 18419.67350 19411.07500 19110.40150 18807.52400
19318.22950 19019.43850 18718.42900 19706.59950 19407.80850 19106.79900 20097.08350 19798.29250 19497.28300 19021.51600 18720.84250 18417.96500 19409.88600 19109.21250 18806.33500 19800.37000 19499.69650 19196.81900 18722.90200 18420.36200 18115.63300 19111.27200 18808.73200 18504.00300 19501.75600 19199.21600 18894.48700
19408.19000 19107.51650 18804.63900 19799.19250 19498.51900 19195.64150 20192.29250 19891.61900 19588.74150 19109.57600 18807.03600 18502.30700 19500.57850 19198.03850 18893.30950 19893.67850 19591.13850 19286.40950 18809.07750 18504.68850 18198.12500 19200.08000 18895.69100 18589.12750 19593.18000 19288.79100 18982.22750
19498.89500 19196.35500 18891.62600 19892.51250 19589.97250 19285.24350 20288.21250 19985.67250 19680.94350 19198.39650 18894.00750 18587.44400 19592.01400 19287.62500 18981.06150 19987.71400 19683.32500 19376.76150 18896.03150 18589.80950 18281.42900 19289.64900 18983.42700 18675.04650 19685.34900 19379.12700 19070.74650
19590.34300 19285.95400 18979.39050 19986.55950 19682.17050 19375.60700 20384.84200 20080.45300 19773.88950 19287.97800 18981.75600 18673.37550 19684.19450 19377.97250 19069.59200 20082.47700 19776.25500 19467.87450 18983.76250 18675.72550 18365.54450 19379.97900 19071.94200 18761.76100 19778.26150 19470.22450 19160.04350
19682.53500 19376.31300 19067.93250 20081.33300 19775.11100 19466.73050 20482.18150 20175.95950 19867.57900 19378.31950 19070.28250 18760.10150 19777.11750 19469.08050 19158.89950 20177.96600 19869.92900 19559.74800 19072.27200 18762.43600 18450.47300 19471.07000 19161.23400 18849.27100 19871.91850 19562.08250 19250.11950
19775.47050 19467.43350 19157.25250 20176.83350 19868.79650 19558.61550 20580.23000 20272.19300 19962.01200 19469.42300 19159.58700 18847.62400 19870.78600 19560.95000 19248.98700 20274.18250 19964.34650 19652.38350 19161.56050 18849.94400 18536.21500 19562.92350 19251.30700 18937.57800 19966.32000 19654.70350 19340.97450
19869.15050 19559.31450 19247.35150 20273.06050 19963.22450 19651.26150 20678.98850 20369.15250 20057.18950 19561.28800 19249.67150 18935.94250 19965.19800 19653.58150 19339.85250 20371.12600 20059.50950 19745.78050 19251.62800 18938.24750 18622.77150 19655.53800 19342.15750 19026.68150 20061.46600 19748.08550 19432.60950
19963.57400 19651.95750 19338.22850 20370.01450 20058.39800 19744.66900 20778.45600 20466.83950 20153.11050 19653.91400 19340.53350 19025.05750 20060.35450 19746.97400 19431.49800 20468.79600 20155.41550 19839.93950 19342.47400 19027.34800 18710.14200 19748.91450 19433.78850 19116.58250 20157.35600 19842.23000 19525.02400
20058.74150 19745.36100 19429.88500 20467.69500 20154.31450 19838.83850 20878.63200 20565.25150 20249.77550 19747.30150 19432.17550 19114.96950 20156.25500 19841.12900 19523.92300 20567.19200 20252.06600 19934.86000 19434.10050 19117.24600 18798.32750 19843.05400 19526.19950 19207.28100 20253.99100 19937.13650 19618.21800
20154.65300 19839.52700 19522.32100 20566.10100 20250.97500 19933.76900 20979.51650 20664.39050 20347.18450 19841.45200 19524.59750 19205.67900 20252.90000 19936.04550 19617.12700 20666.31550 20349.46100 20030.54250 19526.50700 19207.94200 18887.32950 19937.95500 19619.39000 19298.77750 20351.37050 20032.80550 19712.19300
20251.30900 19934.45450 19615.53600 20665.23450 20348.38000 20029.46150 21081.11000 20764.25550 20445.33700 19936.36400 19617.79900 19297.18650 20350.28950 20031.72450 19711.11200 20766.16500 20447.60000 20126.98750 19619.69400 19299.43650 18977.14850 20033.61950 19713.36200 19391.07400 20449.49500 20129.23750 19806.94950
20348.70950 20030.14450 19709.53200 20765.09400 20446.52900 20125.91650 21183.41100 20864.84600 20544.23350 20032.03950 19711.78200 19389.49400 20448.42400 20128.16650 19805.87850 20866.74100 20546.48350 20224.19550 19713.66150 19391.73000 19067.78550 20130.04600 19808.11450 19484.17000 20548.36300 20226.43150 19902.48700
20446.85400 20126.59650 19804.30850 20865.67950 20545.42200 20223.13400 21286.42050 20966.16300 20643.87500 20128.47600 19806.54450 19482.60000 20547.30150 20225.37000 19901.42550 20968.04250 20646.11100 20322.16650 19808.41000 19484.82300 19159.23900 20227.23550 19903.64850 19578.06450 20647.97650 20324.38950 19998.80550
20545.74200 20223.81050 19899.86600 20966.99050 20645.05900 20321.11450 21390.13700 21068.20550 20744.26100 20225.67600 19902.08900 19576.50500 20646.92450 20323.33750 19997.75350 21070.07100 20746.48400 20420.90000 19903.94000 19578.71600 19251.51200 20325.18850 19999.96450 19672.76050 20748.33500 20423.11100 20095.90700
20645.37550 20321.78850 19996.20450 21069.02850 20745.44150 20419.85750 21494.56150 21170.97450 20845.39050 20323.63950 19998.41550 19671.21150 20747.29250 20422.06850 20094.86450 21172.82550 20847.60150 20520.39750 20000.25150 19673.40900 19344.60450 20423.90450 20097.06200 19768.25750 20849.43750 20522.59500 20193.79050
20745.75300 20420.52900 20093.32500 21171.79200 20846.56800 20519.36400 21599.69300 21274.46900 20947.26500 20422.36500 20095.52250 19766.71800 20848.40400 20521.56150 20192.75700 21276.30500 20949.46250 20620.65800 20097.34600 19768.90350 19438.51600 20523.38500 20194.94250 19864.55500 20951.28600 20622.84350 20292.45600
20846.87450 20520.03200 20191.22750 21275.28100 20948.43850 20619.63400 21705.53100 21378.68850 21049.88400 20521.85550 20193.41300 19863.02550 20950.26200 20621.81950 20291.43200 21380.51200 21052.06950 20721.68200 20195.22250 19865.19950 19533.24900 20623.62900 20293.60600 19961.65550 21053.87900 20723.85600 20391.90550
20948.74200 20620.29950 20289.91200 21379.49650 21051.05400 20720.66650 21812.07700 21483.63450 21153.24700 20622.10900 20292.08600 19960.13550 21052.86350 20722.84050 20390.89000 21485.44400 21155.42100 20823.47050 20293.88200 19962.29700 19628.80350 20724.63650 20393.05150 20059.55800 21157.21700 20825.63200 20492.13850
21051.35350 20721.33050 20389.38000 21484.43750 21154.41450 20822.46400 21919.32900 21589.30600 21257.35550 20723.12650 20391.54150 20058.04800 21156.21050 20824.62550 20491.13200 21591.10200 21259.51700 20926.02350 20393.32500 20060.19800 19725.17950 20826.40900 20493.28200 20158.26350 21261.30050 20928.17350 20593.15500
21154.70950 20823.12450 20489.63100 21590.10400 21258.51900 20925.02550 22027.28700 21695.70200 21362.20850 20824.90800 20491.78100 20156.76250 21260.30250 20927.17550 20592.15700 21697.48550 21364.35850 21029.34000 20493.55100 20158.90100 19822.37850 20928.94550 20594.29550 20257.77300 21366.12850 21031.47850 20694.95600
21258.81050 20925.68350 20590.66500 21696.49650 21363.36950 21028.35100 22135.95200 21802.82500 21467.80650 20927.45350 20592.80350 20256.28100 21365.13950 21030.48950 20693.96700 21804.59500 21469.94500 21133.42250 20594.56200 20258.40800 19920.40000 21032.24800 20696.09400 20358.08600 21471.70350 21135.54950 20797.54150
21363.65650 21029.00650 20692.48400 21803.61350 21468.96350 21132.44100 22245.32150 21910.67150 21574.14900 21030.76500 20694.61100 20356.60300 21470.72200 21134.56800 20796.56000 21912.43000 21576.27600 21238.26800 20696.35650 20358.71950 20019.24600 21136.31350 20798.67650 20459.20300 21578.02150 21240.38450 20900.91100
21469.24800 21133.09400 20795.08600 21911.45800 21575.30400 21237.29600 22355.39850 22019.24450 21681.23650 21134.83950 20797.20250 20457.72900 21577.04950 21239.41250 20899.93900 22020.99000 21683.35300 21343.87950 20798.93600 20459.83450 20118.91650 21241.14600 20902.04450 20561.12650 21685.08650 21345.98500 21005.06700
21575.58400 21237.94700 20898.47350 22020.02600 21682.38900 21342.91550 22466.18000 22128.54300 21789.06950 21239.68050 20900.57900 20559.66100 21684.12250 21345.02100 21004.10300 22130.27650 21791.17500 21450.25700 20902.30150 20561.75600 20219.41250 21346.74350 21006.19800 20663.85450 21792.89750 21452.35200 21110.00850
21682.66550 21343.56400 21002.64600 22129.32000 21790.21850 21449.30050 22577.66700 22238.56550 21897.64750 21345.28650 21004.74100 20662.39750 21791.94100 21451.39550 21109.05200 22240.28800 21899.74250 21557.39900 21006.45150 20664.48250 20320.73500 21453.10600 21111.13700 20767.38950 21901.45300 21559.48400 21215.73650
21790.49250 21449.94700 21107.60350 22239.33950 21898.79400 21556.45050 22689.86000 22349.31450 22006.97100 21451.65750 21109.68850 20765.94100 21900.50450 21558.53550 21214.78800 22351.02500 22009.05600 21665.30850 21111.38750 20768.01500 20422.88300 21560.23450 21216.86200 20871.73000 22010.75500 21667.38250 21322.25050
21899.06450 21557.09550 21213.34800 22350.08400 22008.11500 21664.36750 22802.75750 22460.78850 22117.04100 21558.79450 21215.42200 20870.29000 22009.81400 21666.44150 21321.30950 22462.48750 22119.11500 21773.98300 21217.10950 20872.35450 20525.85850 21668.12900 21323.37400 20976.87800 22120.80250 21776.04750 21429.55150
22008.38200 21665.00950 21319.87750 22461.55350 22118.18100 21773.04900 22916.35950 22572.98700 22227.85500 21666.69700 21321.94200 20975.44600 22119.86850 21775.11350 21428.61750 22574.67450 22229.91950 21883.42350 21323.61850 20977.50100 20629.66250 21776.79000 21430.67250 21082.83400 22231.59600 21885.47850 21537.64000
22118.44500 21773.69000 21427.19400 22573.74850 22228.99350 21882.49750 23030.66550 22685.91050 22339.41450 21775.36650 21429.24900 21081.41050 22230.67000 21884.55250 21536.71400 22687.58700 22341.46950 21993.63100 21430.91500 21083.45550 20734.29550 21886.21850 21538.75900 21189.59900 22343.13550 21995.67600 21646.51600
22229.25350 21883.13600 21535.29750 22686.66800 22340.55050 21992.71200 23145.67650 22799.55900 22451.72050 21884.80200 21537.34250 21188.18250 22342.21650 21994.75700 21645.59700 22801.22500 22453.76550 22104.60550 21538.99800 21190.21750 20839.75650 21996.41250 21647.63200 21297.17100 22455.42100 22106.64050 21756.17950
22340.80850 21993.34900 21644.18900 22800.31350 22452.85400 22103.69400 23261.39200 22913.93250 22564.77250 21995.00450 21646.22400 21295.76300 22454.50950 22105.72900 21755.26800 22915.58800 22566.80750 22216.34650 21647.86950 21297.78950 20946.04900 22107.37450 21757.29450 21405.55400 22568.45300 22218.37300 21866.63250
22453.10900 22104.32850 21753.86750 22914.68350 22565.90300 22215.44200 23377.81050 23029.03000 22678.56900 22105.97400 21755.89400 21404.15350 22567.54850 22217.46850 21865.72800 23030.67550 22680.59550 22328.85500 21757.52950 21406.17050 21053.17150 22219.10400 21867.74500 21514.74600 22682.23100 22330.87200 21977.87300
22566.15550 22216.07550 21864.33500 23029.77850 22679.69850 22327.95800 23494.93400 23144.85400 22793.11350 22217.71100 21866.35200 21513.35300 22681.33400 22329.97500 21976.97600 23146.48950 22795.13050 22442.13150 21867.97750 21515.36150 21161.12600 22331.60050 21978.98450 21624.74900 22796.75600 22444.14000 22089.90450
22679.94800 22328.58900 21975.59000 23145.59850 22794.23950 22441.24050 23612.76050 23261.40150 22908.40250 22330.21450 21977.59850 21623.36300 22795.86500 22443.24900 22089.01350 23263.02700 22910.41100 22556.17550 21979.21400 21625.36250 21269.91150 22444.86450 22091.01300 21735.56200 22912.02650 22558.17500 22202.72400
22794.48700 22441.87100 22087.63550 23262.14350 22909.52750 22555.29200 23731.29050 23378.67450 23024.43900 22443.48650 22089.63500 21734.18400 22911.14300 22557.29150 22201.84050 23380.29000 23026.43850 22670.98750 22091.24100 21736.17500 21379.53100 22558.89750 22203.83150 21847.18750 23028.04450 22672.97850 22316.33450
22909.77150 22555.92000 22200.46900 23379.41300 23025.56150 22670.11050 23850.52350 23496.67200 23141.22100 22557.52600 22202.46000 21845.81600 23027.16750 22672.10150 22315.45750 23498.27800 23143.21200 22786.56800 22204.05700 21847.79850 21489.98300 22673.69850 22317.44000 21959.62450 23144.80900 22788.55050 22430.73500
23025.80300 22670.73700 22314.09300 23497.40750 23142.34150 22785.69750 23970.46000 23615.39400 23258.75000 22672.33400 22316.07550 21958.26000 23143.93850 22787.68000 22429.86450 23616.99100 23260.73250 22902.91700 22317.66350 21960.23450 21601.26950 22789.26800 22431.83900 22072.87400 23262.32050 22904.89150 22545.92650
23142.58100 22786.32250 22428.50700 23616.12650 23259.86800 22902.05250 24091.09900 23734.84050 23377.02500 22787.91050 22430.48150 22071.51650 23261.45600 22904.02700 22545.06200 23736.42850 23378.99950 23020.03450 22432.06000 22073.48300 21713.39100 22905.60550 22547.02850 22186.93650 23380.57800 23022.00100 22661.90900
23260.10550 22902.67650 22543.71150 23735.57050 23378.14150 23019.17650 24212.44100 23855.01200 23496.04700 22904.25500 22545.67800 22185.58600 23379.72000 23021.14300 22661.05100 23856.59050 23498.01350 23137.92150 22547.24800 22187.54450 21826.34750 23022.71300 22663.00950 22301.81250 23499.58350 23139.88000 22778.68300
23378.37700 23019.80000 22659.70800 23855.73900 23497.16200 23137.07000 24334.48500 23975.90800 23615.81600 23021.37000 22661.66650 22300.46950 23498.73200 23139.02850 22777.83150 23977.47800 23617.77450 23256.57750 22663.22850 22302.42100 21940.14150 23140.59050 22779.78300 22417.50350 23619.33650 23258.52900 22896.24950
23497.39500 23137.69150 22776.49450 23976.63250 23616.92900 23255.73200 24457.23150 24097.52800 23736.33100 23139.25350 22778.44600 22416.16650 23618.49100 23257.68350 22895.40400 24099.09000 23738.28250 23376.00300 22779.99900 22418.11050 22054.77150 23259.23650 22897.34800 22534.00900 23739.83550 23377.94700 23014.60800
23617.16050 23256.35300 22894.07350 24098.25100 23737.44350 23375.16400 24580.68150 24219.87400 23857.59450 23257.90600 22896.01750 22532.67850 23738.99650 23377.10800 23013.76900 24221.42700 23859.53850 23496.19950 22897.56250 22534.61500 22170.23900 23378.65300 23015.70550 22651.32950 23861.08350 23498.13600 23133.76000
23737.67250 23375.78400 23012.44500 24220.59300 23858.70450 23495.36550 24704.83200 24342.94350 23979.60450 23377.32900 23014.38150 22650.00550 23860.24950 23497.30200 23132.92600 24344.48850 23981.54100 23617.16500 23015.91850 22651.93500 22286.54600 23498.83900 23134.85550 22769.46650 23983.07800 23619.09450 23253.70550
23858.93200 23495.98450 23131.60850 24343.66100 23980.71350 23616.33750 24829.68500 24466.73750 24102.36150 23497.52150 23133.53800 22768.14900 23982.25050 23618.26700 23252.87800 24468.27450 24104.29100 23738.90200 23135.06750 22770.07050 22403.69100 23619.79650 23254.79950 22888.42000 24105.82050 23740.82350 23374.44400
23980.93850 23616.95500 23251.56600 24467.45300 24103.46950 23738.08050 24955.23950 24591.25600 24225.86700 23618.48450 23253.48750 22887.10800 24104.99900 23740.00200 23373.62250 24592.78550 24227.78850 23861.40900 23255.00950 22889.02300 22521.67550 23741.52400 23375.53750 23008.19000 24229.31050 23863.32400 23495.97650
24103.69300 23738.69600 23372.31650 24591.96950 24226.97250 23860.59300 25081.49550 24716.49850 24350.11900 23740.21800 23374.23150 23006.88400 24228.49450 23862.50800 23495.16050 24718.02050 24352.03400 23984.68650 23375.74550 23008.79250 22640.50100 23864.02200 23497.06900 23128.77750 24353.54800 23986.59500 23618.30350
24227.19500 23861.20850 23493.86100 24717.21050 24351.22400 23983.87650 25208.45300 24842.46650 24475.11900 23862.72250 23495.76950 23127.47800 24352.73800 23985.78500 23617.49350 24843.98050 24477.02750 24108.73600 23497.27600 23129.38000 22760.16800 23987.29150 23619.39550 23250.18350 24478.53400 24110.63800 23741.42600
24351.44400 23984.49100 23616.19950 24843.17550 24476.22250 24107.93100 25336.11150 24969.15850 24600.86700 23985.99750 23618.10150 23248.88950 24477.72900 24109.83300 23740.62100 24970.66500 24602.76900 24233.55700 23619.60100 23250.78500 22880.67650 24111.33250 23742.51650 23372.40800 24604.26850 24235.45250 23865.34400
24476.44100 24108.54500 23739.33300 24969.86550 24601.96950 24232.75750 25464.47100 25096.57500 24727.36300 24110.04450 23741.22850 23371.12000 24603.46900 24234.65300 23864.54450 25098.07450 24729.25850 24359.15000 23742.72100 23373.00900 23002.02700 24236.14550 23866.43350 23495.45150 24730.75100 24361.03900 23990.05700
24602.18650 24233.37050 23863.26200 25097.28000 24728.46400 24358.35550 25593.53150 25224.71550 24854.60700 24234.86300 23865.15100 23494.16900 24729.95650 24360.24450 23989.26250 25226.20800 24856.49600 24485.51400 23866.63700 23496.05250 23124.22200 24361.73050 23991.14600 23619.31550 24857.98200 24487.39750 24115.56700
24728.68000 24358.96800 23987.98600 25225.41900 24855.70700 24484.72500 25723.29250 25353.58050 24982.59850 24360.45400 23989.86950 23618.03900 24857.19300 24486.60850 24114.77800 25355.06650 24984.48200 24612.65150 23991.34900 23619.91600 23247.26000 24488.08800 24116.65500 23743.99900 24985.96150 24614.52850 24241.87250
24855.92200 24485.33750 24113.50700 25354.28300 24983.69850 24611.86800 25853.75500 25483.17050 25111.34000 24486.81700 24115.38400 23742.72800 24985.17800 24613.74500 24241.08900 25484.65000 25113.21700 24740.56100 24116.85650 23744.60000 23371.14350 24615.21750 24242.96100 23869.50450 25114.68950 24742.43300 24368.97650
24983.91200 24612.47900 24239.82300 25483.87050 25112.43750 24739.78150 25984.91750 25613.48450 25240.82850 24613.95150 24241.69500 23868.23850 25113.91000 24741.65350 24368.19700 25614.95700 25242.70050 24869.24400 24243.16150 23870.10450 23495.87150 24743.12000 24370.06300 23995.83000 25244.16700 24871.11000 24496.87700
25112.65000 24740.39350 24366.93700 25614.18300 25241.92650 24868.47000 26116.77950 25744.52300 25371.06650 24741.86000 24368.80300 23994.57000 25243.39300 24870.33600 24496.10300 25745.98950 25372.93250 24998.69950        nan        nan        nan        nan        nan        nan        nan        nan        nan
