       nan        nan        nan        nan        nan        nan        nan        nan        nan  394.09692        nan        nan        nan        nan        nan        nan        nan        nan  394.14122  394.80778        nan        nan        nan        nan        nan        nan        nan
 394.04714        nan        nan  393.45910        nan        nan        nan        nan        nan  394.09142  394.75781        nan  393.50325  394.16765        nan        nan        nan        nan  394.18005  394.85219  395.41075  393.59161  394.26174  394.81864        nan        nan        nan
 393.99175  394.65781        nan  393.39582  394.05986        nan  392.90461  393.56699        nan  394.08034  394.75213  395.31042  393.48414  394.15390  394.71049  392.99270  393.66079  394.21599  394.21341  394.89383  395.46672  393.61681  394.29516  394.86632  393.12504  393.80170  394.37143
 393.93056  394.60185  395.15970  393.32274  393.99195  394.54809  392.81102  393.47850  394.03318  394.06354  394.74343  395.31589  393.45530  394.13310  394.70379  392.94324  393.61927  394.18847  394.24117  394.93257  395.52389  393.63239  394.32166  394.91114  393.11987  393.80734  394.39529
 393.86338  394.54258  395.11446  393.23968  393.91674  394.48679  392.70210  393.37730  393.94580  394.04083  394.73153  395.32225  393.41657  394.10509  394.69392  392.87851  393.56514  394.15236  394.26319  394.96826  395.58164  393.63823  394.34106  394.95249  393.09956  393.80047  394.41022
 393.78995  394.47977  395.06973  393.14654  393.83410  394.42213  392.57864  393.26422  393.85054  394.01203  394.71619  395.32879  393.36789  394.06975  394.68034  392.79935  393.49919  394.10801  394.27928  395.00062  395.63926  393.63426  394.35325  394.98980  393.06496  393.78186  394.41657
 393.71003  394.41312  395.02477  393.04328  393.74399  394.35357  392.44147  393.14003  393.74773  393.97687  394.69711  395.33477  393.30922  394.02702  394.66251  392.70659  393.42219  394.05573  394.28920  395.02934  395.69599  393.62049  394.35812  395.02250  393.01691  393.75227  394.41462
 393.62343  394.34237  394.97889  392.92999  393.64640  394.28067  392.29133  393.00542  393.63762  393.93519  394.67400  395.33945  393.24066  393.97686  394.63996  392.60099  393.33480  393.99574  394.29278  395.05410  395.75114  393.59698  394.35562  395.05019  392.95616  393.71233  394.40463
 393.52996  394.26724  394.93132  392.80678  393.54136  394.20299  392.12899  392.86103  393.52038  393.88681  394.64656  395.34216  393.16232  393.91928  394.61231  392.48330  393.23765  393.92828  394.28981  395.07457  395.80399  393.56384  394.34571  395.07244  392.88344  393.66261  394.38682
 393.42946  394.18745  394.88143  392.67386  393.42894  394.12025  391.95509  392.70741  393.39618  393.83153  394.61447  395.34219  393.07438  393.85431  394.57923  392.35415  393.13122  393.85348  394.28013  395.09039  395.85392  393.52126  394.32841  395.08899  392.79939  393.60357  394.36136
 393.32183  394.10274  394.82857  392.53143  393.30920  394.03212  391.77022  392.54497  393.26508  393.76927  394.57743  395.33898  392.97708  393.78199  394.54046  392.21413  393.01592  393.77144  394.26360  395.10130  395.90034  393.46941  394.30374  395.09956  392.70456  393.53564  394.32836
 393.20701  394.01286  394.77223  392.37976  393.18222  393.93838  391.57490  392.37407  393.12712  393.69993  394.53523  395.33198  392.87060  393.70238  394.49577  392.06373  392.89209  393.68222  394.24011  395.10697  395.94278  393.40851  394.27171  395.10399  392.59943  393.45908  394.28793
 393.08493  393.91762  394.71188  392.21905  393.04807  393.83882  391.36961  392.19504  392.98236  393.62343  394.48757  395.32076  392.75518  393.61551  394.44502  391.90342  392.76002  393.58592  394.20956  395.10715  395.98076  393.33872  394.23235  395.10209  392.48443  393.37418  394.24013
 392.95558  393.81679  394.64715  392.04955  392.90679  393.73331  391.15477  392.00810  392.83084  393.53972  394.43426  395.30489  392.63100  393.52141  394.38801  391.73357  392.61991  393.48254  394.17188  395.10162  396.01391  393.26024  394.18568  395.09374  392.35993  393.28114  394.18503
 392.81894  393.71020  394.57764  391.87147  392.75844  393.62168  390.93074  391.81344  392.67253  393.44878  394.37511  395.28405  392.49827  393.42013  394.32467  391.55453  392.47196  393.37213  394.12703  395.09018  396.04192  393.17325  394.13174  395.07886  392.22626  393.18013  394.12268
 392.67504  393.59773  394.50308  391.68501  392.60305  393.50383  390.69784  391.61125  392.50747  393.35062  394.30998  395.25796  392.35719  393.31170  394.25488  391.36662  392.31632  393.25472  394.07498  395.07267  396.06450  393.07789  394.07053  395.05733  392.08369  393.07131  394.05310
 392.52390  393.47922  394.42320  391.49039  392.44069  393.37969  390.45636  391.40164  392.33567  393.24521  394.23870  395.22634  392.20791  393.19616  394.17857  391.17009  392.15311  393.13032  394.01571  395.04892  396.08138  392.97434  394.00209  395.02909  391.93247  392.95477  393.97631
 392.36551  393.35455  394.33776  391.28775  392.27136  393.24915  390.20657  391.18475  392.15712  393.13256  394.16113  395.18896  392.05059  393.07350  394.09566  390.96519  391.98245  392.99893  393.94917  395.01878  396.09237  392.86271  393.92642  394.99407  391.77282  392.83063  393.89234
 392.19994  393.22364  394.24658  391.07727  392.09510  393.11217  389.94869  390.96065  391.97184  393.01268  394.07721  395.14568  391.88536  392.94378  394.00610  390.75212  391.80442  392.86058  393.87539  394.98219  396.09730  392.74311  393.84355  394.95223  391.60491  392.69897  393.80121
 392.02722  393.08640  394.14950  390.85907  391.91194  392.96869  389.68293  390.72947  391.77984  392.88560  393.98683  395.09633  391.71233  392.80699  393.90984  390.53106  391.61912  392.71530  393.79437  394.93901  396.09601  392.61568  393.75347  394.90352  391.42896  392.55988  393.70295
 391.84736  392.94277  394.04638  390.63329  391.72192  392.81868  389.40946  390.49126  391.58113  392.75133  393.88991  395.04075  391.53166  392.66317  393.80685  390.30220  391.42661  392.56308  393.70608  394.88919  396.08834  392.48049  393.65623  394.84790  391.24507  392.41341  393.59755
 391.66043  392.79269  393.93712  390.40008  391.52505  392.66210  389.12847  390.24611  391.37573  392.60988  393.78640  394.97886  391.34342  392.51235  393.69709  390.06567  391.22696  392.40395  393.61055  394.83264  396.07421  392.33764  393.55182  394.78534  391.05339  392.25963  393.48504
 391.46644  392.63610  393.82159  390.15951  391.32136  392.49891  388.84008  389.99408  391.16364  392.46128  393.67623  394.91053  391.14771  392.35452  393.58054  389.82160  391.02024  392.23791  393.50780  394.76930  396.05349  392.18722  393.44026  394.71581  390.85407  392.09859  393.36544
 391.26544  392.47299  393.69974  389.91170  391.11089  392.32913  388.54444  389.73522  390.94489  392.30559  393.55938  394.83570  390.94464  392.18974  393.45718  389.57014  390.80648  392.06498  393.39782  394.69914  396.02613  392.02931  393.32157  394.63930  390.64718  391.93033  393.23874
 391.05749  392.30331  393.57148  389.65674  390.89363  392.15270  388.24170  389.46961  390.71951  392.14278  393.43579  394.75429  390.73426  392.01798  393.32698  389.31140  390.58577  391.88521  393.28066  394.62211  395.99203  391.86396  393.19575  394.55577  390.43288  391.75494  393.10499
 390.84260  392.12703  393.43676  389.39473  390.66965  391.96965  387.93195  389.19729  390.48749  391.97293  393.30545  394.66624  390.51669  391.83932  393.18996  389.04548  390.35815  391.69858  393.15628  394.53816  395.95111  391.69126  393.06284  394.46523  390.21120  391.57242  392.96417
 390.62083  391.94417  393.29553  389.12576  390.43897  391.77996  387.61532  388.91833  390.24887  391.79603  393.16835  394.57149  390.29196  391.65375  393.04608  388.77247  390.12365  391.50511  393.02475  394.44728  395.90335  391.51125  392.92283  394.36765  389.98227  391.38282  392.81632
 390.39221  391.75469  393.14774  388.84989  390.20162  391.58362  387.29188  388.63277  390.00367  391.61212  393.02443  394.47000  390.06017  391.46129  392.89536  388.49246  389.88232  391.30482  392.88606  394.34945  395.84870  391.32402  392.77577  394.26305  389.74615  391.18620  392.66145
 390.15678  391.55859  392.99338  388.56720  389.95759  391.38065  386.96176  388.34066  389.75192  391.42125  392.87373  394.36175  389.82137  391.26198  392.73780  388.20557  389.63423  391.09778  392.74025  394.24464  395.78709  391.12960  392.62164  394.15140  389.50295  390.98259  392.49958
 389.91459  391.35588  392.83241  388.27776  389.70696  391.17105  386.62504  388.04207  389.49366  391.22343  392.71620  394.24669  389.57563  391.05582  392.57338  387.91186  389.37941  390.88396  392.58733  394.13284  395.71850  390.92804  392.46048  394.03269  389.25272  390.77204  392.33072
 389.66567  391.14655  392.66481  387.98167  389.44975  390.95485  386.28180  387.73703  389.22888  391.01871  392.55186  394.12481  389.32302  390.84288  392.40213  387.61140  389.11791  390.66339  392.42731  394.01405  395.64291  390.71941  392.29234  393.90697  388.99553  390.55458  392.15490
 389.41006  390.93061  392.49056  387.67896  389.18598  390.73202  385.93214  387.42559  388.95764  390.80708  392.38072  393.99608  389.06356  390.62316  392.22405  387.30427  388.84977  390.43613  392.26023  393.88824  395.56028  390.50375  392.11718  393.77419  388.73145  390.33023  391.97214
 389.14780  390.70808  392.30966  387.36969  388.91571  390.50260  385.57612  387.10783  388.67998  390.58862  392.20275  393.86048  388.79734  390.39667  392.03914  386.99056  388.57503  390.20217  392.08611  393.75543  395.47060  390.28110  391.93506  393.63437  388.46054  390.09907  391.78246
 388.87895  390.47895  392.12211  387.05395  388.63894  390.26662  385.21382  386.78375  388.39589  390.36333  392.01799  393.71802  388.52441  390.16348  391.84743  386.67031  388.29374  389.96155  391.90498  393.61562  395.37385  390.05154  391.74600  393.48753  388.18287  389.86109  391.58587
 388.60352  390.24326  391.92789  386.73178  388.35573  390.02407  384.84533  386.45344  388.10545  390.13127  391.82642  393.56867  388.24482  389.92359  391.64892  386.34362  388.00594  389.71431  391.71685  393.46880  395.27002  389.81508  391.55001  393.33367  387.89850  389.61638  391.38242
 388.32158  390.00101  391.72702  386.40326  388.06610  389.77499  384.47071  386.11692  387.80865  389.89245  391.62808  393.41245  387.95862  389.67703  391.44363  386.01052  387.71168  389.46046  391.52177  393.31497  395.15909  389.57178  391.34713  393.17279  387.60748  389.36493  391.17211
 388.03315  389.75223  391.51951  386.06843  387.77010  389.51941  384.09003  385.77427  387.50558  389.64693  391.42297  393.24934  387.66588  389.42386  391.23158  385.67111  387.41101  389.20005  391.31974  393.15416  395.04107  389.32168  391.13737  393.00492  387.30988  389.10682  390.95498
 387.73829  389.49693  391.30533  385.72736  387.46777  389.25733  383.70337  385.42551  387.19622  389.39471  391.21109  393.07934  387.36661  389.16408  391.01278  385.32542  387.10395  388.93309  391.11079  392.98637  394.91594  389.06483  390.92079  392.83007  387.00575  388.84207  390.73105
 387.43703  389.23515  391.08453  385.38009  387.15912  388.98879  383.31077  385.07071  386.88064  389.13586  390.99250  392.90249  387.06089  388.89774  390.78727  384.97354  386.79058  388.65963  390.89499  392.81162  394.78371  388.80127  390.69737  392.64824  386.69515  388.57071  390.50035
 387.12940  388.96690  390.85710  385.02670  386.84425  388.71383  382.91233  384.70992  386.55888  388.87040  390.76717  392.71874  386.74880  388.62488  390.55506  384.61552  386.47091  388.37970  390.67231  392.62988  394.64437  388.53105  390.46717  392.45947  386.37812  388.29279  390.26291
 386.81549  388.69223  390.62308  384.66724  386.52314  388.43244  382.50811  384.34318  386.23096  388.59837  390.53516  392.52816  386.43032  388.34551  390.31616  384.25141  386.14501  388.09334  390.44283  392.44123  394.49795  388.25422  390.23021  392.26376  386.05475  388.00836  390.01876
 386.49530  388.41113  390.38245  384.30175  386.19585  388.14469  382.09816  383.97054  385.89693  388.31981  390.29647  392.33071  386.10556  388.05969  390.07062  383.88129  385.81292  387.80057  390.20656  392.24563  394.34441  387.97080  389.98652  392.06113  385.72506  387.71744  389.76792
 386.16888  388.12366  390.13525  383.93031  385.86243  387.85059  381.68255  383.59206  385.55683  388.03474  390.05112  392.12642  385.77454  387.76744  389.81845  383.50520  385.47467  387.50143  389.96352  392.04312  394.18378  387.68086  389.73612  391.85159  385.38911  387.42007  389.51041
 385.83630  387.82984  389.88151  383.55296  385.52291  387.55018  381.26135  383.20777  385.21071  387.74323  389.79915  391.91531  385.43733  387.46881  389.55968  383.12322  385.13031  387.19595  389.71375  391.83372  394.01609  387.38443  389.47906  391.63520  385.04695  387.11631  389.24630
 385.49757  387.52969  389.62122  383.16976  385.17734  387.24349  380.83462  382.81775  384.85859  387.44528  389.54058  391.69740  385.09396  387.16383  389.29434  382.73538  384.77991  386.88419  389.45729  391.61746  393.84131  387.08156  389.21538  391.41196  384.69864  386.80620  388.97560
 385.15276  387.22327  389.35443  382.78075  384.82577  386.93055  380.40241  382.42203  384.50053  387.14097  389.27545  391.47271  384.74448  386.85255  389.02246  382.34175  384.42350  386.56618  389.19417  391.39435  393.65948  386.77228  388.94508  391.18188  384.34424  386.48977  388.69833
 384.80191  386.91061  389.08118  382.38601  384.46824  386.61141  379.96481  382.02068  384.13658  386.83032  389.00377  391.24124  384.38896  386.53499  388.74407  381.94240  384.06113  386.24195  388.92444  391.16442  393.47063  386.45666  388.66822  390.94501  383.98380  386.16707  388.41456
 384.44506  386.59172  388.80145  381.98558  384.10478  386.28609  379.52186  381.61374  383.76677  386.51337  388.72558  391.00304  384.02743  386.21120  388.45921  381.53739  383.69285  385.91156  388.64810  390.92768  393.27473  386.13472  388.38482  390.70135  383.61737  385.83814  388.12430
 384.08227  386.26667  388.51532  381.57952  383.73546  385.95465  379.07362  381.20126  383.39116  386.19016  388.44092  390.75812  383.65995  385.88122  388.16790  381.12675  383.31870  385.57501  388.36523  390.68418  393.07184  385.80653  388.09494  390.45096  383.24500  385.50303  387.82759
 383.71357  385.93546  388.22278  381.16787  383.36029  385.61710  378.62017  380.78330  383.00978  385.86075  388.14980  390.50649  383.28657  385.54510  387.87017  380.71057  382.93875  385.23239  388.07581  390.43392  392.86194  385.47210  387.79857  390.19383  382.86673  385.16177  387.52446
 383.33903  385.59817  387.92388  380.75072  382.97937  385.27351  378.16156  380.35991  382.62268  385.52515  387.85227  390.24819  382.90734  385.20286  387.56607  380.28886  382.55300  384.88371  387.77994  390.17694  392.64508  385.13152  387.49580  389.93003  382.48264  384.81441  387.21496
 382.95866  385.25480  387.61865  380.32809  382.59270  384.92389  377.69783  379.93114  382.22991  385.18344  387.54836  389.98325  382.52232  384.85457  387.25563  379.86174  382.16156  384.52903  387.47761  389.91328  392.42126  384.78481  387.18663  389.65955  382.09277  384.46100  386.89912
 382.57256  384.90543  387.30712  379.90007  382.20036  384.56830  377.22909  379.49706  381.83152  384.83564  387.23810  389.71168  382.13155  384.50026  386.93888  379.42922  381.76445  384.16838  387.16889  389.64296  392.19052  384.43203  386.87113  389.38246  381.69718  384.10160  386.57698
 382.18073  384.55006  386.98930  379.46667  381.80236  384.20677  376.75537  379.05770  381.42755  384.48180  386.92154  389.43352  381.73508  384.13997  386.61585  378.99138  381.36172  383.80181  386.85380  389.36600  391.95287  384.07321  386.54931  389.09876  381.29592  383.73622  386.24858
 381.78326  384.18877  386.66528  379.02799  381.39880  383.83936  376.27673  378.61314  381.01806  384.12198  386.59871  389.14882  381.33298  383.77376  386.28662  378.54827  380.95343  383.42936  386.53239  389.08246  391.70834  383.70841  386.22123  388.80850  380.88903  383.36494  385.91396
 381.38019  383.82158  386.33506  378.58407  380.98968  383.46609  375.79325  378.16341  380.60310  383.75621  386.26965  388.85758  380.92527  383.40165  385.95117  378.09995  380.53962  383.05109  386.20470  388.79235  391.45697  383.33766  385.88690  388.51172  380.47658  382.98778  385.57317
 380.97154  383.44852  385.99866  378.13497  380.57508  383.08702  375.30497  377.70858  380.18270  383.38451  385.93438  388.55984  380.51203  383.02371  385.60958  377.64648  380.12034  382.66704  385.87076  388.49569  391.19876  382.96104  385.54641  388.20844  380.05863  382.60482  385.22625
 380.55738  383.06966  385.65616  377.68072  380.15504  382.70220  374.81195  377.24870  379.75694  383.00698  385.59297  388.25565  380.09331  382.63997  385.26188  377.18792  379.69566  382.27724  385.53063  388.19256  390.93374  382.57858  385.19976  387.89869  379.63521  382.21608  384.87322
 380.13779  382.68505  385.30758  377.22142  379.72962  382.31166  374.31428  376.78383  379.32584  382.62364  385.24545  387.94502  379.66916  382.25049  384.90811  376.72431  379.26562  381.88175  385.18435  387.88296  390.66197  382.19034  384.84702  387.58254  379.20640  381.82162  384.51415
 379.71278  382.29471  384.95294  376.75711  379.29886  381.91546  373.81199  376.31403  378.88946  382.23454  384.89184  387.62800  379.23963  381.85531  384.54832  376.25573  378.83027  381.48063  384.83193  387.56694  390.38344  381.79635  384.48822  387.26000  378.77223  381.42149  384.14906
 379.28243  381.89870  384.59232  376.28783  378.86281  381.51363  373.30516  375.83934  378.44787  381.83973  384.53221  387.30463  378.80477  381.45448  384.18253  375.78222  378.38967  381.07390  384.47347  387.24454  390.09823  381.39667  384.12340  386.93112  378.33278  381.01573  383.77803
 378.84677  381.49706  384.22573  375.81365  378.42153  381.10622  372.79382  375.35982  378.00109  381.43924  384.16659  386.97493  378.36464  381.04804  383.81081  375.30384  377.94385  380.66164  384.10897  386.91578  389.80632  380.99136  383.75262  386.59592  377.88809  380.60439  383.40106
 378.40586  381.08985  383.85323  375.33462  377.97507  380.69330  372.27808  374.87555  377.54922  381.03315  383.79502  386.63895  377.91929  380.63605  383.43318  374.82069  377.49291  380.24387  383.73849  386.58072  389.50777  380.58044  383.37591  386.25445  377.43822  380.18755  383.01824
 377.95977  380.67710  383.47484  374.85082  377.52348  380.27489  371.75796  374.38655  377.09226  380.62149  383.41756  386.29673  377.46878  380.21856  383.04971  374.33275  377.03686  379.82065  383.36208  386.23939  389.20262  380.16400  382.99333  385.90677  376.98321  379.76522  382.62957
 377.50853  380.25888  383.09063  374.36228  377.06682  379.85105  371.23355  373.89291  376.63030  380.20431  383.03424  385.94831  377.01316  379.79561  382.66042  373.84015  376.57580  379.39206  382.97977  385.89183  388.89088  379.74206  382.60491  385.55289  376.52315  379.33749  382.23514
 377.05220  379.83523  382.70064  373.86908  376.60515  379.42185  370.70488  373.39467  376.16338  379.78167  382.64512  385.59372  376.55249  379.36727  382.26538  373.34291  376.10973  378.95809  382.59164  385.53809  388.57261  379.31471  382.21071  385.19287  376.05807  378.90436  381.83496
 376.59084  379.40620  382.30490  373.37125  376.13850  378.98730  370.17204  372.89189  375.69155  379.35363  382.25022  385.23300  376.08683  378.93356  381.86461  372.84111  375.63874  378.51884  382.19771  385.17820  388.24785  378.88196  381.81076  384.82677  375.58803  378.46594  381.42912
 376.12451  378.97182  381.90346  372.86888  375.66693  378.54747  369.63508  372.38462  375.21485  378.92021  381.84960  384.86622  375.61621  378.49455  381.45819  372.33479  375.16287  378.07436  381.79803  384.81222  387.91661  378.44388  381.40513  384.45459  375.11308  378.02224  381.01763
 375.65325  378.53216  381.49639  372.36202  375.19051  378.10243  369.09406  371.87294  374.73339  378.48148  381.44332  384.49339  375.14072  378.05031  381.04614  371.82402  374.68219  377.62467  381.39265  384.44017  387.57895  378.00054  380.99387  384.07640  374.63330  377.57334  380.60055
 375.17713  378.08728  381.08370  371.85071  374.70929  377.65220  368.54904  371.35689  374.24717  378.03750  381.03142  384.11456  374.66039  377.60085  380.62851  371.30886  374.19675  377.16984  380.98163  384.06211  387.23490  377.55196  380.57700  383.69224  374.14873  377.11927  380.17793
 374.69618  377.63721  380.66545  371.33502  374.22332  377.19684  368.00007  370.83652  373.75625  377.58831  380.61393  383.72978  374.17530  377.14626  380.20536  370.78936  373.70659  376.70992  380.56501  383.67807  386.88451  377.09822  380.15459  383.30217  373.65942  376.66008  379.74983
 374.21049  377.18201  380.24170  370.81503  373.73266  376.73641  367.44724  370.31191  373.26071  377.13397  380.19092  383.33910  373.68549  376.68657  379.77674  370.26560  373.21178  376.24498  380.14284  383.28811  386.52781  376.63937  379.72670  382.90622  373.16545  376.19586  379.31629
 373.72009  376.72173  379.81249  370.29076  373.23734  376.27096  366.89059  369.78310  372.76060  376.67452  379.76243  382.94255  373.19100  376.22183  379.34269  369.73761  372.71238  375.77505  379.71515  382.89227  386.16484  376.17543  379.29335  382.50443  372.66685  375.72664  378.87736
 373.22505  376.25644  379.37787  369.76229  372.73746  375.80054  366.33018  369.25016  372.25596  376.21003  379.32852  382.54020  372.69192  375.75212  378.90327  369.20547  372.20845  375.30020  379.28204  382.49061  385.79566  375.70652  378.85462  382.09687  372.16370  375.25247  378.43310
 372.72541  375.78617  378.93789  369.22967  372.23305  375.32521  365.76607  368.71314  371.74686  375.74055  378.88923  382.13207  372.18830  375.27748  378.45853  368.66923  371.70003  374.82047  378.84352  382.08316  385.42031  375.23263  378.41055  381.68358  371.65604  374.77341  377.98355
 372.22125  375.31098  378.49260  368.69297  371.72417  374.84501  365.19834  368.17212  371.23336  375.26613  378.44461  381.71823  371.68017  374.79795  378.00852  368.12896  371.18720  374.33594  378.39965  381.66997  385.03879  374.75385  377.96119  381.26457  371.14394  374.28953  377.52877
 371.71260  374.83092  378.04205  368.15225  371.21088  374.36003  364.62704  367.62713  370.71551  374.78682  377.99472  381.29869  371.16762  374.31361  377.55327  367.58470  370.67000  373.84662  377.95049  381.25109  384.65121  374.27024  377.50660  380.83996  370.62746  373.80087  377.06882
 371.19953  374.34606  377.58629  367.60756  370.69324  373.87027  364.05220  367.07824  370.19334  374.30268  377.53961  380.87356  370.65070  373.82450  377.09287  367.03652  370.14847  373.35261  377.49609  380.82658  384.25757  373.78184  377.04682  380.40975  370.10664  373.30746  376.60373
 370.68211  373.85645  377.12538  367.05896  370.17129  373.37582  363.47393  366.52551  369.66696  373.81378  377.07932  380.44283  370.12946  373.33068  376.62735  366.48449  369.62271  372.85394  377.03651  380.39647  383.85794  373.28871  376.58191  379.97400  369.58157  372.80941  376.13357
 370.16038  373.36213  376.65937  366.50651  369.64510  372.87672  362.89227  365.96900  369.13640  373.32016  376.61392  380.00659  369.60396  372.83219  376.15676  365.92867  369.09275  372.35068  376.57178  379.96084  383.45237  372.79089  376.11193  379.53276  369.05227  372.30674  375.65840
 369.63440  372.86317  376.18830  365.95028  369.11473  372.37305  362.30727  365.40876  368.60170  372.82186  376.14345  379.56487  369.07425  372.32911  375.68117  365.36909  368.55865  371.84286  376.10197  379.51970  383.04087  372.28846  375.63693  379.08609  368.51882  371.79951  375.17824
 369.10423  372.35962  375.71223  365.39030  368.58023  371.86483  361.71900  364.84487  368.06294  372.31896  375.66798  379.11771  368.54040  371.82148  375.20061  364.80584  368.02047  371.33056  375.62714  379.07312  382.62352  371.78147  375.15694  378.63402  367.98128  371.28779  374.69319
 368.56992  371.85153  375.23121  364.82666  368.04166  371.35214  361.12751  364.27737  367.52017  371.81152  375.18754  378.66519  368.00247  371.30936  374.71516  364.23897  367.47827  370.81384  375.14734  378.62116  382.20036  371.26999  374.67205  378.17663  367.43971  370.77162  374.20328
 368.03154  371.33896  374.74531  364.25941  367.49907  370.83502  360.53288  363.70631  366.97345  371.29958  374.70219  378.20734  367.46051  370.79280  374.22485  363.66854  366.93211  370.29274  374.66260  378.16387  381.77144  370.75403  374.18230  377.71394  366.89414  370.25107  373.70856
 367.48915  370.82196  374.25456  363.68861  366.95254  370.31355  359.93516  363.13178  366.42284  370.78319  374.21200  377.74420  366.91457  370.27188  373.72975  363.09459  366.38204  369.76731  374.17301  377.70128  381.33680  370.23371  373.68773  377.24604  366.34467  369.72618  373.20910
 366.94279  370.30062  373.75903  363.11430  366.40211  369.78776  359.33440  362.55381  365.86839  370.26244  373.71701  377.27587  366.36474  369.74662  373.22992  362.51721  365.82812  369.23764  373.67861  377.23348  380.89652  369.70904  373.18843  376.77296  365.79133  369.19703  372.70494
 366.39253  369.77493  373.25876  362.53657  365.84783  369.25772  358.73068  361.97247  365.31018  369.73734  373.21726  376.80236  365.81104  369.21711  372.72540  361.93645  365.27042  368.70377  373.17944  376.76048  380.45060  369.18009  372.68442  376.29475  365.23419  368.66367  372.19614
 365.83842  369.24501  372.75383  361.95546  365.28978  368.72349  358.12403  361.38782  364.74822  369.20798  372.71285  376.32373  365.25354  368.68338  372.21624  361.35235  364.70898  368.16572  372.67558  376.28237  379.99915  368.64692  372.17578  375.81148  364.67330  368.12614  371.68277
 365.28053  368.71088  372.24427  361.37102  364.72800  368.18510  357.51453  360.79992  364.18261  368.67441  372.20380  375.84005  364.69231  368.14552  371.70252  360.76500  364.14388  367.62362  372.16709  375.79919  379.54218  368.10960  371.66255  375.32319  364.10874  367.58452  371.16488
 364.71892  368.17263  371.73016  360.78333  364.16257  367.64266  356.90223  360.20882  363.61340  368.13670  371.69018  375.35137  364.12742  367.60355  371.18429  360.17443  363.57515  367.07746  371.65401  375.31099  379.07975  367.56817  371.14481  374.82994  363.54054  367.03885  370.64250
 364.15363  367.63027  371.21153  360.19245  363.59351  367.09617  356.28722  359.61459  363.04065  367.59489  371.17204  374.85772  363.55889  367.05755  370.66158  359.58073  363.00288  366.52734  371.13638  374.81783  378.61191  367.02268  370.62258  374.33178  362.96878  366.48921  370.11573
 363.58473  367.08390  370.68844  359.59842  363.02091  366.54572  355.66952  359.01728  362.46440  367.04902  370.64944  374.35917  362.98680  366.50758  370.13447  358.98392  362.42711  365.97330  370.61429  374.31976  378.13872  366.47322  370.09594  373.82877  362.39351  365.93563  369.58459
 363.01228  366.53356  370.16096  359.00130  362.44482  365.99136  355.04918  358.41695  361.88472  366.49919  370.12243  373.85579  362.41122  365.95369  369.60301  358.38409  361.84789  365.41539  370.08779  373.81684  377.66026  365.91982  369.56494  373.32098  361.81478  365.37818  369.04917
 362.43633  365.97930  369.62913  358.40117  361.86530  365.43315  354.42631  357.81367  361.30168  365.94543  369.59106  373.34763  361.83219  365.39593  369.06728  357.78129  361.26530  364.85371  369.55691  373.30912  377.17651  365.36256  369.02965  372.80843  361.23268  364.81693  368.50950
 361.85696  365.42119  369.09305  357.79806  361.28240  364.87115  353.80092  357.20747  360.71533  365.38781  369.05541  372.83473  361.24977  364.83437  368.52729  357.17558  360.67938  364.28825  369.02175  372.79667  376.68761  364.80147  368.49011  372.29121  360.64723  364.25192  367.96565
 361.27419  364.85927  368.55270  357.19205  360.69618  364.30539  353.17308  356.59843  360.12569  364.82637  368.51552  372.31715  360.66403  364.26906  367.98314  356.56700  360.09019  363.71912  368.48233  372.27954  376.19355  364.23663  367.94640  371.76937  360.05850  363.68323  367.41767
 360.68811  364.29362  368.00821  356.58319  360.10671  363.73597  352.54287  355.98660  359.53288  364.26119  367.97146  371.79495  360.07502  363.70008  367.43487  355.95563  359.49781  363.14636  367.93872  371.75776  375.69442  363.66809  367.39854  371.24294  359.46656  363.11088  366.86561
 360.09877  363.72431  367.45959  355.97155  359.51404  363.16292  351.91033  355.37206  358.93693  363.69231  367.42327  371.26819  359.48279  363.12744  366.88252  355.34152  358.90227  362.57003  367.39099  371.23143  375.19027  363.09591  366.84663  370.71202  358.87147  362.53498  366.30957
 359.50621  363.15135  366.90692  355.35716  358.91822  362.58631  351.27550  354.75483  358.33788  363.11981  366.87102  370.73693  358.88742  362.55125  366.32618  354.72473  358.30364  361.99019  366.83918  370.70058  374.68115  362.52015  366.29069  370.17663  358.27327  361.95553  365.74956
 358.91052  362.57483  366.35026  354.74010  358.31932  362.00620  350.63846  354.13499  357.73582  362.54373  366.31476  370.20122  358.28895  361.97154  365.76590  354.10532  357.70198  361.40690  366.28336  370.16526  374.16712  361.94087  365.73080  369.63685  357.67203  361.37263  365.18565
 358.31173  361.99480  365.78965  354.12043  357.71740  361.42264  349.99927  353.51259  357.13080  361.96413  365.75455  369.66110  357.68745  361.38837  365.20172  353.48335  357.09734  360.82021  365.72357  369.62555  373.64821  361.35813  365.16703  369.09271  357.06781  360.78634  364.61791
 357.70992  361.41131  365.22515  353.49818  357.11248  360.83567  349.35798  352.88769  356.52285  361.38106  365.19045  369.11665  357.08295  360.80180  364.63370  352.85885  356.48979  360.23016  365.15989  369.08150  373.12452  360.77197  364.59940  368.54429  356.46066  360.19669  364.04639
 357.10514  360.82445  364.65683  352.87344  356.50468  360.24537  348.71463  352.26035  355.91205  360.79461  364.62254  368.56793  356.47555  360.21189  364.06191  352.23191  355.87938  359.63686  364.59237  368.53316  372.59609  360.18246  364.02799  367.99166  355.85064  359.60375  363.47115
 356.49743  360.23424  364.08474  352.24625  355.89401  359.65180  348.06930  351.63063  355.29846  360.20480  364.05081  368.01498  355.86528  359.61870  363.48642  351.60257  355.26615  359.04032  364.02106  367.98060  372.06297  359.58967  363.45287  367.43486  355.23782  359.00759  362.89225
 355.88687  359.64075  363.50894  351.61667  355.28054  359.05502  347.42203  350.99856  354.68213  359.61171  363.47540  367.45788  355.25220  359.02229  362.90726  350.97090  354.65019  358.44062  363.44603  367.42386  371.52522  358.99364  362.87408  366.87394  354.62223  358.40826  362.30974
 355.27351  359.04405  362.92950  350.98475  354.66434  358.45507  346.77288  350.36423  354.06312  359.01539  362.89631  366.89666  354.63638  358.42270  362.32450  350.33694  354.03154  357.83781  362.86734  366.86301  370.98289  358.39443  362.29168  366.30897  354.00396  357.80580  361.72368
 354.65741  358.44418  362.34645  350.35056  354.04545  357.85202  346.12191  349.72768  353.44149  358.41591  362.31363  366.33140  354.01787  357.82001  361.73820  349.70077  353.41026  357.23195  362.28503  366.29813  370.43606  357.79211  361.70575  365.74001  353.38304  357.20031  361.13414
 354.03861  357.84120  361.75986  349.71415  353.42393  357.24592  345.46916  349.08896  352.81727  357.81330  361.72741  365.76215  353.39671  357.21427  361.14842  349.06241  352.78640  356.62310  361.69917  365.72922  369.88477  357.18673  361.11631  365.16711  352.75954  356.59179  360.54116
 353.41720  357.23520  361.16981  349.07557  352.79985  356.63684  344.81470  348.44815  352.19056  357.20766  361.13770  365.18898  352.77299  356.60553  360.55521  348.42194  352.16003  356.01131  361.10983  365.15640  369.32909  356.57836  360.52345  364.59034  352.13353  355.98035  359.94482
 352.79320  356.62618  360.57632  348.43488  352.17325  356.02482  344.15859  347.80527  351.56139  356.59901  360.54456  364.61193  352.14674  355.99386  359.95863  347.77942  351.53120  355.39665  360.51705  364.57968  368.76906  355.96703  359.92721  364.00974  351.50504  355.36602  359.34517
 352.16669  356.01424  359.97948  347.79215  351.54420  355.40994  343.50086  347.16040  350.92982  355.98742  359.94805  364.03106  351.51804  355.37931  359.35875  347.13490  350.89995  354.77917  359.92089  363.99916  368.20475  355.35283  359.32767  363.42539  350.87414  354.74887  358.74225
 351.53773  355.39943  359.37933  347.14741  350.91274  354.79224  342.84159  346.51360  350.29591  355.37295  359.34824  363.44644  350.88693  354.76194  358.75561  346.48842  350.26637  354.15892  359.32142  363.41487  367.63623  354.73579  358.72485  362.83734  350.24089  354.12894  358.13613
 350.90636  354.78180  358.77593  346.50072  350.27893  354.17176  342.18081  345.86490  349.65970  354.75566  358.74517  362.85812  350.25345  354.14178  358.14927  345.84005  349.63048  353.53596  358.71869  362.82688  367.06354  354.11598  358.11884  362.24564  349.60533  353.50631  357.52689
 350.27264  354.16141  358.16934  345.85214  349.64284  353.54859  341.51857  345.21436  349.02126  354.13560  358.13891  362.26617  349.61769  353.51894  357.53981  345.18985  348.99236  352.91035  358.11275  362.23525  366.48675  353.49346  357.50969  361.65036  348.96753  352.88101  356.91455
 349.63664  353.53831  357.55962  345.20174  349.00452  352.92278  340.85496  344.56206  348.38066  353.51283  357.52951  361.67063  348.97969  352.89344  356.92726  344.53785  348.35207  352.28216  357.50367  361.64003  365.90593  352.86827  356.89746  361.05156  348.32755  352.25312  356.29920
 348.99839  352.91257  356.94683  344.54955  348.36402  352.29438  340.18999  343.90802  347.73792  352.88740  356.91702  361.07158  348.33950  352.26535  356.31170  343.88412  347.70964  351.65142  356.89152  361.04128  365.32111  352.24050  356.28220  360.44928  347.68543  351.62269  355.68087
 348.35797  352.28424  356.33103  343.89562  347.72139  351.66344  339.52373  343.25232  347.09313  352.25939  356.30153  360.46907  347.69718  351.63471  355.69317  343.22873  347.06514  351.01821  356.27634  360.43908  364.73237  351.61017  355.66397  359.84360  347.04124  350.98977  355.05964
 347.71542  351.65337  355.71226  343.24003  347.07670  351.03003  338.85623  342.59499  346.44632  351.62883  355.68306  359.86314  347.05279  351.00160  355.07174  342.57170  346.41862  350.38257  355.65817  359.83345  364.13976  350.97736  355.04284  359.23458  346.39502  350.35443  354.43556
 347.07081  351.02002  355.09059  342.58281  346.42999  350.39420  338.18755  341.93610  345.79755  350.99579  355.06169  359.25388  346.40638  350.36605  354.44746  341.91310  345.77014  349.74457  355.03711  359.22449  363.54336  350.34212  354.41884  358.62226  345.74683  349.71671  353.80868
 346.42417  350.38425  354.46608  341.92403  345.78132  349.75600  337.51772  341.27569  345.14688  350.36031  354.43747  358.64132  345.75800  349.72814  353.82038  341.25298  345.11975  349.10425  354.41319  358.61223  362.94320  349.70450  353.79207  358.00671  345.09673  349.07668  353.17907
 345.77557  349.74611  353.83878  341.26373  345.13075  349.11550  336.84681  340.61382  344.49437  349.72247  353.81046  358.02554  345.10773  349.08793  353.19059  340.59140  344.46752  348.46167  353.78647  357.99674  362.33935  349.06457  353.16256  357.38799  344.44478  348.43439  352.54678
 345.12508  349.10568  353.20876  340.60197  344.47833  348.47274  336.17486  339.95055  343.84005  349.08232  353.18072  357.40660  344.45559  348.44545  352.55810  339.92840  343.81348  347.81689  353.15701  357.37808  361.73189  348.42237  352.53035  356.76615  343.79101  347.78988  351.91186
 344.47272  348.46298  352.57605  339.93880  343.82412  347.82778  335.50192  339.28591  343.18398  348.43990  352.54830  356.78453  343.80165  347.80077  351.92301  339.26403  343.15769  347.16997  352.52487  356.75629  361.12085  347.77797  351.89553  356.14127  343.13549  347.14322  351.27439
 343.81857  347.81808  351.94074  339.27426  343.16815  347.18068  334.82804  338.61997  342.52624  347.79528  351.91326  356.15942  343.14595  347.15393  351.28535  338.59836  342.50020  346.52096  351.89011  356.13146  360.50631  347.13141  351.25814  355.51337  342.47828  346.49448  350.63439
 343.16267  347.17104  351.30287  338.60842  342.51050  346.53149  334.15328  337.95278  341.86686  347.14852  351.27566  355.53132  342.48857  346.50502  350.64518  337.93143  341.84109  345.86991  351.25278  355.50362  359.88833  346.48275  350.61824  354.88255  341.81942  345.84369  349.99197
 342.50509  346.52192  350.66250  337.94132  341.85121  345.88027  333.47767  337.28437  341.20588  346.49966  350.63555  354.90028  341.82954  345.85405  350.00257  337.26328  341.18037  345.21687  350.61294  354.87284  359.26695  345.83206  349.97589  354.24883  341.15896  345.19091  349.34712
 341.84586  345.87076  350.01968  337.27301  341.19033  345.22707  332.80127  336.61481  340.54339  345.84876  349.99299  354.26636  341.16892  345.20111  349.35756  336.59398  340.51812  344.56191  349.97065  354.23919  358.64225  345.17937  349.33114  353.61230  340.49697  344.53621  348.69995
 341.18504  345.21760  349.37446  336.60354  340.52792  344.57194  332.12412  335.94415  339.87940  345.19586  349.34804  353.62961  340.50676  344.54623  348.71022  335.92356  339.85439  343.90507  349.32595  353.60270  358.01427  344.52475  348.68405  352.97300  339.83349  343.87962  348.05049
 340.52269  344.56254  348.72692  335.93297  339.86402  343.91494  331.44628  335.27243  339.21399  344.54105  348.70075  352.99011  339.84312  343.88949  348.06059  335.25209  339.18923  343.24642  348.67891  352.96345  357.38310  343.86825  348.03467  352.33099  339.16857  343.22122  347.39880
 339.85886  343.90560  348.07710  335.26134  339.19871  343.25612  330.76778  334.59970  338.54720  343.88436  348.05118  352.34791  339.17804  343.23092  347.40874  334.57960  338.52268  342.58600  348.02960  352.32150  356.74876  343.20993  347.38307  351.68633  338.50227  342.56104  346.74494
 339.19359  343.24683  347.42505  334.58870  338.53201  342.59555  330.08868  333.92602  337.87909  343.22585  347.39938  351.70304  338.51159  342.57058  346.75472  333.90615  337.85481  341.92386  347.37804  351.67689  356.11134  342.54983  346.72930  351.03908  337.83462  341.89914  346.08896
 338.52695  342.58632  346.77084  333.91511  337.86398  341.93325  329.40903  333.25143  337.20970  342.56556  346.74542  351.05560  337.84380  341.90854  346.09859  333.23179  337.18566  341.26007  346.72431  351.02969  355.47089  341.88802  346.07340  350.38930  337.16570  341.23558  345.43093
 337.85897  341.92408  346.11451  333.24060  337.19468  341.26930  328.72886  332.57598  336.53909  341.90356  346.08933  350.40563  337.17472  341.24482  345.44039  332.55656  336.51528  340.59466  346.06846  350.37995  354.82747  341.22453  345.41544  349.73704  336.49555  340.57041  344.77088
 337.18972  341.26018  345.45613  332.56522  336.52414  340.60375  328.04822  331.89971  335.86730  341.23989  345.43118  349.75317  336.50442  340.57949  344.78019  331.88052  335.84371  339.92770  345.41056  349.72774  354.18113  340.55944  344.75548  349.08235  335.82422  339.90368  344.10889
 336.51924  340.59468  344.79575  331.88904  335.85244  339.93664  327.36716  331.22267  335.19438  340.57463  344.77104  349.09830  335.83294  339.91262  344.11804  331.20371  335.17103  339.25924  344.75064  349.07310  353.53194  339.89279  344.09356  348.42531  335.15174  339.23544  343.44498
 335.84759  339.92762  344.13342  331.21209  335.17961  339.26803  326.68574  330.54492  334.52039  339.90779  344.10893  348.44107  335.16033  339.24423  343.45400  330.52617  334.49725  338.58932  344.08876  348.41610  352.87996  339.22462  343.42974  347.76594  334.47819  338.56574  342.77924
 335.17481  339.25906  343.46920  330.53441  334.50569  338.59797  326.00397  329.86649  333.84537  339.23945  343.44494  347.78153  334.48663  338.57439  342.78810  329.84795  333.82245  337.91800  343.42499  347.75680  352.22525  338.55500  342.76407  347.10434  333.80360  337.89464  342.11171
 334.50094  338.58905  342.80313  329.85606  333.83075  337.92650  325.32190  329.18744  333.16936  338.56966  342.77910  347.11975  333.81190  337.90315  342.12043  329.16910  333.14666  337.24533  342.75936  347.09523  351.56784  337.88397  342.09661  346.44052  333.12802  337.22219  341.44243
 333.82604  337.91764  342.13529  329.17708  333.15483  337.25371  324.63960  328.50781  332.49244  337.89846  342.11147  346.45576  333.13619  337.23056  341.45101  328.48968  332.46995  336.57136  342.09194  346.43147  350.90784  337.21159  341.42742  345.77459  332.45151  336.54843  340.77148
 333.15017  337.24488  341.46570  328.49753  332.47799  336.57960  323.95710  327.82764  331.81462  337.22591  341.44210  345.78965  332.45955  336.55667  340.77993  327.80971  331.79234  335.89615  341.42279  345.76557  350.24526  336.53791  340.75654  345.10656  331.77411  335.87343  340.09889
 332.47336  336.57083  340.79445  327.81743  331.80025  335.90425  323.27443  327.14697  331.13598  336.55207  340.77106  345.12145  331.78201  335.88153  340.10720  327.12925  331.11390  335.21973  340.75195  345.09759  349.58018  335.86297  340.08403  344.43650  331.09586  335.19721  339.42472
 331.79567  335.89553  340.12155  327.13684  331.12168  335.22770  322.59164  326.46587  330.45654  335.87696  340.09838  344.45122  331.10364  335.20519  339.43290  326.44833  330.43466  334.54216  340.07947  344.42757  348.91266  335.18682  339.40993  343.76446  330.41682  334.51985  338.74903
 331.11714  335.21902  339.44709  326.45581  330.44232  334.55001  321.90879  325.78436  329.77636  335.20066  339.42412  343.77902  330.42447  334.52770  338.75708  325.76701  329.75468  333.86349  339.40542  343.75557  348.24274  334.50954  338.73431  343.09052  329.73703  333.84138  338.07186
 330.43782  334.54137  338.77110  325.77437  329.76222  333.87122  321.22589  325.10249  329.09548  334.52321  338.74833  343.10490  329.74457  333.84910  338.07978  325.08534  329.07400  333.18377  338.72984  343.08167  347.57050  333.83114  338.05722  342.41471  329.05654  333.16186  337.39327
 329.75776  333.86262  338.09365  325.09258  329.08141  333.19138  320.54300  324.42031  328.41397  333.84466  338.07108  342.42893  329.06396  333.16946  337.40107  324.40335  328.39268  332.50306  338.05278  342.40589  346.89600  333.15168  337.37870  341.73709  328.37540  332.48134  336.71332
 329.07700  333.18283  337.41478  324.41046  328.39997  332.51054  319.86016  323.73786  327.73184  333.16505  337.39241  341.75115  328.38269  332.48881  336.72098  323.72107  327.71073  331.82139  337.37430  341.72831  346.21927  332.47122  336.69881  341.05770  327.69364  331.79985  336.03203
 328.39559  332.50203  336.73454  323.72808  327.71791  331.82875  319.17740  323.05518  327.04916  332.48444  336.71237  341.07161  327.70082  331.80721  336.03958  323.03857  327.02824  331.13881  336.69444  341.04897  345.54038  331.78981  336.01760  340.37662  327.01133  331.11747  335.34948
 327.71357  331.82028  336.05298  323.04546  327.03530  331.14605  318.49477  322.37231  326.36596  331.80288  336.03100  340.39037  327.01839  331.12470  335.35690  322.35589  326.34523  330.45537  336.01326  340.36793  344.85939  331.10748  335.33512  339.69389  326.32850  330.43422  334.66571
 327.03100  331.13764  335.37016  322.36266  326.35217  330.46249  317.81231  321.68931  325.68229  331.12041  335.34838  339.70750  326.33544  330.44134  334.67301  321.67305  325.66175  329.77113  335.33082  339.68524  344.17636  330.42429  334.65141  339.00956  325.64519  329.75015  333.98077
 326.34792  330.45413  334.68613  321.67972  325.66858  329.77814  317.13004  321.00619  324.99820  330.43708  334.66453  339.02302  325.65202  329.75716  333.98796  320.99010  324.97783  329.08612  334.64715  339.00095  343.49134  329.74029  333.96655  338.32369  324.96144  329.06532  333.29471
 325.66435  329.76980  334.00093  320.99667  324.98456  329.09301  316.44803  320.32302  324.31374  329.75293  333.97951  338.33700  324.96817  329.07222  333.30179  320.30710  324.29354  328.40039  333.96230  338.31512  342.80437  329.05551  333.28055  337.63633  324.27732  328.37978  332.60758
 324.98036  329.08472  333.31461  320.31355  324.30016  328.40718  315.76629  319.63982  323.62893  329.06801  333.29338  337.64949  324.28394  328.38657  332.61455  319.62406  323.60891  327.71399  333.27634  337.62779  342.11554  328.37003  332.59349  336.94754  323.59284  327.69355  331.91943
 324.29599  328.39893  332.62723  319.63042  323.61542  327.72067  315.08487  318.95665  322.94382  328.38239  332.60617  336.96056  323.59936  327.70023  331.92629  318.94104  322.92397  327.02697  332.58931  336.93904  341.42488  327.68386  331.90541  336.25735  322.90808  327.00670  331.23031
 323.61128  327.71246  331.93884  318.94730  322.93038  327.03354  314.40381  318.27353  322.25848  327.69609  331.91796  336.27023  322.91449  327.01327  331.23706  318.25809  322.23880  326.33937  331.90126  336.24889  340.73245  326.99707  331.21635  335.56584  322.22306  326.31927  330.54027
 322.92629  327.02537  331.24947  318.26424  322.24510  326.34583  313.72314  317.59051  321.57291  327.00917  331.22876  335.57858  322.22936  326.32573  330.54691  317.57523  321.55339  325.65123  331.21223  335.55741  340.03830  326.30969  330.52637  334.87303  321.53782  325.63130  329.84934
 322.24103  326.33770  330.55918  317.58128  321.55959  325.65759  313.04290  316.90763  320.88718  326.32165  330.53865  334.88563  321.54402  325.63766  329.85587  316.89250  320.86783  324.96259  330.52227  334.86465  339.34250  325.62177  329.83551  334.17900  320.85240  324.94283  329.15760
 321.55556  325.64949  329.86801  316.89846  320.87394  324.96886  312.36312  316.22493  320.20132  325.63360  329.84765  334.19146  320.85851  324.94910  329.16403  316.20994  320.18213  324.27352  329.83144  334.17065  338.64509  324.93337  329.14383  333.48380  320.16686  324.25392  328.46507
 320.86992  324.96080  329.17604  316.21581  320.18814  324.27969  311.68384  315.54244  319.51537  324.94507  329.15584  333.49612  320.17287  324.26009  328.47139  315.52760  319.49635  323.58404  329.13979  333.47547  337.94613  324.24451  328.45136  332.78745  319.48122  323.56460  327.77180
 320.18415  324.27166  328.48327  315.53337  319.50226  323.59011  311.00511  314.86020  318.82939  324.25608  328.46324  332.79964  319.48713  323.57067  327.77803  314.84551  318.81052  322.89421  328.44734  332.77916  337.24567  323.55524  327.75816  332.09002  318.79554  322.87493  327.07785
 319.49830  323.58212  327.78978  314.85119  318.81633  322.90018  310.32693  314.17825  318.14340  323.56669  327.76991  332.10209  318.80136  322.88090  327.08397  314.16370  318.12468  322.20406  327.75416  332.08177  336.54376  322.86562  327.06426  331.39157  318.10984  322.18493  326.38325
 318.81241  322.89223  327.09560  314.16928  318.13040  322.20993  309.64937  313.49663  317.45744  322.87695  327.07589  331.40350  318.11556  322.19080  326.38928  313.48222  317.43887  321.51363  327.06030  331.38335  335.84048  322.17567  326.36973  330.69213  317.42418  321.49467  325.68807
 318.12650  322.20202  326.40079  313.48772  317.44451  321.51941  308.97244  312.81537  316.77156  322.18688  326.38124  330.70394  317.42981  321.50045  325.69400  312.80110  316.75314  320.82299  326.36578  330.68394  335.13583  321.48545  325.67460  329.99175  316.73859  320.80416  324.99232
 317.44063  321.51154  325.70538  312.80651  316.75869  320.82867  308.29618  312.13451  316.08579  321.49654  325.68598  330.00344  316.74413  320.80984  324.99816  312.12037  316.06751  320.13214  325.67067  329.98360  334.42991  320.79499  324.97892  329.29050  316.05310  320.11346  324.29608
 316.75483  320.82082  325.00942  312.12570  316.07298  320.13774  307.62063  311.45408  315.40017  320.80597  324.99018  329.30206  316.05856  320.11907  324.30183  311.44008  315.38204  319.44115  324.97501  329.28238  333.72274  320.10435  324.28274  328.58841  315.36776  319.42262  323.59937
 316.06915  320.12993  324.31297  311.44532  315.38742  319.44666  306.94582  310.77413  314.71475  320.11521  324.29388  328.59985  315.37314  319.42814  323.60503  310.76026  314.69677  318.75005  324.27885  328.58031  333.01440  319.41356  323.58608  327.88552  314.68261  318.73167  322.90225
 315.38361  319.43888  323.61605  310.76542  314.70205  318.75548  306.27177  310.09468  314.02954  319.42430  323.59711  327.89684  314.68790  318.73709  322.90781  310.08094  314.01170  318.05889  323.58222  327.87746  332.30492  318.72265  322.88901  327.18189  313.99769  318.04065  322.20475
 314.69827  318.74772  322.91873  310.08602  314.01691  318.06423  305.59853  309.41577  313.34461  318.73328  322.89993  327.19310  314.00289  318.04599  322.21023  309.40216  313.32691  317.36770  322.88517  327.17386  331.59435  318.03168  322.19157  326.47758  313.31302  317.34960  321.50692
 314.01315  318.05651  322.22103  309.40716  313.33203  317.37296  304.92612  308.73744  312.65998  318.04220  322.20237  326.48866  313.31814  317.35486  321.51232  308.72395  312.64241  316.67653  322.18775  326.46957  330.88275  317.34068  321.49380  325.77260  312.62865  316.65857  320.80880
 313.32829  317.36527  321.52301  308.72887  312.64746  316.68171  304.25457  308.05970  311.97569  317.35109  321.50449  325.78358  312.63369  316.66375  320.81411  308.04634  311.95826  315.98541  321.49000  325.76463  330.17017  316.64969  320.79574  325.06703  311.94461  315.96759  320.11044
 312.64374  316.67406  320.82469  308.05119  311.96322  315.99051  303.58393  307.38262  311.29176  316.66000  320.80632  325.07789  311.94958  315.97268  320.11567  307.36938  311.27447  315.29439  320.79197  325.05909  329.45666  315.95876  320.09744  324.36091  311.26095  315.27670  319.41188
 311.95953  315.98289  320.12615  307.37415  311.27936  315.29941  302.91420  306.70621  310.60826  315.96896  320.10791  324.37166  311.26585  315.28172  319.41704  306.69309  310.59110  314.60350        nan        nan        nan        nan        nan        nan        nan        nan        nan
