       nan        nan        nan        nan        nan        nan        nan        nan        nan 21184.21400        nan        nan        nan        nan        nan        nan        nan        nan 21181.49500 21139.01650        nan        nan        nan        nan        nan        nan        nan
21187.36250        nan        nan 21224.13000        nan        nan        nan        nan        nan 21184.64350 21142.16500        nan 21221.41100 21178.93250        nan        nan        nan        nan 21179.20300 21136.40350 21100.71100 21215.97050 21173.17100 21137.47850        nan        nan        nan
21190.94900 21148.47050        nan 21228.23400 21185.75550        nan 21259.04600 21216.56750        nan 21185.50850 21142.70900 21107.01650 21222.79350 21179.99400 21144.30150 21253.60550 21210.80600 21175.11350 21177.34250 21134.06100 21097.54900 21214.62750 21171.34600 21134.83400 21245.43950 21202.15800 21165.64600
21194.98500 21152.18550 21116.49300 21233.04900 21190.24950 21154.55700 21265.19600 21222.39650 21186.70400 21186.81900 21143.53750 21107.02550 21224.88300 21181.60150 21145.08950 21257.03000 21213.74850 21177.23650 21175.91950 21131.99650 21094.42500 21213.98350 21170.06050 21132.48900 21246.13050 21202.20750 21164.63600
21199.48850 21156.20700 21119.69500 21238.58800 21195.30650 21158.79450 21272.41600 21229.13450 21192.62250 21188.58900 21144.66600 21107.09450 21227.68850 21183.76550 21146.19400 21261.51650 21217.59350 21180.02200 21174.94700 21130.22500 21091.37900 21214.04650 21169.32450 21130.47850 21247.87450 21203.15250 21164.30650
21204.47450 21160.55150 21122.98000 21244.85950 21200.93650 21163.36500 21280.65700 21236.73400 21199.16250 21190.83250 21146.11050 21107.26450 21231.21750 21186.49550 21147.64950 21267.01500 21222.29300 21183.44700 21174.44000 21128.76300 21088.45150 21214.82500 21169.14800 21128.83650 21250.62250 21204.94550 21164.63400
21209.96150 21165.23950 21126.39350 21251.86650 21207.14450 21168.29850 21289.86800 21245.14600 21206.30000 21193.56900 21147.89200 21107.58050 21235.47400 21189.79700 21149.48550 21273.47550 21227.79850 21187.48700 21174.41400 21127.63350 21085.68900 21216.31900 21169.53850 21127.59400 21254.32050 21207.54000 21165.59550
21215.96700 21170.29000 21129.97850 21259.61000 21213.93300 21173.62150 21300.00400 21254.32700 21214.01550 21196.81200 21150.03150 21108.08700 21240.45500 21193.67450 21151.73000 21280.84900 21234.06850 21192.12400 21174.88400 21126.85700 21083.13550 21218.52700 21170.50000 21126.77850 21258.92100 21210.89400 21167.17250
21222.50350 21175.72300 21133.77850 21268.08150 21221.30100 21179.35650 21311.02000 21264.23950 21222.29500 21200.57550 21152.54850 21108.82700 21246.15350 21198.12650 21154.40500 21289.09200 21241.06500 21197.34350 21175.86300 21126.45450 21080.83250 21221.44100 21172.03250 21126.41050 21264.37950 21214.97100 21169.34900
21229.58350 21181.55650 21137.83500 21277.27300 21229.24600 21185.52450 21322.87750 21274.85050 21231.12900 21204.87100 21155.46250 21109.84050 21252.56050 21203.15200 21157.53000 21298.16500 21248.75650 21203.13450 21177.36450 21126.44850 21078.81950 21225.05400 21174.13800 21126.50900 21270.65850 21219.74250 21172.11350
21237.21550 21187.80700 21142.18500 21287.17100 21237.76250 21192.14050 21335.54100 21286.13250 21240.51050 21209.70900 21158.79300 21111.16400 21259.66450 21208.74850 21161.11950 21308.03450 21257.11850 21209.48950 21179.39850 21126.85800 21077.13050 21229.35400 21176.81350 21127.08600 21277.72400 21225.18350 21175.45600
21245.40800 21194.49200 21146.86300 21297.76450 21246.84850 21199.21950 21348.98150 21298.06550 21250.43650 21215.09750 21162.55700 21112.82950 21267.45400 21214.91350 21165.18600 21318.67100 21266.13050 21216.40300 21181.97250 21127.70150 21075.79750 21234.32900 21180.05800 21128.15400 21285.54600 21231.27500 21179.37100
21254.16550 21201.62500 21151.89750 21309.04050 21256.50000 21206.77250 21363.17100 21310.63050 21260.90300 21221.04050 21166.76950 21114.86550 21275.91550 21221.64450 21169.74050 21330.04600 21275.77500 21223.87100 21185.09500 21128.99450 21074.84650 21239.97000 21183.86950 21129.72150 21294.10050 21238.00000 21183.85200
21263.48900 21209.21800 21157.31400 21320.98500 21266.71400 21214.81000 21378.08450 21323.81350 21271.90950 21227.54350 21171.44300 21117.29500 21285.03950 21228.93900 21174.79100 21342.13900 21286.03850 21231.89050 21188.76850 21130.75000 21074.30100 21246.26450 21188.24600 21131.79700 21303.36400 21245.34550 21188.89650
21273.38350 21217.28300 21163.13500 21333.58750 21277.48700 21223.33900 21393.70350 21337.60300 21283.45500 21234.60850 21176.59000 21120.14100 21294.81250 21236.79400 21180.34500 21354.92850 21296.91000 21240.46100 21192.99950 21132.98200 21074.18100 21253.20350 21193.18600 21134.38500 21313.31950 21253.30200 21194.50100
21283.84750 21225.82900 21169.38000 21346.83550 21288.81700 21232.36800 21410.00700 21351.98850 21295.53950 21242.23850 21182.22100 21123.42000 21305.22650 21245.20900 21186.40800 21368.39800 21308.38050 21249.57950 21197.78850 21135.70050 21074.50450 21260.77650 21198.68850 21137.49250 21323.94800 21261.86000 21200.66400
21294.88300 21234.86550 21176.06450 21360.72100 21300.70350 21241.90250 21426.98200 21366.96450 21308.16350 21250.43300 21188.34500 21127.14900 21316.27100 21254.18300 21192.98700 21382.53200 21320.44400 21259.24800 21203.13800 21138.91400 21075.28550 21268.97600 21204.75200 21141.12350 21335.23700 21271.01300 21207.38450
21306.48850 21244.40050 21183.20450 21375.23250 21313.14450 21251.94850 21444.61100 21382.52300 21321.32700 21259.19350 21194.96950 21131.34100 21327.93750 21263.71350 21200.08500 21397.31600 21333.09200 21269.46350 21209.05050 21142.63200 21076.53750 21277.79450 21211.37600 21145.28150 21347.17300 21280.75450 21214.66000
21318.66250 21254.43850 21190.81000 21390.36200 21326.13800 21262.50950 21462.88350 21398.65950 21335.03100 21268.51950 21202.10100 21136.00650 21340.21900 21273.80050 21207.70600 21412.74050 21346.32200 21280.22750 21215.52500 21146.85950 21078.27000 21287.22450 21218.55900 21149.96950 21359.74600 21291.08050 21222.49100
21331.40500 21264.98650 21198.89200 21406.10250 21339.68400 21273.58950 21481.78750 21415.36900 21349.27450 21278.41050 21209.74500 21141.15550 21353.10800 21284.44250 21215.85300 21428.79300 21360.12750 21291.53800 21222.56300 21151.60400 21080.49350 21297.26050 21226.30150 21155.19100 21372.94550 21301.98650 21230.87600
21344.71550 21276.05000 21207.46050 21422.44600 21353.78050 21285.19100 21501.31400 21432.64850 21364.05900 21288.86800 21217.90900 21146.79850 21366.59850 21295.63950 21224.52900 21445.46650 21374.50750 21303.39700 21230.16600 21156.87100 21083.21850 21307.89650 21234.60150 21160.94900 21386.76450 21313.46950 21239.81700
21358.59100 21287.63200 21216.52150 21439.38800 21368.42900 21297.31850 21521.45350 21450.49450 21379.38400 21299.88900 21226.59400 21152.94150 21380.68600 21307.39100 21233.73850 21462.75150 21389.45650 21315.80400 21238.33150 21162.66300 21086.44750 21319.12850 21243.46000 21167.24450 21401.19400 21325.52550 21249.31000
21373.03100 21299.73600 21226.08350 21456.92150 21383.62650 21309.97400 21542.19850 21468.90350 21395.25100 21311.47350 21235.80500 21159.58950 21395.36400 21319.69550 21243.48000 21480.64100 21404.97250 21328.75700 21247.06050 21168.98500 21090.18950 21330.95100 21252.87550 21174.08000 21416.22800 21338.15250 21259.35700
21388.03400 21312.36550 21236.15000 21475.04300 21399.37450 21323.15900 21563.54200 21487.87350 21411.65800 21323.62100 21245.54550 21166.75000 21410.63000 21332.55450 21253.75900 21499.12900 21421.05350 21342.25800 21256.35250 21175.84000 21094.44900 21343.36150 21262.84900 21181.45800 21431.86050 21351.34800 21269.95700
21403.59900 21325.52350 21246.72800 21493.74600 21415.67050 21336.87500 21585.47850 21507.40300 21428.60750 21336.33050 21255.81800 21174.42700 21426.47750 21345.96500 21264.57400 21518.21000 21437.69750 21356.30650 21266.20700 21183.23000 21099.23150 21356.35400 21273.37700 21189.37850 21448.08650 21365.10950 21281.11100
21419.72400 21339.21150 21257.82050 21513.02750 21432.51500 21351.12400 21608.00050 21527.48800 21446.09700 21349.60050 21266.62350 21182.62500 21442.90400 21359.92700 21275.92850 21537.87700 21454.90000 21370.90150 21276.62350 21191.15900 21104.53900 21369.92700 21284.46250 21197.84250 21464.90000 21379.43550 21292.81550
21436.40750 21353.43050 21269.43200 21532.88350 21449.90650 21365.90800 21631.10450 21548.12750 21464.12900 21363.43050 21277.96600 21191.34600 21459.90650 21374.44200 21287.82200 21558.12750 21472.66300 21386.04300 21287.60100 21199.62750 21110.37750 21384.07700 21296.10350 21206.85350 21482.29800 21394.32450 21305.07450
21453.64850 21368.18400 21281.56400 21553.30950 21467.84500 21381.22500 21654.78550 21569.32100 21482.70100 21377.81900 21289.84550 21200.59550 21477.48000 21389.50650 21300.25650 21578.95600 21490.98250 21401.73250 21299.14050 21208.63800 21116.74850 21398.80150 21308.29900 21216.40950 21500.27750 21409.77500 21317.88550
21471.44550 21383.47200 21294.22200 21574.30350 21486.33000 21397.08000 21679.03800 21591.06450 21501.81450 21392.76700 21302.26450 21210.37500 21495.62500 21405.12250 21313.23300 21600.35950 21509.85700 21417.96750 21311.23950 21218.19250 21123.65500 21414.09750 21321.05050 21226.51300 21518.83200 21425.78500 21331.24750
21489.79850 21399.29600 21307.40650 21595.86350 21505.36100 21413.47150 21703.86000 21613.35750 21521.46800 21408.27100 21315.22400 21220.68650 21514.33600 21421.28900 21326.75150 21622.33250 21529.28550 21434.74800 21323.89900 21228.29150 21131.09900 21429.96400 21334.35650 21237.16400 21537.96050 21442.35300 21345.16050
21508.70300 21415.65600 21321.11850 21617.98300 21524.93600 21430.39850 21729.24550 21636.19850 21541.66100 21424.33100 21328.72350 21231.53100 21533.61100 21438.00350 21340.81100 21644.87350 21549.26600 21452.07350 21337.11550 21238.93500 21139.08300 21446.39550 21348.21500 21248.36300 21557.65800 21459.47750 21359.62550
21528.16150 21432.55400 21335.36150 21640.66350 21545.05600 21447.86350 21755.19350 21659.58600 21562.39350 21440.94600 21342.76550 21242.91350 21553.44800 21455.26750 21355.41550 21667.97800 21569.79750 21469.94550 21350.89200 21250.12600 21147.60900 21463.39400 21362.62800 21260.11100 21577.92400 21477.15800 21374.64100
21548.17000 21449.98950 21350.13750 21663.89950 21565.71900 21465.86700 21781.69900 21683.51850 21583.66650 21458.11600 21357.35000 21254.83300 21573.84550 21473.07950 21370.56250 21691.64500 21590.87900 21488.36200 21365.22600 21261.86450 21156.67800 21480.95550 21377.59400 21272.40750 21598.75500 21495.39350 21390.20700
21568.72850 21467.96250 21365.44550 21687.69000 21586.92400 21484.40700 21808.75950 21707.99350 21605.47650 21475.83850 21372.47700 21267.29050 21594.80000 21491.43850 21386.25200 21715.86950 21612.50800 21507.32150 21380.11550 21274.15000 21166.29100 21499.07700 21393.11150 21285.25250 21620.14650 21514.18100 21406.32200
21589.83600 21486.47450 21381.28800 21712.03350 21608.67200 21503.48550 21836.37250 21733.01100 21627.82450 21494.11300 21388.14750 21280.28850 21616.31050 21510.34500 21402.48600 21740.64950 21634.68400 21526.82500 21395.56200 21286.98450 21176.45100 21517.75950 21409.18200 21298.64850 21642.09850 21533.52100 21422.98750
21611.49000 21505.52450 21397.66550 21736.92600 21630.96050 21523.10150 21864.53400 21758.56850 21650.70950 21512.93900 21404.36150 21293.82800 21638.37500 21529.79750 21419.26400 21765.98300 21657.40550 21546.87200 21411.56350 21300.36700 21187.15700 21536.99950 21425.80300 21312.59300 21664.60750 21553.41100 21440.20100
21633.69050 21525.11300 21414.57950 21762.36700 21653.78950 21543.25600 21893.24350 21784.66600 21674.13250 21532.31500 21421.11850 21307.90850 21660.99150 21549.79500 21436.58500 21791.86800 21680.67150 21567.46150 21428.11950 21314.29900 21198.41050 21556.79600 21442.97550 21327.08700 21687.67250 21573.85200 21457.96350
21656.43550 21545.23900 21432.02900 21788.35350 21677.15700 21563.94700 21922.49650 21811.30000 21698.09000 21552.24000 21438.41950 21322.53100 21684.15800 21570.33750 21454.44900 21818.30100 21704.48050 21588.59200 21445.22900 21328.77950 21210.21200 21577.14700 21460.69750 21342.13000 21711.29000 21594.84050 21476.27300
21679.72400 21565.90350 21450.01500 21814.88400 21701.06350 21585.17500 21952.29200 21838.47150 21722.58300 21572.71300 21456.26350 21337.69600 21707.87300 21591.42350 21472.85600 21845.28100 21728.83150 21610.26400 21462.89150 21343.80850 21222.56250 21598.05150 21478.96850 21357.72250 21735.45950 21616.37650 21495.13050
21703.55550 21587.10600 21468.53850 21841.95650 21725.50700 21606.93950 21982.62700 21866.17750 21747.61000 21593.73400 21474.65100 21353.40500 21732.13500 21613.05200 21491.80600 21872.80550 21753.72250 21632.47650 21481.10650 21359.38750 21235.46250 21619.50750 21497.78850 21373.86350 21760.17800 21638.45900 21514.53400
21727.92800 21608.84500 21487.59900 21869.56950 21750.48650 21629.24050 22013.49950 21894.41650 21773.17050 21615.30050 21493.58150 21369.65650 21756.94200 21635.22300 21511.29800 21900.87200 21779.15300 21655.22800 21499.87200 21375.51500 21248.91250 21641.51350 21517.15650 21390.55400 21785.44350 21661.08650 21534.48400
21752.84050 21631.12150 21507.19650 21897.72100 21776.00200 21652.07700 22044.90700 21923.18800 21799.26300 21637.41200 21513.05500 21386.45250 21782.29250 21657.93550 21531.33300 21929.47850 21805.12150 21678.51900 21519.18850 21392.19100 21262.91250 21664.06900 21537.07150 21407.79300 21811.25500 21684.25750 21554.97900
21778.29150 21653.93450 21527.33200 21926.40950 21802.05250 21675.45000 22076.84750 21952.49050 21825.88800 21660.06800 21533.07050 21403.79200 21808.18600 21681.18850 21551.91000 21958.62400 21831.62650 21702.34800 21539.05500 21409.41650 21277.46250 21687.17300 21557.53450 21425.58050 21837.61100 21707.97250 21576.01850
21804.28050 21677.28300 21548.00450 21955.63250 21828.63500 21699.35650 22109.31900 21982.32150 21853.04300 21683.26750 21553.62900 21421.67500 21834.61950 21704.98100 21573.02700 21988.30600 21858.66750 21726.71350 21559.47000 21427.18950 21292.56350 21710.82200 21578.54150 21443.91550 21864.50850 21732.22800 21597.60200
21830.80600 21701.16750 21569.21350 21985.39000 21855.75150 21723.79750 22142.32000 22012.68150 21880.72750 21707.00850 21574.72800 21440.10200 21861.59250 21729.31200 21594.68600 22018.52250 21886.24200 21751.61600 21580.43250 21445.51100 21308.21400 21735.01650 21600.09500 21462.79800 21891.94650 21757.02500 21619.72800
21857.86600 21725.58550 21590.95950 22015.67750 21883.39700 21748.77100 22175.84700 22043.56650 21908.94050 21731.29000 21596.36850 21459.07150 21889.10150 21754.18000 21616.88300 22049.27100 21914.34950 21777.05250 21601.94150 21464.37900 21324.41550 21759.75300 21622.19050 21482.22700 21919.92250 21782.36000 21642.39650
21885.45950 21750.53800 21613.24100 22046.49600 21911.57450 21774.27750 22209.89900 22074.97750 21937.68050 21756.11100 21618.54850 21478.58500 21917.14750 21779.58500 21639.62150 22080.55050 21942.98800 21803.02450 21623.99650 21483.79500 21341.16700 21785.03300 21644.83150 21502.20350 21948.43600 21808.23450 21665.60650
21913.58600 21776.02350 21636.06000 22077.84200 21940.27950 21800.31600 22244.47350 22106.91100 21966.94750 21781.47150 21641.27000 21498.64200 21945.72750 21805.52600 21662.89800 22112.35900 21972.15750 21829.52950 21646.59800 21503.75800 21358.46950 21810.85400 21668.01400 21522.72550 21977.48550 21834.64550 21689.35700
21942.24300 21802.04150 21659.41350 22109.71500 21969.51350 21826.88550 22279.56950 22139.36800 21996.74000 21807.36950 21664.52950 21519.24100 21974.84150 21832.00150 21686.71300 22144.69600 22001.85600 21856.56750 21669.74200 21524.26600 21376.32050 21837.21400 21691.73800 21543.79250 22007.06850 21861.59250 21713.64700
21971.43050 21828.59050 21683.30200 22142.11350 21999.27350 21853.98500 22315.18450 22172.34450 22027.05600 21833.80300 21688.32700 21540.38150 22004.48600 21859.01000 21711.06450 22177.55700 22032.08100 21884.13550 21693.42900 21545.32000 21394.72200 21864.11200 21716.00300 21565.40500 22037.18300 21889.07400 21738.47600
22001.14650 21855.67050 21707.72500 22175.03450 22029.55850 21881.61300 22351.31600 22205.84000 22057.89450 21860.77250 21712.66350 21562.06550 22034.66050 21886.55150 21735.95350 22210.94200 22062.83300 21912.23500 21717.65900 21566.91950 21413.67350 21891.54700 21740.80750 21587.56150 22067.82850 21917.08900 21763.84300
22031.38950 21883.28050 21732.68250 22208.47700 22060.36800 21909.77000 22387.96250 22239.85350 22089.25550 21888.27600 21737.53650 21584.29050 22065.36350 21914.62400 21761.37800 22244.84900 22094.10950 21940.86350 21742.42950 21589.06350 21433.17400 21919.51700 21766.15100 21610.26150 22099.00250 21945.63650 21789.74700
22062.15900 21911.41950 21758.17350 22242.44000 22091.70050 21938.45450 22425.12200 22274.38250 22121.13650 21916.31250 21762.94650 21607.05700 22096.59350 21943.22750 21787.33800 22279.27550 22125.90950 21970.02000 21767.74100 21611.75150 21453.22350 21948.02200 21792.03250 21633.50450 22130.70400 21974.71450 21816.18650
22093.45200 21940.08600 21784.19650 22276.92050 22123.55450 21967.66500 22462.79250 22309.42650 22153.53700 21944.88050 21788.89100 21630.36300 22128.34900 21972.35950 21813.83150 22314.22100 22158.23150 21999.70350 21793.59100 21634.98200 21473.82050 21977.05950 21818.45050 21657.28900 22162.93150 22004.32250 21843.16100
22125.26900 21969.27950 21810.75150 22311.91800 22155.92850 21997.40050 22500.97250 22344.98300 22186.45500 21973.97950 21815.37050 21654.20900 22160.62850 22002.01950 21840.85800 22349.68300 22191.07400 22029.91250 21819.97850 21658.75500 21494.96650 22006.62750 21845.40400 21681.61550 22195.68200 22034.45850 21870.67000
22157.60800 21998.99900 21837.83750 22347.43050 22188.82150 22027.66000 22539.66000 22381.05100 22219.88950 22003.60700 21842.38350 21678.59500 22193.42950 22032.20600 21868.41750 22385.65900 22224.43550 22060.64700 21846.90350 21683.06900 21516.65900 22036.72600 21872.89150 21706.48150 22228.95550 22065.12100 21898.71100
22190.46600 22029.24250 21865.45400 22383.45550 22222.23200 22058.44350 22578.85250 22417.62900 22253.84050 22033.76250 21869.92800 21703.51800 22226.75200 22062.91750 21896.50750 22422.14900 22258.31450 22091.90450 21874.36350 21707.92450 21538.89850 22067.35300 21900.91400 21731.88800 22262.75000 22096.31100 21927.28500
22223.84400 22060.00950 21893.59950 22419.99250 22256.15800 22089.74800 22618.54800 22454.71350 22288.30350 22064.44500 21898.00600 21728.98000 22260.59350 22094.15450 21925.12850 22459.14900 22292.71000 22123.68400 21902.35900 21733.32000 21561.68500 22098.50750 21929.46850 21757.83350 22297.06300 22128.02400 21956.38900
22257.73900 22091.30000 21922.27400 22457.03900 22290.60000 22121.57400 22658.74550 22492.30650 22323.28050 22095.65300 21926.61400 21754.97900 22294.95300 22125.91400 21954.27900 22496.65950 22327.62050 22155.98550 21930.88800 21759.25400 21585.01700 22130.18800 21958.55400 21784.31700 22331.89450 22160.26050 21986.02350
22292.14950 22123.11050 21951.47550 22494.59400 22325.55500 22153.92000 22699.44200 22530.40300 22358.76800 22127.38450 21955.75050 21781.51350 22329.82900 22158.19500 21983.95800 22534.67700 22363.04300 22188.80600 21959.94850 21785.72650 21608.89300 22162.39300 21988.17100 21811.33750 22367.24100 22193.01900 22016.18550
22327.07550 22155.44150 21981.20450 22532.65450 22361.02050 22186.78350 22740.63700 22569.00300 22394.76600 22159.63950 21985.41750 21808.58400 22365.21850 22190.99650 22014.16300 22573.20100 22398.97900 22222.14550 21989.54100 21812.73600 21633.31400 22195.12000 22018.31500 21838.89300 22403.10250 22226.29750 22046.87550
22362.51400 22188.29200 22011.45850 22571.22000 22396.99800 22220.16450 22782.32650 22608.10450 22431.27100 22192.41550 22015.61050 21836.18850 22401.12150 22224.31650 22044.89450 22612.22800 22435.42300 22256.00100 22019.66300 21840.28250 21658.27850 22228.36900 22048.98850 21866.98450 22439.47550 22260.09500 22078.09100
22398.46400 22221.65900 22042.23700 22610.28850 22433.48350 22254.06150 22824.51050 22647.70550 22468.28350 22225.71150 22046.33100 21864.32700 22437.53600 22258.15550 22076.15150 22651.75800 22472.37750 22290.37350 22050.31350 21868.36350 21683.78600 22262.13800 22080.18800 21895.61050 22476.36000 22294.41000 22109.83250
22434.92350 22255.54300 22073.53900 22649.85750 22470.47700 22288.47300 22867.18500 22687.80450 22505.80050 22259.52550 22077.57550 21892.99800 22474.45950 22292.50950 22107.93200 22691.78700 22509.83700 22325.25950 22081.49200 21896.97900 21709.83550 22296.42600 22111.91300 21924.76950 22513.75350 22329.24050 22142.09700
22471.89200 22289.94200 22105.36450 22689.92600 22507.97600 22323.39850 22910.34900 22728.39900 22543.82150 22293.85850 22109.34550 21922.20200 22511.89250 22327.37950 22140.23600 22732.31550 22547.80250 22360.65900 22113.19650 21926.12950 21736.42650 22331.23050 22144.16350 21954.46050 22551.65350 22364.58650 22174.88350
22509.36750 22324.85450 22137.71100 22730.49200 22545.97900 22358.83550 22954.00200 22769.48900 22582.34550 22328.70550 22141.63850 21951.93550 22549.83000 22362.76300 22173.06000 22773.34000 22586.27300 22396.57000 22145.42600 21955.81100 21763.55800 22366.55050 22176.93550 21984.68250 22590.06050 22400.44550 22208.19250
22547.34700 22360.28000 22170.57700 22771.55250 22584.48550 22394.78250 22998.13900 22811.07200 22621.36900 22364.06750 22174.45250 21982.19950 22588.27300 22398.65800 22206.40500 22814.85950 22625.24450 22432.99150 22178.17950 21986.02400 21791.22850 22402.38500 22210.22950 22015.43400 22628.97150 22436.81600 22242.02050
22585.83000 22396.21500 22203.96200 22813.10750 22623.49250 22431.23950 23042.75950 22853.14450 22660.89150 22399.94200 22207.78650 22012.99100 22627.21950 22435.06400 22240.26850 22856.87150 22664.71600 22469.92050 22211.45400 22016.76650 21819.43700 22438.73150 22244.04400 22046.71450 22668.38350 22473.69600 22276.36650
22624.81600 22432.66050 22237.86500 22855.15450 22662.99900 22468.20350 23087.86150 22895.70600 22700.91050 22436.32800 22241.64050 22044.31100 22666.66650 22471.97900 22274.64950 22899.37350 22704.68600 22507.35650 22245.25050 22048.03850 21848.18450 22475.58900 22278.37700 22078.52300 22708.29600 22511.08400 22311.23000
22664.30150 22469.61400 22272.28450 22897.69050 22703.00300 22505.67350 23133.44300 22938.75550 22741.42600 22473.22400 22276.01200 22076.15800 22706.61300 22509.40100 22309.54700 22942.36550 22745.15350 22545.29950 22279.56650 22079.83850 21877.46800 22512.95550 22313.22750 22110.85700 22748.70800 22548.98000 22346.60950
22704.28550 22507.07350 22307.21950 22940.71550 22743.50350 22543.64950 23179.50150 22982.28950 22782.43550 22510.62800 22310.90000 22108.52950 22747.05800 22547.33000 22344.95950 22985.84400 22786.11600 22583.74550 22314.40050 22112.16500 21907.28700 22550.83050 22348.59500 22143.71700 22789.61650 22587.38100 22382.50300
22744.76650 22545.03850 22342.66800 22984.22600 22784.49800 22582.12750 23226.03500 23026.30700 22823.93650 22548.53900 22346.30350 22141.42550 22787.99850 22585.76300 22380.88500 23029.80750 22827.57200 22622.69400 22349.75100 22145.01700 21937.64150 22589.21050 22384.47650 22177.10100 22831.01950 22626.28550 22418.91000
22785.74250 22583.50700 22378.62900 23028.22100 22825.98550 22621.10750 23273.04150 23070.80600 22865.92800 22586.95450 22382.22050 22174.84500 22829.43300 22624.69900 22417.32350 23074.25350 22869.51950 22662.14400 22385.61700 22178.39300 21968.52950 22628.09550 22420.87150 22211.00800 22872.91600 22665.69200 22455.82850
22827.21150 22622.47750 22415.10200 23072.69750 22867.96350 22660.58800 23320.51800 23115.78400 22908.40850 22625.87400 22418.65000 22208.78650 22871.36000 22664.13600 22454.27250 23119.18050 22911.95650 22702.09300 22421.99650 22212.29250 21999.95000 22667.48250 22457.77850 22245.43600 22915.30300 22705.59900 22493.25650
22869.17250 22661.94850 22452.08500 23117.65500 22910.43100 22700.56750 23368.46400 23161.24000 22951.37650 22665.29500 22455.59100 22243.24850 22913.77750 22704.07350 22491.73100 23164.58650 22954.88250 22742.54000 22458.88950 22246.71350 22031.90200 22707.37200 22495.19600 22280.38450 22958.18100 22746.00500 22531.19350
22911.62200 22701.91800 22489.57550 23163.09000 22953.38600 22741.04350 23416.87550 23207.17150 22994.82900 22705.21650 22493.04050 22278.22900 22956.68450 22744.50850 22529.69700 23210.47000 22998.29400 22783.48250 22496.29200 22281.65400 22064.38400 22747.76000 22533.12200 22315.85200 23001.54550 22786.90750 22569.63750
22954.56150 22742.38550 22527.57400 23209.00200 22996.82600 22782.01450 23465.75250 23253.57650 23038.76500 22745.63700 22530.99900 22313.72900 23000.07750 22785.43950 22568.16950 23256.82800 23042.19000 22824.92000 22534.20450 22317.11500 22097.39600 22788.64500 22571.55550 22351.83650 23045.39550 22828.30600 22608.58700
22997.98600 22783.34800 22566.07800 23255.38750 23040.74950 22823.47950 23515.09050 23300.45250 23083.18250 22786.55350 22569.46400 22349.74500 23043.95500 22826.86550 22607.14650 23303.65800 23086.56850 22866.84950 22572.62500 22353.09350 22130.93550 22830.02650 22610.49500 22388.33700 23089.72950 22870.19800 22648.04000
23041.89400 22824.80450 22605.08550 23302.24550 23085.15600 22865.43700 23564.88800 23347.79850 23128.07950 22827.96550 22608.43400 22386.27600 23088.31700 22868.78550 22646.62750 23350.95950 23131.42800 22909.27000 22611.55100 22389.58750 22165.00200 22871.90250 22649.93900 22425.35350 23134.54500 22912.58150 22687.99600
23086.28500 22866.75350 22644.59550 23349.57300 23130.04150 22907.88350 23615.14350 23395.61200 23173.45400 22869.87050 22647.90700 22423.32150 23133.15850 22911.19500 22686.60950 23398.72900 23176.76550 22952.18000 22650.98250 22426.59650 22199.59350 22914.27050 22689.88450 22462.88150 23179.84100 22955.45500 22728.45200
23131.15650 22909.19300 22684.60750 23397.36900 23175.40550 22950.82000 23665.85300 23443.88950 23219.30400 22912.26850 22687.88250 22460.87950 23178.48100 22954.09500 22727.09200 23446.96500 23222.57900 22995.57600 22690.91650 22464.12000 22234.71100 22957.12900 22730.33250 22500.92350 23225.61300 22998.81650 22769.40750
23176.50700 22952.12100 22725.11800 23445.63100 23221.24500 22994.24200 23717.01700 23492.63100 23265.62800 22955.15500 22728.35850 22498.94950 23224.27900 22997.48250 22768.07350 23495.66500 23268.86850 23039.45950 22731.35250 22502.15500 22270.35050 23000.47650 22771.27900 22539.47450 23271.86250 23042.66500 22810.86050
23222.33300 22995.53650 22766.12750 23494.35600 23267.55950 23038.15050 23768.63000 23541.83350 23312.42450 22998.53050 22769.33300 22537.52850 23270.55350 23041.35600 22809.55150 23544.82750 23315.63000 23083.82550 22772.28750 22540.70050 22306.51200 23044.31050 22812.72350 22578.53500 23318.58450 23086.99750 22852.80900
23268.63400 23039.43650 22807.63200 23543.54300 23314.34550 23082.54100 23820.69250 23591.49500 23359.69050 23042.39100 22810.80400 22576.61550 23317.30000 23085.71300 22851.52450 23594.44950 23362.86250 23128.67400 22813.72050 22579.75500 22343.19350 23088.62950 22854.66400 22618.10250 23365.77900 23131.81350 22895.25200
23315.40750 23083.82050 22849.63200 23593.18900 23361.60200 23127.41350 23873.20000 23641.61300 23407.42450 23086.73700 22852.77150 22616.21000 23364.51850 23130.55300 22893.99150 23644.52950 23410.56400 23174.00250 22855.65000 22619.31700 22380.39500 23133.43150 22897.09850 22658.17650 23413.44250 23177.10950 22938.18750
23362.65200 23128.68650 22892.12500 23643.29250 23409.32700 23172.76550 23926.15100 23692.18550 23455.62400 23131.56500 22895.23200 22656.31000 23412.20550 23175.87250 22936.95050 23695.06400 23458.73100 23219.80900 22898.07450 22659.38550 22418.11400 23178.71500 22940.02600 22698.75450 23461.57350 23222.88450 22981.61300
23410.36450 23174.03150 22935.10950 23693.85000 23457.51700 23218.59500 23979.54300 23743.21000 23504.28800 23176.87400 22938.18500 22696.91350 23460.35950 23221.67050 22980.39900 23746.05250 23507.36350 23266.09200 22940.99200 22699.95850 22456.34950 23224.47750 22983.44400 22739.83500 23510.17050 23269.13700 23025.52800
23458.54350 23219.85450 22978.58300 23744.86100 23506.17200 23264.90050 24033.37350 23794.68450 23553.41300 23222.66150 22981.62800 22738.01900 23508.97900 23267.94550 23024.33650 23797.49150 23556.45800 23312.84900 22984.40000 22741.03350 22495.09900 23270.71750 23027.35100 22781.41650 23559.23000 23315.86350 23069.92900
23507.18750 23266.15400 23022.54500 23796.32300 23555.28950 23311.68050 24087.64050 23846.60700 23602.99800 23268.92600 23025.55950 22779.62500 23558.06150 23314.69500 23068.76050 23849.37900 23606.01250 23360.07800 23028.29800 22782.61100 22534.36300 23317.43350 23071.74650 22823.49850 23608.75100 23363.06400 23114.81600
23556.29350 23312.92700 23066.99250 23848.23200 23604.86550 23358.93100 24142.34100 23898.97450 23653.04000 23315.66550 23069.97850 22821.73050 23607.60400 23361.91700 23113.66900 23901.71300 23656.02600 23407.77800 23072.68350 22824.68750 22574.13900 23364.62200 23116.62600 22866.07750 23658.73100 23410.73500 23160.18650
23605.86000 23360.17300 23111.92500 23900.58750 23654.90050 23406.65250 24197.47300 23951.78600 23703.53800 23362.87800 23114.88200 22864.33350 23657.60550 23409.60950 23159.06100 23954.49100 23706.49500 23455.94650 23117.55500 22867.26250 22614.42550 23412.28250 23161.99000 22909.15300 23709.16800 23458.87550 23206.03850
23655.88400 23407.88800 23157.33950 23953.38650 23705.39050 23454.84200 24253.03350 24005.03750 23754.48900 23410.56100 23160.26850 22907.43150 23708.06350 23457.77100 23204.93400 24007.71050 23757.41800 23504.58100 23162.90950 22910.33300 22655.22050 23460.41200 23207.83550 22952.72300 23760.05900 23507.48250 23252.37000
23706.36500 23456.07250 23203.23550 24006.62650 23756.33400 23503.49700 24309.02050 24058.72800 23805.89100 23458.71350 23206.13700 22951.02450 23758.97500 23506.39850 23251.28600 24061.36900 23808.79250 23553.68000 23208.74750 22953.89900 22696.52400 23509.00900 23254.16050 22996.78550 23811.40300 23556.55450 23299.17950
23757.29850 23504.72200 23249.60950 24060.30550 23807.72900 23552.61650 24365.43100 24112.85450 23857.74200 23507.33250 23252.48400 22995.10900 23810.33950 23555.49100 23298.11600 24115.46500 23860.61650 23603.24150 23255.06450 22997.95750 22738.33200 23558.07150 23300.96450 23041.33900 23863.19700 23606.09000 23346.46450
23808.68450 23553.83600 23296.46100 24114.42050 23859.57200 23602.19700 24422.26250 24167.41400 23910.03900 23556.41650 23299.30950 23039.68400 23862.15250 23605.04550 23345.42000 24169.99450 23912.88750 23653.26200 23301.86000 23042.50650 22780.64500 23607.59600 23348.24250 23086.38100 23915.43800 23656.08450 23394.22300
23860.51950 23603.41250 23343.78700 24168.97050 23911.86350 23652.23800 24479.51300 24222.40600 23962.78050 23605.96300 23346.60950 23084.74800 23914.41400 23655.06050 23393.19900 24224.95650 23965.60300 23703.74150 23349.13200 23087.54600 22823.46050 23657.58300 23395.99700 23131.91150 23968.12550 23706.53950 23442.45400
23912.80100 23653.44750 23391.58600 24223.95100 23964.59750 23702.73600 24537.17900 24277.82550 24015.96400 23655.97000 23394.38400 23130.29850 23967.12000 23705.53400 23441.44850 24280.34800 24018.76200 23754.67650 23396.87800 23133.07150 22866.77700 23708.02800 23444.22150 23177.92700 24021.25600 23757.44950 23491.15500
23965.52850 23703.94250 23439.85700 24279.36150 24017.77550 23753.69000 24595.25850 24333.67250 24069.58700 23706.43650 23442.63000 23176.33550 24020.26950 23756.46300 23490.16850 24336.16650 24072.36000 23806.06550 23445.09650 23179.08450 22910.59400 23758.92950 23492.91750 23224.42700 24074.82650 23808.81450 23540.32400
24018.69750 23754.89100 23488.59650 24335.19850 24071.39200 23805.09750 24653.74850 24389.94200 24123.64750 23757.35750 23491.34550 23222.85500 24073.85850 23807.84650 23539.35600 24392.40850 24126.39650 23857.90600 23493.78500 23225.58000 22954.90750 23810.28600 23542.08100 23271.40850 24128.83600 23860.63100 23589.95850
24072.30700 23806.29500 23537.80450 24391.45900 24125.44700 23856.95650 24712.64650 24446.63450 24178.14400 23808.73450 23540.52950 23269.85700 24127.88650 23859.68150 23589.00900 24449.07400 24180.86900 23910.19650 23542.94250 23272.55900 22999.71800 23862.09450 23591.71100 23318.87000 24183.28200 23912.89850 23640.05750
24126.35400 23858.14900 23587.47650 24448.14250 24179.93750 23909.26500 24771.94950 24503.74450 24233.07200 23860.56200 23590.17850 23317.33750 24182.35050 23911.96700 23639.12600 24506.15750 24235.77400 23962.93300 23592.56550 23320.01650 23045.02200 23914.35400 23641.80500 23366.81050 24238.16100 23965.61200 23690.61750
24180.83650 23910.45300 23637.61200 24505.24400 24234.86050 23962.01950 24831.65550 24561.27200 24288.43100 23912.84000 23640.29100 23365.29650 24237.24750 23964.69850 23689.70400 24563.65900 24291.11000 24016.11550 23642.65300 23367.95300 23090.81850 23967.06050 23692.36050 23415.22600 24293.47200 24018.77200 23741.63750
24235.75250 23963.20350 23688.20900 24562.76200 24290.21300 24015.21850 24891.76150 24619.21250 24344.21800 23965.56550 23690.86550 23413.73100 24292.57500 24017.87500 23740.74050 24621.57450 24346.87450 24069.74000 23693.20250 23416.36600 23137.10600 24020.21200 23743.37550 23464.11550 24349.21150 24072.37500 23793.11500
24291.09900 24016.39900 23739.26450 24620.69450 24345.99450 24068.86000 24952.26400 24677.56400 24400.42950 24018.73600 23741.89950 23462.63950 24348.33150 24071.49500 23792.23500 24679.90100 24403.06450 24123.80450 23744.21250 23465.25350 23183.88250 24073.80800 23794.84900 23513.47800 24405.37750 24126.41850 23845.04750
24346.87300 24070.03650 23790.77650 24679.03800 24402.20150 24122.94150 25013.16050 24736.32400 24457.06400 24072.34950 23793.39050 23512.01950 24404.51450 24125.55550 23844.18450 24738.63700 24459.67800 24178.30700 23795.67900 23514.61250 23231.14550 24127.84400 23846.77750 23563.31050 24461.96650 24180.90000 23897.43300
24403.07400 24124.11500 23842.74400 24737.79050 24458.83150 24177.46050 25074.44950 24795.49050 24514.11950 24126.40350 23845.33700 23561.87000 24461.12000 24180.05350 23896.58650 24797.77900 24516.71250 24233.24550 23847.60250 23564.44200 23278.89500 24182.31900 23899.15850 23613.61150 24518.97800 24235.81750 23950.27050
24459.69750 24178.63100 23895.16400 24796.94900 24515.88250 24232.41550 25136.12650 24855.06000 24571.59300 24180.89650 23897.73600 23612.18900 24518.14800 24234.98750 23949.44050 24857.32550 24574.16500 24288.61800 23899.97950 23614.74100 23327.12750 24237.23100 23951.99250 23664.37900 24576.40850 24291.17000 24003.55650
24516.74250 24233.58200 23948.03500 24856.51100 24573.35050 24287.80350 25198.18950 24915.02900 24629.48200 24235.82550 23950.58700 23662.97350 24575.59400 24290.35550 24002.74200 24917.27250 24632.03400 24344.42050 23952.80700 23665.50550 23375.84150 24292.57550 24005.27400 23715.61000 24634.25400 24346.95250 24057.28850
24574.20550 24288.96700 24001.35350 24916.47400 24631.23550 24343.62200 25260.63550 24975.39700 24687.78350 24291.18700 24003.88550 23714.22150 24633.45550 24346.15400 24056.49000 24977.61700 24690.31550 24400.65150 24006.08400 23716.73400 23425.03450 24348.35250 24059.00250 23767.30300 24692.51400 24403.16400 24111.46450
24632.08350 24344.78200 24055.11800 24976.83450 24689.53300 24399.86900 25323.46100 25036.15950 24746.49550 24346.98050 24057.63050 23765.93100 24691.73150 24402.38150 24110.68200 25038.35800 24749.00800 24457.30850 24059.80800 23768.42450 23474.70550 24404.55900 24113.17550 23819.45650 24751.18550 24459.80200 24166.08300
24690.37600 24401.02600 24109.32650 25037.59100 24748.24100 24456.54150 25386.66500 25097.31500 24805.61550 24403.20350 24111.82000 23818.10100 24750.41850 24459.03500 24165.31600 25099.49250 24808.10900 24514.39000 24113.97650 23820.57650 23524.85250 24461.19150 24167.79150 23872.06750 24810.26550 24516.86550 24221.14150
24749.07900 24457.69550 24163.97650 25098.73950 24807.35600 24513.63700 25450.24300 25158.85950 24865.14050 24459.85200 24166.45200 23870.72800 24809.51250 24516.11250 24220.38850 25161.01600 24867.61600 24571.89200 24168.58700 23873.18450 23575.47350 24518.24750 24222.84500 23925.13400 24869.75100 24574.34850 24276.63750
24808.18900 24514.78900 24219.06500 25160.27800 24866.87800 24571.15400 25514.19200 25220.79200 24925.06800 24516.92400 24221.52150 23923.81050 24869.01300 24573.61050 24275.89950 25222.92700 24927.52450 24629.81350 24223.63700 23926.24900 23626.56500 24575.72600 24278.33800 23978.65400 24929.64000 24632.25200 24332.56800
24867.70550 24572.30300 24274.59200 25222.20350 24926.80100 24629.09000 25578.50850 25283.10600 24985.39500 24574.41850 24277.03050 23977.34650 24928.91650 24631.52850 24331.84450 25285.22150 24987.83350 24688.14950 24279.12600 23979.76750 23678.12750 24633.62400 24334.26550 24032.62550 24989.92900 24690.57050 24388.93050
24927.62400 24630.23600 24330.55200 25284.51300 24987.12500 24687.44100 25643.19150 25345.80350 25046.11950 24632.33150 24332.97300 24031.33300 24989.22050 24689.86200 24388.22200 25347.89900 25048.54050 24746.90050 24335.04850 24033.73650 23730.15700 24691.93750 24390.62550 24087.04600 25050.61600 24749.30400 24445.72450
24987.94300 24688.58450 24386.94450 25347.20400 25047.84550 24746.20550 25708.23650 25408.87800 25107.23800 24690.66000 24389.34800 24085.76850 25049.92100 24748.60900 24445.02950 25410.95350 25109.64150 24806.06200 24391.40500 24088.15500 23782.65200 24750.66600 24447.41600 24141.91300 25111.69850 24808.44850 24502.94550
25048.65850 24747.34650 24443.76700 25410.27250 25108.96050 24805.38100 25773.64000 25472.32800 25168.74850 24749.40350 24446.15350 24140.65050 25111.01750 24807.76750 24502.26450 25474.38500 25171.13500 24865.63200 24448.19150 24143.02050 23835.61050 24809.80550 24504.63450 24197.22450 25173.17300 24868.00200 24560.59200
25109.77000 24806.52000 24501.01700 25473.71800 25170.46800 24864.96500 25839.40100 25536.15100 25230.64800 24808.55800 24503.38700 24195.97700 25172.50600 24867.33500 24559.92500 25538.18900 25233.01800 24925.60800 24505.40650 24198.33050 23889.03050 24869.35450 24562.27850 24252.97850 25235.03750 24927.96150 24618.66150
25171.27300 24866.10200 24558.69200 25537.53550 25232.36450 24924.95450 25905.51400 25600.34300 25292.93300 24868.12150 24561.04550 24251.74550 25234.38400 24927.30800 24618.00800 25602.36250 25295.28650 24985.98650 24563.04750 24254.08300 23942.90950 24929.31000 24620.34550 24309.17200 25297.28850 24988.32400 24677.15050
25233.16500 24926.08900 24616.78900 25601.72250 25294.64650 24985.34650 25971.97800 25664.90200 25355.60200 24928.09100 24619.12650 24307.95300 25296.64850 24987.68400 24676.51050 25666.90400 25357.93950 25046.76600 24621.11100 24310.27500 23997.24600 24989.66850 24678.83250 24365.80350 25359.92400 25049.08800 24736.05900
25295.44400 24986.47950 24675.30600 25666.27700 25357.31250 25046.13900 26038.78900 25729.82450 25418.65100 24988.46400 24677.62800 24364.59900 25359.29700 25048.46100 24735.43200 25731.80900 25420.97300 25107.94400 24679.59500 24366.90550 24052.03700 25050.42800 24737.73850 24422.87000 25422.94000 25110.25050 24795.38200
25358.10650 25047.27050 24734.24150 25731.19500 25420.35900 25107.33000 26105.94350 25795.10750 25482.07850 25049.23750 24736.54800 24421.67950 25422.32600 25109.63650 24794.76800 25797.07450 25484.38500 25169.51650 24738.49700 24423.97050 24107.28050 25111.58550 24797.05900 24480.36900 25486.33400 25171.80750 24855.11750
25421.14900 25108.45950 24793.59100 25796.47350 25483.78400 25168.91550 26173.43800 25860.74850 25545.88000 25110.40850 24795.88200 24479.19200 25485.73300 25171.20650 24854.51650 25862.69750 25548.17100 25231.48100 24797.81500 24481.46800 24162.97400 25173.13950 24856.79250 24538.29850 25550.10400 25233.75700 24915.26300
25484.56950 25170.04300 24853.35300 25862.10950 25547.58300 25230.89300 26241.27000 25926.74350 25610.05350 25171.97600 24855.62900 24537.13500 25549.51600 25233.16900 24914.67500 25928.67650 25612.32950 25293.83550 24857.54600 24539.39750 24219.11650 25235.08600 24916.93750 24596.65650 25614.24650 25296.09800 24975.81700
25548.36600 25232.01900 24913.52500 25928.10050 25611.75350 25293.25950 26309.43700 25993.09000 25674.59600 25233.93600 24915.78750 24595.50650 25613.67050 25295.52200 24975.24100 25995.00700 25676.85850 25356.57750 24917.68750 24597.75400 24275.70450 25297.42200 24977.48850 24655.43900 25678.75850 25358.82500 25036.77550
25612.53400 25294.38550 24974.10450 25994.44400 25676.29550 25356.01450 26377.93500 26059.78650 25739.50550 25296.28550 24976.35200 24654.30250 25678.19550 25358.26200 25036.21250 26061.68650 25741.75300 25419.70350 24978.23650 24656.53650 24332.73600 25360.14650 25038.44650 24714.64600 25743.63750 25421.93750 25098.13700
25677.07150 25357.13800 25035.08850 26061.13500 25741.20150 25419.15200 26446.76000 26126.82650 25804.77700 25359.02250 25037.32250 24713.52200 25743.08600 25421.38600 25097.58550 26128.71100 25807.01100 25483.21050 25039.19150 24715.74200 24390.20900 25423.25500 25099.80550 24774.27250 25808.88000 25485.43050 25159.89750
25741.97500 25420.27500 25096.47450 26128.17150 25806.47150 25482.67100 26515.90950 26194.20950 25870.40900 25422.14400 25098.69450 24773.16150 25808.34050 25484.89100 25159.35800 26196.07850 25872.62900 25547.09600 25100.54850 24775.36800 24448.12100 25486.74500 25161.56450 24834.31750 25874.48300 25549.30250 25222.05550
25807.24200 25483.79250 25158.25950 26195.55100 25872.10150 25546.56850 26585.38100 26261.93150 25936.39850 25485.64650 25160.46600 24833.21900 25873.95550 25548.77500 25221.52800 26263.78550 25938.60500 25611.35800 25162.30500 24835.41150 24506.46850 25550.61400 25223.72050 24894.77750 25940.44400 25613.55050 25284.60750
25872.86950 25547.68900 25220.44200 26263.27000 25938.08950 25610.84250 26655.17000 26329.98950 26002.74250 25549.52800 25222.63450 24893.69150 25939.92850 25613.03500 25284.09200 26331.82850 26004.93500 25675.99200 25224.45950 24895.87150 24565.25100 25614.86000 25286.27200 24955.65150 26006.76000 25678.17200 25347.55150
25938.85450 25611.96100 25283.01800 26331.32450 26004.43100 25675.48800 26725.27300 26398.37950 26069.43650 25613.78600 25285.19800 24954.57750 26006.25600 25677.66800 25347.04750 26400.20450 26071.61650 25740.99600 25287.00850 24956.74400 24624.46550 25679.47850 25349.21400 25016.93550 26073.42700 25743.16250 25410.88400
26005.19400 25676.60600 25345.98550 26399.71200 26071.12400 25740.50350 26795.68800 26467.10000 26136.47950 25678.41650 25348.15200 25015.87350 26072.93450 25742.67000 25410.39150 26468.91050 26138.64600 25806.36750 25349.94900 25018.02700 24684.10900 25744.46700 25412.54500 25078.62700 26140.44300 25808.52100 25474.60300
26071.88400 25741.61950 25409.34100 26468.42850 26138.16400 25805.88550 26866.41000 26536.14550 26203.86700 25743.41650 25411.49450 25077.57650 26139.96100 25808.03900 25474.12100 26537.94250 26206.02050 25872.10250 25413.27800 25079.71750 24744.17800 25809.82250 25476.26200 25140.72250 26207.80400 25874.24350 25538.70400
26138.92350 25807.00150 25473.08350 26537.47200 26205.55000 25871.63200 26937.43650 26605.51450 26271.59650 25808.78500 25475.22450 25139.68500 26207.33350 25873.77300 25538.23350 26607.29800 26273.73750 25938.19800 25476.99400 25141.81450 24804.67300 25875.54250 25540.36300 25203.22150 26275.50700 25940.32750 25603.18600
26206.30700 25872.74650 25537.20700 26606.83900 26273.27850 25937.73900 27008.76450 26675.20400 26339.66450 25874.51600 25539.33650 25202.19500 26275.04800 25939.86850 25602.72700 26676.97350 26341.79400 26004.65250 25541.09250 25204.31300 24865.58900 25941.62450 25604.84500 25266.12100 26343.55000 26006.77050 25668.04650
26274.03300 25938.85350 25601.71200 26676.52500 26341.34550 26004.20400 27080.38900 26745.20950 26408.06800 25940.60950 25603.83000 25265.10600 26343.10150 26006.32200 25667.59800 26746.96550 26410.18600 26071.46200 25605.57250 25267.21200 24926.92500 26008.06450 25669.70400 25329.41700 26411.92850 26073.56800 25733.28100
26342.09750 26005.31800 25666.59400 26746.52750 26409.74800 26071.02400 27152.30800 26815.52850 26476.80450 26007.06050 25668.70000 25328.41300 26411.49050 26073.13000 25732.84300 26817.27100 26478.91050 26138.62350 25670.42950 25330.50700 24988.67700 26074.85950 25734.93700 25393.10700 26480.64000 26140.71750 25798.88750
26410.49800 26072.13750 25731.85050 26816.84350 26478.48300 26138.19600 27224.51700 26886.15650 26545.86950 26073.86700 25733.94450 25392.11450 26480.21250 26140.29000 25798.46000 26887.88600 26547.96350 26206.13350 25735.66200 25394.19750 25050.84350 26142.00750 25800.54300 25457.18900 26549.68100 26208.21650 25864.86250
26479.23100 26139.30850 25797.47850 26887.46900 26547.54650 26205.71650 27297.01300 26957.09050 26615.26050 26141.02600 25799.56150 25456.20750 26549.26400 26207.79950 25864.44550 26958.80800 26617.34350 26273.98950 25801.26650 25458.27950 25113.42150 26209.50450 25866.51750 25521.65950 26619.04850 26276.06150 25931.20350
26548.29350 26206.82900 25863.47500 26958.40150 26616.93700 26273.58300 27369.79300 27028.32850 26684.97450 26208.53400 25865.54700 25520.68900 26618.64200 26275.65500 25930.79700 27030.03350 26687.04650 26342.18850 25867.24000 25522.75050 25176.40800 26277.34800 25932.85850 25586.51600 26688.73950 26344.25000 25997.90750
26617.68200 26274.69500 25929.83700 27029.63700 26686.65000 26341.79200 27442.85300 27099.86600 26755.00800 26276.38800 25931.89850 25585.55600 26688.34300 26343.85350 25997.51100 27101.55900 26757.06950 26410.72700 25933.57900 25587.60700 25239.80150 26345.53400 25999.56200 25651.75650 26758.75000 26412.77800 26064.97250
26687.39350 26342.90400 25996.56150 27101.17200 26756.68250 26410.34000 27516.18850 27171.69900 26825.35650 26344.58450 25998.61250 25650.80700 26758.36300 26412.39100 26064.58550 27173.37950 26827.40750 26479.60200 26000.28200 25652.84700 25303.59800 26414.06050 26066.62550 25717.37650 26829.07700 26481.64200 26132.39300
26757.42400 26411.45200 26063.64650 27173.00300 26827.03100 26479.22550 27589.79650 27243.82450 26896.01900 26413.12150 26065.68650 25716.43750 26828.70050 26481.26550 26132.01650 27245.49400 26898.05900 26548.81000 26067.34400 25718.46750 25367.79600 26482.92300 26134.04650 25783.37500 26899.71650 26550.84000 26200.16850
26827.77200 26480.33700 26131.08800 27245.12750 26897.69250 26548.44350 27663.67450 27316.23950 26966.99050 26481.99450 26133.11800 25782.44650 26899.35000 26550.47350 26199.80200 27317.89700 26969.02050 26618.34900 26134.76450 25784.46600 25432.39200 26552.12000 26201.82150 25849.74750 26970.66700 26620.36850 26268.29450
26898.43150 26549.55500 26198.88350 27317.54000 26968.66350 26617.99200 27737.81650 27388.94000 27038.26850 26551.20150 26200.90300 25848.82900 26970.31000 26620.01150 26267.93750 27390.58650 27040.28800 26688.21400 26202.53850 25850.83850 25497.38350 26621.64700 26269.94700 25916.49200 27041.92350 26690.22350 26336.76850
26969.40150 26619.10300 26267.02900 27390.23900 27039.94050 26687.86650 27812.22150 27461.92300 27109.84900 26620.73850 26269.03850 25915.58350 27041.57600 26689.87600 26336.42100 27463.55850 27111.85850 26758.40350 26270.66400 25917.58350 25562.76800 26691.50150 26338.42100 25983.60550 27113.48400 26760.40350 26405.58800
27040.67800 26688.97800 26335.52300 27463.22050 27111.52050 26758.06550 27886.88400 27535.18400 27181.72900 26690.60350 26337.52300 25982.70750 27113.14600 26760.06550 26405.25000 27536.80950 27183.72900 26828.91350 26339.13750 25984.69800 25628.54250 26761.68000 26407.24050 26051.08500 27185.34350 26830.90400 26474.74850
27112.25750 26759.17700 26404.36150 27536.48050 27183.40000 26828.58450 27961.80100 27608.72050 27253.90500 26760.79150 26406.35200 26050.19650 27185.01450 26830.57500 26474.41950 27610.33500 27255.89550 26899.74000 26407.95550 26052.17750 25694.70400 26832.17850 26476.40050 26118.92700 27257.49900 26901.72100 26544.24750
27184.13600 26829.69650 26473.54100 27610.01550 27255.57600 26899.42050 28036.96800 27682.52850 27326.37300 26831.30000 26475.52200 26118.04850 27257.17950 26901.40150 26543.92800 27684.13200 27328.35400 26970.88050 26477.11550 26120.02050 25761.25000 26902.99500 26545.90000 26187.12950 27329.94750 26972.85250 26614.08200
27256.31000 26900.53200 26543.05850 27683.82200 27328.04400 26970.57050 28112.38200 27756.60400 27399.13050 26902.12550 26545.03050 26186.26000 27329.63750 26972.54250 26613.77200 27758.19750 27401.10250 27042.33200 26546.61400 26188.22250 25828.17700 26974.12600 26615.73450 26255.68900 27402.68600 27044.29450 26684.24900
27328.77750 26971.68250 26612.91200 27757.89600 27400.80100 27042.03050 28188.03900 27830.94400 27472.17350 26973.26600 26614.87450 26254.82900 27402.38450 27043.99300 26683.94750 27832.52750 27474.13600 27114.09050 26616.44850 26256.78300 25895.48350 27045.56700 26685.90150 26324.60200 27475.71000 27116.04450 26754.74500
27401.53450 27043.14300 26683.09750 27832.23500 27473.84350 27113.79800 28263.93550 27905.54400 27545.49850 27044.71700 26685.05150 26323.75200 27475.41750 27115.75200 26754.45250 27907.11800 27547.45250 27186.15300 26686.61550 26325.69700 25963.16500 27117.31600 26756.39750 26393.86550 27549.01650 27188.09800 26825.56600
27474.57650 27114.91100 26753.61150 27906.83400 27547.16850 27185.86900 28340.06700 27980.40150 27619.10200 27116.47500 26755.55650 26393.02450 27548.73250 27187.81400 26825.28200 27981.96550 27621.04700 27258.51500 26757.11100 26394.96150 26031.21950 27189.36850 26827.21900 26463.47700 27622.60150 27260.45200 26896.71000
27547.90050 27186.98200 26824.45000 27981.69050 27620.77200 27258.24000 28416.43000 28055.51150 27692.97950 27188.53650 26826.38700 26462.64500 27622.32650 27260.17700 26896.43500 28057.06600 27694.91650 27331.17450 26827.93250 26464.57450 26099.64400 27261.72250 26898.36450 26533.43400 27696.46200 27333.10400 26968.17350
27621.50350 27259.35400 26895.61200 28056.79950 27694.65000 27330.90800 28493.02050 28130.87100 27767.12900 27260.89950 26897.54150 26532.61100 27696.19550 27332.83750 26967.90700 28132.41650 27769.05850 27404.12800 26899.07800 26534.53200 26168.43600 27334.37400 26969.82800 26603.73200 27770.59500 27406.04900 27039.95300
27695.38150 27332.02350 26967.09300 28132.15800 27768.80000 27403.86950 28569.83500 28206.47700 27841.54650 27333.56000 26969.01400 26602.91800 27770.33650 27405.79050 27039.69450 28208.01350 27843.46750 27477.37150 26970.54150 26604.83050 26237.59150 27407.31800 27041.60700 26674.36800 27844.99500 27479.28400 27112.04500
27769.53150 27404.98550 27038.88950 28207.76350 27843.21750 27477.12150 28646.87000 28282.32400 27916.22800 27406.51300 27040.80200 26673.56300 27844.74500 27479.03400 27111.79500 28283.85150 27918.14050 27550.90150 27042.32100 26675.46800 26307.10800 27480.55300 27113.70000 26745.34000 27919.65950 27552.80650 27184.44650
27843.94850 27478.23750 27110.99850 28283.61000 27917.89900 27550.66000 28724.11950 28358.40850 27991.16950 27479.75650 27112.90350 26744.54350 27919.41800 27552.56500 27184.20500 28359.92750 27993.07450 27624.71450 27114.41350 26746.44050 26376.98250 27554.07500 27186.10200 26816.64400 27994.58450 27626.61150 27257.15350
27918.62950 27551.77650 27183.41650 28359.69400 27992.84100 27624.48100 28801.58150 28434.72850 28066.36850 27553.28650 27185.31350 26815.85550 27994.35100 27626.37800 27256.92000 28436.23850 28068.26550 27698.80750 27186.81600 26817.74500 26447.21150 27627.88050 27258.80950 26888.27600 28069.76800 27700.69700 27330.16350
27993.57150 27625.59850 27256.14050 28436.01250 28068.03950 27698.58150 28879.25100 28511.27800 28141.82000 27627.10100 27258.03000 26887.49650 28069.54200 27700.47100 27329.93750 28512.78050 28143.70950 27773.17600 27259.52400 26889.37850 26517.79300 27701.96500 27331.81950 26960.23400 28145.20350 27775.05800 27403.47250
28068.77100 27699.70000 27329.16650 28512.56300 28143.49200 27772.95850 28957.12550 28588.05450 28217.52100 27701.19400 27331.04850 26959.46300 28144.98600 27774.84050 27403.25500 28589.54850 28219.40300 27847.81750 27332.53450 26961.33850 26588.72300 27776.32650 27405.13050 27032.51500 28220.88900 27849.69300 27477.07750
28144.22300 27774.07750 27402.49200 28589.33850 28219.19300 27847.60750 29035.19850 28665.05300 28293.46750 27775.56350 27404.36750 27031.75200 28220.67900 27849.48300 27476.86750 28666.53900 28295.34300 27922.72750 27405.84550 27033.62000 26659.99850 27850.96100 27478.73550 27105.11400 28296.82100 27924.59550 27550.97400
28219.92450 27848.72850 27476.11300 28666.33750 28295.14150 27922.52600 29113.46800 28742.27200 28369.65650 27850.20650 27477.98100 27104.35950 28296.61950 27924.39400 27550.77250 28743.75000 28371.52450 27997.90300 27479.45150 27106.22100 26731.61700 27925.86450 27552.63400 27178.03000 28372.99500 27999.76450 27625.16050
28295.87300 27923.64750 27550.02600 28743.55600 28371.33050 27997.70900 29191.93000 28819.70450 28446.08300 27925.11800 27551.88750 27177.28350 28372.80100 27999.57050 27624.96650 28821.17500 28447.94450 28073.34050 27553.35050 27179.13800 26803.57450 28001.03350 27626.82100 27251.25750 28449.40750 28075.19500 27699.63150
28372.06200 27998.83150 27624.22750 28820.98800 28447.75750 28073.15350 29270.57850 28897.34800 28522.74400 28000.29450 27626.08200 27250.51850 28449.22050 28075.00800 27699.44450 28898.81100 28524.59850 28149.03500 27627.53800 27252.36700 26875.86850 28076.46400 27701.29300 27324.79450 28526.05450 28150.88350 27774.38500
28448.49000 28074.27750 27698.71400 28898.63200 28524.41950 28148.85600 29349.41150 28975.19900 28599.63550 28075.73350 27700.56250 27324.06400 28525.87550 28150.70450 27774.20600 28976.65500 28601.48400 28224.98550 27702.01100 27325.90500 26948.49550 28152.15300 27776.04700 27398.63750 28602.93250 28226.82650 27849.41700
28525.15200 28149.98100 27773.48250 28976.48250 28601.31150 28224.81300 29428.42300 29053.25200 28676.75350 28151.42950 27775.32350 27397.91400 28602.76000 28226.65400 27849.24450 29054.70050 28678.59450 28301.18500 27776.76550 27399.74900 27021.45100 28228.09600 27851.07950 27472.78150 28680.03650 28303.02000 27924.72200
28602.04500 28225.93900 27848.52950 29054.53600 28678.43000 28301.02050 29507.61050 29131.50450 28754.09500 28227.38100 27850.36450 27472.06650 28679.87200 28302.85550 27924.55750 29132.94650 28755.93000 28377.63200 27851.79900 27473.89600 27094.73450 28304.29000 27926.38700 27547.22550 28757.36450 28379.46150 28000.30000
28679.16400 28302.14750 27923.84950 29132.78850 28755.77200 28377.47400 29586.96850 29209.95200 28831.65400 28303.58200 27925.67900 27546.51750 28757.20650 28379.30350 28000.14200 29211.38650 28833.48350 28454.32200 27927.10700 27548.34100 27168.34050 28380.73150 28001.96550 27621.96500 28834.91150 28456.14550 28076.14500
28756.50600 28378.60300 27999.44150 29211.23550 28833.33250 28454.17100 29666.49300 29288.59000 28909.42850 28380.03100 28001.26500 27621.26450 28834.76050 28455.99450 28075.99400 29290.01800 28911.25200 28531.25150 28002.68650 27623.08150 27242.26650 28457.41600 28077.81100 27696.99600 28912.67350 28533.06850 28152.25350
28834.06800 28455.30200 28075.30150 29289.87450 28911.10850 28531.10800 29746.18100 29367.41500 28987.41450 28456.72350 28077.11850 27696.30350 28912.53000 28532.92500 28152.11000 29368.83650 28989.23150 28608.41650        nan        nan        nan        nan        nan        nan        nan        nan        nan
