       nan        nan        nan        nan        nan        nan        nan        nan        nan  472.04961        nan        nan        nan        nan        nan        nan        nan        nan  472.11021  473.05891        nan        nan        nan        nan        nan        nan        nan
 471.97946        nan        nan  471.16183        nan        nan        nan        nan        nan  472.04004  472.98846        nan  471.22220  472.16733        nan        nan        nan        nan  472.16130  473.11739  473.91768  471.34304  472.29581  473.09333        nan        nan        nan
 471.89958  472.84743        nan  471.07074  472.01527        nan  470.38799  471.32978        nan  472.02077  472.97629  473.77610  471.19150  472.14367  472.94066  470.50840  471.45780  472.25249  472.20278  473.16983  473.98871  471.37288  472.33653  473.15252  470.68925  471.65010  472.46373
 471.80972  472.76439  473.56348  470.96392  471.91516  472.71139  470.25196  471.20032  471.99413  471.99157  472.95775  473.77590  471.14512  472.10783  472.92304  470.43261  471.39241  472.20514  472.23451  473.21605  474.05890  471.38719  472.36521  473.20503  470.67394  471.64900  472.48627
 471.70949  472.67452  473.49169  470.84109  471.80257  472.61672  470.09235  471.05076  471.86232  471.95214  472.93251  473.77435  471.08285  472.05961  472.89834  470.33334  471.30698  472.14304  472.25620  473.25573  474.12737  471.38579  472.38163  473.25005  470.63531  471.62798  472.49363
 471.59858  472.57748  473.41805  470.70210  471.67728  472.51465  469.91030  470.88220  471.71675  471.90218  472.90021  473.77054  471.00455  471.99878  472.86579  470.21173  471.20262  472.06670  472.26751  473.28847  474.19319  471.36849  472.38557  473.28683  470.57445  471.58810  472.48632
 471.47657  472.47280  473.34156  470.54690  471.53920  472.40453  469.70700  470.69575  471.55798  471.84125  472.86037  473.76344  470.91014  471.92524  472.82474  470.06894  471.08041  471.97669  472.26809  473.31378  474.25531  471.33530  472.37685  473.31466  470.49258  471.53041  472.46485
 471.34312  472.36009  473.26125  470.37551  471.38831  472.28576  469.48348  470.49243  471.38648  471.76906  472.81253  473.75207  470.79971  471.83890  472.77457  469.90606  470.94131  471.87342  472.25760  473.33117  474.31275  471.28625  472.35540  473.33293  470.39076  471.45585  472.42965
 471.19794  472.23889  473.17615  470.18815  471.22464  472.15788  469.24080  470.27311  471.20257  471.68531  472.75627  473.73547  470.67343  471.73980  472.71478  469.72412  470.78619  471.75723  472.23577  473.34019  474.36457  471.22153  472.32121  473.34118  470.27001  471.36524  472.38108
 471.04080  472.10884  473.08535  469.98504  471.04829  472.02041  468.97986  470.03856  471.00651  471.58976  472.69115  473.71272  470.53154  471.62799  472.64496  469.52402  470.61577  471.62838  472.20229  473.34033  474.40987  471.14132  472.27424  473.33897  470.13119  471.25925  472.31940
 470.87152  471.96956  472.98801  469.76651  470.85939  471.87305  468.70150  469.78943  470.79848  471.48219  472.61675  473.68302  470.37431  471.50354  472.56479  469.30654  470.43065  471.48707  472.15694  473.33115  474.44789  471.04589  472.21458  473.32604  469.97508  471.13845  472.24485
 470.68995  471.82070  472.88338  469.53285  470.65804  471.71548  468.40642  469.52621  470.57857  471.36243  472.53269  473.64566  470.20203  471.36652  472.47400  469.07239  470.23129  471.33343  472.09956  473.31225  474.47789  470.93553  472.14224  473.30212  469.80237  471.00327  472.15755
 470.49601  471.66196  472.77082  469.28439  470.44433  471.54747  468.09530  469.24937  470.34691  471.23043  472.43865  473.59999  470.01503  471.21702  472.37235  468.82224  470.01813  471.16758  472.02998  473.28329  474.49930  470.81046  472.05729  473.26700  469.61364  470.85413  472.05768
 470.28971  471.49310  472.64979  469.02148  470.21839  471.36882  467.76876  468.95927  470.10354  471.08607  472.33436  473.54550  469.81355  471.05510  472.25968  468.55660  469.79150  470.98962  471.94815  473.24397  474.51159  470.67097  471.95978  473.22052  469.40943  470.69133  471.94529
 470.07097  471.31388  472.51978  468.74442  469.98031  471.17939  467.42725  468.65620  469.84853  470.92933  472.21956  473.48169  469.59794  470.88087  472.13584  468.27598  469.55169  470.79957  471.85393  473.19399  474.51429  470.51730  471.84977  473.16257  469.19017  470.51512  471.82050
 469.83986  471.12412  472.38039  468.45351  469.73019  470.97903  467.07131  468.34045  469.58190  470.76018  472.09403  473.40819  469.36840  470.69436  472.00073  467.98080  469.29892  470.59755  471.74732  473.13312  474.50700  470.34971  471.72730  473.09301  468.95631  470.32574  471.68334
 469.59638  470.92363  472.23128  468.14899  469.46806  470.76763  466.70128  468.01220  469.30370  470.57865  471.95758  473.32463  469.12520  470.49562  471.85420  467.67146  469.03338  470.38352  471.62830  473.06120  474.48942  470.16838  471.59241  473.01176  468.70818  470.12336  471.53387
 469.34060  470.71227  472.07211  467.83117  469.19402  470.54509  466.31762  467.67166  469.01396  470.38473  471.81007  473.23073  468.86859  470.28474  471.69622  467.34833  468.75530  470.15760  471.49683  472.97801  474.46123  469.97352  471.44513  472.91875  468.44610  469.90815  471.37215
 469.07258  470.48996  471.90268  467.50027  468.90815  470.31137  465.92062  467.31899  468.71270  470.17847  471.65137  473.12627  468.59875  470.06176  471.52672  467.01168  468.46478  469.91979  471.35294  472.88346  474.42224  469.76533  471.28554  472.81392  468.17036  469.68025  471.19822
 468.79237  470.25659  471.72277  467.15650  468.61050  470.06642  465.51061  466.95436  468.39999  469.95992  471.48139  473.01104  468.31590  469.82673  471.34565  466.66184  468.16200  469.67016  471.19662  472.77738  474.37220  469.54396  471.11363  472.69722  467.88123  469.43979  471.01212
 468.50004  470.01206  471.53218  466.80010  468.30115  469.81021  465.08785  466.57789  468.07585  469.72906  471.29998  472.88482  468.02021  469.57970  471.15298  466.29902  467.84704  469.40871  471.02788  472.65969  474.31088  469.30958  470.92949  472.56860  467.57891  469.18687  470.81385
 468.19568  469.75634  471.33080  466.43122  467.98012  469.54268  464.65263  466.18972  467.74032  469.48601  471.10714  472.74749  467.71184  469.32072  470.94863  465.92349  467.52006  469.13548  470.84678  472.53032  474.23825  469.06233  470.73311  472.42805  467.26365  468.92162  470.60352
 467.87936  469.48939  471.11847  466.05008  467.64752  469.26383  464.20517  465.78997  467.39344  469.23081  470.90280  472.59896  467.39097  469.04985  470.73267  465.53546  467.18117  468.85058  470.65334  472.38921  474.15411  468.80235  470.52457  472.27554  466.93563  468.64413  470.38111
 467.55116  469.21117  470.89515  465.65681  467.30338  468.97366  463.74571  465.37876  467.03529  468.96350  470.68690  472.43908  467.05772  468.76711  470.50501  465.13512  466.83045  468.55398  470.44760  472.23628  474.05836  468.52976  470.30386  472.11103  466.59505  468.35450  470.14670
 467.21115  468.92167  470.66071  465.25161  466.94779  468.67219  463.27442  464.95618  466.66588  468.68415  470.45943  472.26780  466.71227  468.47261  470.26571  464.72267  466.46801  468.24576  470.22960  472.07154  473.95091  468.24472  470.07111  471.93456  466.24206  468.05283  469.90028
 466.85942  468.62088  470.41511  464.83462  466.58080  468.35942  462.79155  464.52238  466.28531  468.39284  470.22039  472.08502  466.35474  468.16639  470.01474  464.29832  466.09399  467.92598  469.99939  471.89491  473.83172  467.94732  469.82629  471.74612  465.87685  467.73920  469.64198
 466.49608  468.30883  470.15830  464.40599  466.20250  468.03534  462.29724  464.07745  465.89358  468.08962  469.96973  471.89074  465.98525  467.84847  469.75214  463.86218  465.70842  467.59468  469.75702  471.70640  473.70067  467.63767  469.56947  471.54567  465.49955  467.41368  469.37175
 466.12118  467.98549  469.89028  463.96587  465.81294  467.70005  461.79169  463.62146  465.49082  467.77457  469.70750  471.68486  465.60397  467.51897  469.47791  463.41445  465.31144  467.25189  469.50251  471.50600  473.55775  467.31589  469.30072  471.33329  465.11028  467.07637  469.08968
 465.73483  467.65090  469.61096  463.51438  465.41219  467.35349  461.27508  463.15456  465.07703  467.44771  469.43366  471.46738  465.21094  467.17789  469.19207  462.95526  464.90314  466.89771  469.23596  471.29368  473.40292  466.98209  469.02004  471.10894  464.70924  466.72736  468.79584
 465.33708  467.30509  469.32037  463.05164  465.00033  466.99574  460.74754  462.67684  464.65232  467.10918  469.14825  471.23829  464.80635  466.82532  468.89466  462.48479  464.48360  466.53219  468.95739  471.06947  473.23615  466.63634  468.72752  470.87266  464.29651  466.36673  468.49027
 464.92808  466.94811  469.01855  462.57785  464.57746  466.62688  460.20926  462.18840  464.21676  466.75903  468.85131  470.99759  464.39030  466.46135  468.58575  462.00316  464.05293  466.15540  468.66691  470.83340  473.05742  466.27882  468.42324  470.62449  463.87228  465.99457  468.17300
 464.50785  466.57995  468.70544  462.09304  464.14361  466.24691  459.66036  461.68934  463.77041  466.39733  468.54284  470.74522  463.96289  466.08601  468.26530  461.51053  463.61121  465.76737  468.36451  470.58544  472.86670  465.90954  468.10720  470.36443  463.43661  465.61095  467.84411
 464.07653  466.20069  468.38106  461.59741  463.69889  465.85586  459.10101  461.17977  463.31331  466.02414  468.22288  470.48123  463.52422  465.69939  467.93340  461.00699  463.15854  465.36818  468.05028  470.32564  472.66400  465.52864  467.77949  470.09254  462.98965  465.21595  467.50366
 463.63419  465.81039  468.04547  461.09106  463.24340  465.45385  458.53135  460.65980  462.84561  465.63956  467.89148  470.20564  463.07444  465.30157  467.59011  460.49273  462.69503  464.95794  467.72432  470.05403  472.44933  465.13625  467.44019  469.80885  462.53156  464.80970  467.15171
 463.18092  465.40906  467.69867  460.57409  462.77717  465.04089  457.95152  460.12952  462.36735  465.24367  467.54867  469.91844  462.61364  464.89259  467.23544  459.96786  462.22076  464.53669  467.38665  469.77062  472.22266  464.73240  467.08931  469.51336  462.06240  464.39224  466.78830
 462.71682  464.99680  467.34070  460.04665  462.30032  464.61705  457.36168  459.58906  461.87863  464.83653  467.19450  469.61965  462.14191  464.47255  466.86945  459.43250  461.73583  464.10449  467.03736  469.47548  471.98404  464.31723  466.72696  469.20616  461.58233  463.96369  466.41354
 462.24198  464.57364  466.97158  459.50884  461.81293  464.18239  456.76192  459.03848  461.37948  464.41825  466.82903  469.30932  461.65938  464.04154  466.49221  458.88677  461.24033  463.66143  466.67651  469.16861  471.73348  463.89083  466.35319  468.88729  461.09143  463.52408  466.02745
 461.75651  464.13966  466.59138  458.96079  461.31511  463.73700  456.15243  458.47794  460.87006  463.98889  466.45230  468.98748  461.16617  463.59961  466.10379  458.33083  460.73436  463.20761  466.30418  468.85008  471.47101  463.45330  465.96808  468.55679  460.58986  463.07358  465.63014
 461.26048  463.69492  466.20014  458.40262  460.80691  463.28093  455.53330  457.90751  460.35041  463.54856  466.06437  468.65416  460.66236  463.14686  465.70424  457.76477  460.21803  462.74307  465.92045  468.51995  471.19663  463.00473  465.57171  468.21472  460.07769  462.61222  465.22165
 460.75400  463.23949  465.79789  457.83444  460.28845  462.81427  454.90468  457.32730  459.82064  463.09730  465.66531  468.30939  460.14807  462.68338  465.29361  457.18872  459.69144  462.26792  465.52537  468.17822  470.91039  462.54523  465.16413  467.86113  459.55506  462.14012  464.80207
 460.23717  462.77346  465.38471  457.25637  459.75983  462.33708  454.26671  456.73745  459.28084  462.63525  465.25517  467.95324  459.62342  462.20924  464.87199  456.60282  459.15468  461.78225  465.11905  467.82499  470.61232  462.07489  464.74542  467.49607  459.02210  461.65736  464.37147
 459.71008  462.29688  464.96065  456.66853  459.22112  461.84946  453.61951  456.13804  458.73110  462.16248  464.83403  467.58573  459.08850  461.72453  464.43943  456.00720  458.60786  461.28612  464.70154  467.46030  470.30246  461.59380  464.31568  467.11961  458.47889  461.16405  463.92993
 459.17284  461.80984  464.52575  456.07102  458.67241  461.35144  452.96322  455.52918  458.17151  461.67907  464.40195  467.20693  458.54341  461.22933  463.99600  455.40194  458.05108  460.77964  464.27292  467.08419  469.98085  461.10205  463.87494  466.73181  457.92555  460.66025  463.47754
 458.62554  461.31243  464.08010  455.46399  458.11385  460.84316  452.29797  454.91101  457.60217  461.18511  463.95899  466.81690  457.98829  460.72374  463.54181  454.78719  457.48443  460.26289  463.83329  466.69676  469.64754  460.59979  463.42335  466.33275  457.36221  460.14610  463.01437
 458.06829  460.80470  463.62377  454.84751  457.54547  460.32467  451.62386  454.28359  457.02320  460.68071  463.50526  466.41569  457.42322  460.20785  463.07689  454.16308  456.90804  459.73596  463.38274  466.29805  469.30259  460.08707  462.96093  465.92248  456.78898  459.62166  462.54051
 457.50120  460.28679  463.15681  454.22177  456.96744  459.79610  450.94106  453.64710  456.43467  460.16596  463.04081  466.00339  456.84835  459.68177  462.60138  453.52973  456.32201  459.19897  462.92135  465.88816  468.94603  459.56404  462.48783  465.50109  456.20599  459.08708  462.05604
 456.92438  459.75874  462.67934  453.58682  456.37980  459.25749  450.24968  453.00159  455.83671  459.64097  462.56575  465.58002  456.26375  459.14557  462.11529  452.88726  455.72645  458.65196  462.44921  465.46711  468.57794  459.03075  462.00406  465.06861  455.61333  458.54239  461.56105
 456.33791  459.22067  462.19136  452.94282  455.78271  458.70895  449.54986  452.34723  455.22938  459.10580  462.08009  465.14566  455.66956  458.59935  461.61875  452.23578  455.12144  458.09508  461.96636  465.03500  468.19834  458.48732  461.50976  464.62517  455.01111  457.98774  461.05562
 455.74192  458.67264  461.69302  452.28986  455.17621  458.15057  448.84171  451.68408  454.61282  458.56058  461.58399  464.70040  455.06585  458.04321  461.11183  451.57540  454.50711  457.52838  461.47296  464.59192  467.80736  457.93387  461.00501  464.17083  454.39946  457.42322  460.53986
 455.13650  458.11478  461.18437  451.62807  454.56047  457.58245  448.12536  451.01230  453.98713  458.00541  461.07752  464.24433  454.45279  457.47726  460.59464  450.90629  453.88359  456.95202  460.96908  464.13792  467.40500  457.37051  460.48990  463.70564  453.77851  456.84893  460.01385
 454.52177  457.54716  460.66550  450.95758  453.93556  457.00470  447.40095  450.33198  453.35243  457.44038  460.56072  463.77746  453.83045  456.90158  460.06723  450.22854  453.25095  456.36604  460.45478  463.67308  466.99134  456.79732  459.96452  463.22972  453.14835  456.26497  459.47768
 453.89784  456.96988  460.13648  450.27851  453.30159  456.41739  446.66861  449.64325  452.70878  456.86558  460.03373  463.29992  453.19897  456.31629  459.52972  449.54227  452.60933  455.77058  459.93020  463.19749  466.56645  456.21443  459.42895  462.74313  452.50911  455.67145  458.93144
 453.26480  456.38303  459.59740  449.59096  452.65868  455.82062  445.92845  448.94623  452.05634  456.28114  459.49660  462.81176  452.55845  455.72147  458.98218  448.84763  451.95882  455.16572  459.39540  462.71122  466.13042  455.62192  458.88331  462.24596  451.86091  455.06848  458.37525
 452.62280  455.78673  459.04837  448.89508  452.00693  455.21452  445.18062  448.24102  451.39519  455.68715  458.94947  462.31309  451.90900  455.11726  458.42474  448.14471  451.29955  454.55158  458.85049  462.21439  465.68332  455.01993  458.32769  461.73831  451.20385  454.45616  457.80920
 451.97191  455.18106  458.48947  448.19096  451.34646  454.59917  444.42524  447.52775  450.72545  455.08370  458.39240  461.80398  451.25074  454.50373  457.85747  447.43364  450.63164  453.92827  458.29559  461.70706  465.22520  454.40856  457.76219  461.22024  450.53808  453.83462  457.23336
 451.31225  454.56614  457.92080  447.47874  450.67738  453.97468  443.66242  446.80654  450.04724  454.47094  457.82549  461.28451  450.58381  453.88101  457.28046  446.71457  449.95519  453.29586  457.73077  461.18933  464.75617  453.78792  457.18692  460.69189  449.86369  453.20395  456.64788
 450.64398  453.94207  457.34244  446.75854  449.99980  453.34114  442.89230  446.07750  449.36064  453.84895  457.24888  460.75480  449.90829  453.24921  456.69384  445.98758  449.27032  452.65450  457.15616  460.66127  464.27630  453.15811  456.60195  460.15330  449.18081  452.56423  456.05281
 449.96716  453.30896  456.75450  446.03048  449.31385  452.69869  442.11503  445.34080  448.66582  453.21784  456.66258  460.21488  449.22432  452.60840  456.09767  445.25285  448.57714  452.00429  456.57182  460.12298  463.78565  452.51925  456.00740  459.60458  448.48956  451.91563  455.44830
 449.28193  452.66689  456.15706  445.29468  448.61960  452.04740  441.33070  444.59647  447.96283  452.57771  456.06677  459.66489  448.53201  451.95873  455.49207  444.51044  447.87576  451.34530  455.97789  459.57458  463.28432  451.87144  455.40339  459.04584  447.79004  451.25823  454.83441
 448.58841  452.01600  455.55024  444.55126  447.91720  451.38738  440.53946  443.84470  447.25183  451.92869  455.46154  459.10492  447.83146  451.30030  454.87714  443.76052  447.16634  450.67770  455.37447  459.01614  462.77243  451.21481  454.78999  458.47716  447.08241  450.59214  454.21129
 447.88669  451.35639  454.93412  443.80035  447.20678  450.71878  439.74142  443.08559  446.53291  451.27088  454.84695  458.53504  447.12284  450.63321  454.25302  443.00319  446.44892  450.00155  454.76165  458.44776  462.25003  450.54949  454.16736  457.89867  446.36675  449.91749  453.57901
 447.17691  450.68814  454.30883  443.04207  446.48841  450.04167  438.93673  442.31926  445.80621  450.60440  454.22315  457.95538  446.40622  449.95759  453.61977  442.23860  445.72371  449.31702  454.13956  457.86954  461.71721  449.87556  453.53554  457.31043  445.64321  449.23438  452.93771
 446.45919  450.01141  453.67446  442.27653  445.76225  449.35618  438.12550  441.54583  445.07183  449.92935  453.59021  457.36601  445.68174  449.27353  452.97750  441.46684  444.99074  448.62416  453.50829  457.28159  461.17408  449.19315  452.89469  456.71255  444.91190  448.54293  452.28746
 445.73363  449.32626  453.03112  441.50388  445.02838  448.66241  437.30787  440.76543  444.32990  449.24587  452.94829  456.76704  444.94952  448.58117  452.32634  440.68808  444.25022  447.92312  452.86795  456.68400  460.62072  448.50237  452.24491  456.10514  444.17294  447.84327  451.62841
 445.00036  448.63284  452.37888  440.72422  444.28695  447.96047  436.48397  439.97820  443.58052  448.55403  452.29742  456.15856  444.20965  447.88059  451.66637  439.90239  443.50220  447.21401  452.21866  456.07685  460.05722  447.80336  451.58626  455.48830  443.42647  447.13547  450.96066
 444.25948  447.93125  451.71789  439.93768  443.53807  447.25048  435.65388  439.18421  442.82380  447.85400  451.63776  455.54070  443.46232  447.17193  450.99774  439.10994  442.74680  446.49694  451.56052  455.46029  459.48369  447.09621  450.91893  454.86215  442.67256  446.41969  450.28428
 443.51116  447.22159  451.04825  439.14441  442.78184  446.53258  434.81779  438.38361  442.05989  447.14585  450.96942  454.91353  442.70759  446.45532  450.32053  438.31083  441.98417  445.77202  450.89364  454.83440  458.90024  446.38104  450.24298  454.22679  441.91138  445.69604  449.59944
 442.75548  446.50402  450.37007  438.34449  442.01840  445.80684  433.97580  437.57654  441.28891  446.42973  450.29251  454.27720  441.94560  445.73084  449.63486  437.50519  441.21444  445.03940  450.21816  454.19930  458.30697  445.65799  449.55854  453.58232  441.14306  444.96464  448.90624
 441.99254  445.77860  449.68346  437.53806  441.24787  445.07341  433.12803  436.76312  440.51097  445.70573  449.60712  453.63178  441.17647  444.99864  448.94085  436.69317  440.43771  444.29918  449.53416  453.55509  457.70393  444.92716  448.86573  452.92885  440.36770  444.22561  448.20478
 441.22251  445.04547  448.98852  436.72527  440.47036  444.33240  432.27461  435.94344  439.72616  444.97398  448.91339  452.97737  440.40034  444.25882  448.23859  435.87484  439.65410  443.55144  448.84177  452.90186  457.09129  444.18868  448.16466  452.26650  439.58540  443.47904  447.49518
 440.44548  444.30476  448.28536  435.90619  439.68600  443.58390  431.41566  435.11766  438.93463  444.23461  448.21141  452.31412  439.61729  443.51149  447.52822  435.05037  438.86374  442.79635  448.14110  452.23975  456.46912  443.44265  447.45542  451.59537  438.79633  442.72508  446.77756
 439.66158  443.55657  447.57412  435.08100  438.89490  442.82807  430.55132  434.28588  438.13652  443.48771  447.50131  451.64210  438.82748  442.75679  446.80986  434.21987  438.06674  442.03400  447.43228  451.56886  455.83752  442.68922  446.73817  450.91556  438.00059  441.96384  446.05202
 438.87093  442.80102  446.85490  434.24978  438.09719  442.06500  429.68170  433.44823  437.33191  442.73344  446.78320  450.96144  438.03103  441.99483  446.08358  433.38347  437.26323  441.26452  446.71541  450.88930  455.19660  441.92849  446.01299  450.22720  437.19830  441.19544  445.31868
 438.07366  442.03823  446.12779  433.41269  437.29298  441.29482  428.80694  432.60484  436.52094  441.97188  446.05719  450.27224  437.22804  441.22573  445.34954  432.54128  436.45334  440.48802  445.99061  450.20117  454.54649  441.16059  445.28002  449.53041  436.38960  440.42000  444.57769
 437.26987  441.26832  445.39293  432.56983  436.48240  440.51762  427.92714  431.75581  435.70371  441.20317  445.32339  449.57462  436.41866  440.44960  444.60784  431.69344  435.63717  439.70462  445.25799  449.50460  453.88728  440.38562  444.53936  448.82529  435.57458  439.63764  443.82913
 436.45971  440.49142  444.65046  431.72133  435.66557  439.73356  427.04245  430.90128  434.88038  440.42742  444.58196  448.86871  435.60297  439.66657  443.85861  430.84005  434.81486  438.91446  444.51770  448.79972  453.21909  439.60372  443.79114  448.11195  434.75340  438.84849  443.07313
 435.64326  439.70761  443.90044  430.86730  434.84262  438.94275  426.15296  430.04137  434.05104  439.64475  443.83296  448.15459  434.78114  438.87677  443.10195  429.98125  433.98653  438.11764  443.76983  448.08659  452.54201  438.81503  443.03548  447.39053  433.92616  438.05265  442.30982
 434.82068  438.91705  443.14302  430.00789  434.01366  438.14529  425.25884  429.17621  433.21583  438.85531  443.07654  447.43240  433.95329  438.08030  442.33800  429.11718  433.15229  437.31429  443.01449  447.36537  451.85618  438.01964  442.27249  446.66113  433.09299  437.25026  441.53931
 433.99210  438.11985  442.37833  429.14319  433.17879  437.34130  424.36018  428.30591  432.37485  438.05919  442.31281  446.70226  433.11949  437.27727  441.56685  428.24793  432.31226  436.50452  442.25184  446.63619  451.16170  437.21767  441.50229  445.92385  432.25402  436.44144  440.76171
 433.15761  437.31612  441.60648  428.27336  432.33818  436.53094  423.45709  427.43058  431.52825  437.25652  441.54190  445.96426  432.27992  436.46785  440.78865  427.37364  431.46659  435.68846  441.48195  445.89914  450.45870  436.40927  440.72503  445.17886  431.40934  435.62630  439.97717
 432.31734  436.50599  440.82755  427.39848  431.49191  435.71428  422.54974  426.55038  430.67613  436.44740  440.76392  445.21854  431.43466  435.65211  440.00350  426.49443  430.61539  434.86625  440.70498  445.15432  449.74724  435.59454  439.94077  444.42620  430.55914  434.80498  439.18578
 431.47140  435.68958  440.04172  426.51870  430.64013  434.89148  421.63818  425.66539  429.81861  435.63200  439.97898  444.46520  430.58387  434.83020  439.21151  425.61043  429.75876  434.03796  439.92103  444.40188  449.02751  434.77360  439.14969  443.66607  429.70347  433.97758  438.38767
 430.61996  434.86700  439.24906  425.63414  429.78293  434.06262  420.72261  424.77575  428.95581  434.81039  439.18722  443.70438  429.72764  434.00223  438.41283  424.72174  428.89684  433.20376  439.13024  443.64194  448.29958  433.94659  438.35187  442.89853  428.84250  433.14424  437.58297
 429.76309  434.03839  438.44973  424.74491  428.92047  433.22787  419.80308  423.88157  428.08786  433.98274  438.38876  442.93619  428.86612  433.16834  437.60757  423.82849  428.02974  432.36374  438.33271  442.87460  447.56359  433.11362  437.54745  442.12374  427.97632  432.30506  436.77178
 428.90093  433.20385  437.64381  423.85114  428.05284  432.38731  418.87975  422.98298  427.21488  433.14913  437.58369  442.16073  427.99940  432.32862  436.79583  422.93081  427.15759  431.51803  437.52858  442.10000  446.81964  432.27482  436.73656  441.34178  427.10507  431.46019  435.95424
 428.03360  432.36351  436.83144  422.95294  427.18016  431.54107  417.95272  422.08010  426.33698  432.30970  436.77216  441.37814  427.12764  431.48322  435.97775  422.02882  426.28052  430.66676  436.71794  441.31823  446.06785  431.43030  435.91930  440.55281  426.22887  430.60973  435.13047
 427.16123  431.51749  436.01274  422.05045  426.30258  430.68928  417.02213  421.17304  425.45428  431.46457  435.95428  440.58854  426.25093  430.63224  435.15345  421.12263  425.39862  429.81004  435.90094  440.52944  445.30835  430.58019  435.09580  439.75693  425.34783  429.75380  434.30057
 426.28393  430.66592  435.18784  421.14376  425.42018  429.83206  416.08807  420.26193  424.56692  430.61386  435.13018  439.79205  425.36939  429.77580  434.32305  420.21236  424.51204  428.94800  435.07770  439.73375  444.54128  429.72461  434.26619  438.95427  424.46209  428.89254  433.46471
 425.40181  429.80890  434.35684  420.23299  424.53310  428.96950  415.15067  419.34687  423.67499  429.75769  434.29998  438.98879  424.48314  428.91404  433.48666  419.29813  423.62089  428.08076  434.24833  438.93125  443.76670  428.86367  433.43056  438.14492  423.57175  428.02605  432.62295
 424.51500  428.94657  433.51989  419.31830  423.64147  428.10178  414.21004  418.42800  422.77864  428.89619  433.46378  438.17887  423.59233  428.04706  432.64442  418.38006  422.72527  427.20843  433.41296  438.12210  442.98478  427.99751  432.58908  437.32905  422.67694  427.15447  431.77545
 423.62363  428.07902  432.67707  418.39976  422.74538  427.22897  413.26629  417.50540  421.87795  428.02946  432.62172  437.36241  422.69705  427.17500  431.79644  417.45825  421.82533  426.33112  432.57170  437.30639  442.19562  427.12623  431.74183  436.50675  421.77777  426.27789  430.92232
 422.72781  427.20642  431.82854  417.47750  421.84498  426.35120  412.31956  416.57923  420.97306  427.15764  431.77392  436.53956  421.79742  426.29796  430.94283  416.53285  420.92116  425.44898  431.72469  436.48427  441.39937  426.24997  430.88896  435.67815  420.87438  425.39647  430.06369
 421.82764  426.32883  430.97438  416.55166  420.94037  425.46860  411.36993  415.64957  420.06409  426.28084  430.92049  435.71040  420.89358  425.41608  430.08374  415.60395  420.01290  424.56211  430.87202  435.65583  440.59610  425.36884  430.03057  434.84338  419.96685  424.51030  429.19966
 420.92328  425.44643  430.11475  415.62232  420.03166  424.58128  410.41753  414.71656  419.15115  425.39918  430.06158  434.87509  419.98561  424.52947  429.21926  414.67166  419.10065  423.67062  430.01386  434.82122  439.78600  424.48296  429.16678  434.00256  419.05533  423.61950  428.33038
 420.01481  424.55929  429.24975  414.68963  419.11900  423.68937  409.46247  413.78031  418.23437  424.51279  429.19727  434.03373  419.07368  423.63824  428.34954  413.73613  418.18455  422.77467  429.15029  433.98057  438.96913  423.59247  428.29776  433.15581  418.13995  422.72423  427.45596
 419.10236  423.66755  428.37951  413.75366  418.20245  422.79297  408.50486  412.84090  417.31384  423.62178  428.32772  433.18645  418.15785  422.74252  427.47467  412.79744  417.26469  421.87433  428.28145  433.13395  438.14565  422.69745  427.42355  432.30323  417.22078  421.82453  426.57650
 418.18606  422.77135  427.50415  412.81457  417.28220  421.89222  407.54481  411.89850  416.38970  422.72627  427.45302  432.33337  417.23828  421.84243  426.59480  411.85571  416.34119  420.96974  427.40745  432.28155  437.31567  421.79805  426.54434  431.44497  416.29797  420.92060  425.69214
 417.26599  421.87075  426.62376  411.87245  416.35829  420.98722  406.58243  410.95318  415.46205  421.82637  426.57330  431.47460  416.31506  420.93808  425.71002  410.91106  415.41419  420.06101  426.52842  431.42342  436.47930  420.89438  425.66020  430.58113  415.37163  420.01251  424.80299
 416.34231  420.96594  425.73851  410.92741  415.43090  420.07809  405.61783  410.00508  414.53101  420.92223  425.68869  430.61028  415.38834  420.02959  424.82046  409.96362  414.48378  419.14827  425.64448  430.55975  435.63669  419.98656  424.77129  429.71185  414.44187  419.10040  423.90918
 415.41511  420.05696  424.84846  409.97958  414.50009  419.16495  404.65112  409.05426  413.59668  420.01392  424.79928  429.74050  414.45818  419.11708  423.92624  409.01345  413.55007  418.23161  424.75574  429.69061  434.78794  419.07470  423.87769  428.83725  413.50880  418.18435  423.01082
 414.48451  419.14400  423.95379  409.02903  413.56600  418.24791  403.68240  408.10089  412.65920  419.10161  423.90523  428.86543  413.52473  418.20064  423.02748  408.06071  412.61319  417.31119  423.86234  428.81616  433.93319  418.15890  422.97955  427.95742  412.57255  417.26454  422.10803
 413.55062  418.22712  423.05458  408.07592  412.62874  417.32710  402.71177  407.14504  411.71865  418.18538  423.00664  427.98515  412.58810  417.28044  422.12431  407.10547  411.67324  416.38707  422.96438  427.93650  433.07257  417.23932  422.07698  427.07254  411.63322  416.34102  421.20094
 412.61356  417.30648  422.15095  407.12034  411.68844  416.40262  401.73935  406.18683  410.77516  417.26535  422.10362  427.09981  411.64842  416.35657  421.21685  406.14787  410.73034  415.45941  422.06198  427.05175  432.20617  416.31606  421.17011  426.18270  410.69092  415.41393  420.28965
 411.67343  416.38216  421.24304  406.16239  410.74518  415.47460  400.76524  405.22638  409.82885  416.34164  421.19629  426.20951  410.70576  415.42912  420.30520  405.18801  409.78460  414.52831  421.15526  426.16203  431.33414  415.38921  420.25902  425.28800  409.74576  414.48340  419.37430
 410.73036  415.45429  420.33096  405.20218  409.79909  414.54314  399.78954  404.26379  408.87982  415.41437  420.28478  425.31438  409.76025  414.49823  419.38947  404.22599  408.83613  413.59389  420.24436  425.26748  430.45660  414.45891  419.34387  424.38858  408.79788  413.54954  418.45499
 409.78444  414.52298  419.41481  404.23982  408.85028  413.60837  398.81234  403.29914  407.92817  414.48366  419.36920  424.41453  408.81202  413.56401  418.46981  403.26192  407.88503  412.65624  419.32936  424.36821  429.57365  413.52527  418.42477  423.48457  407.84734  412.61245  417.53182
 408.83580  413.58835  418.49472  403.27542  407.89884  412.67038  397.83377  402.33256  406.97402  413.54960  418.44968  423.51008  407.86115  412.62658  417.54629  402.29589  406.93143  411.71548  418.41040  423.46431  428.68544  412.58839  417.50180  422.57606  406.89428  411.67222  416.60493
 407.88453  412.65051  417.57079  402.30908  406.94491  411.72929  396.85391  401.36417  406.01747  412.61231  417.52630  422.60116  406.90776  411.68603  416.61907  401.32803  405.97541  410.77174  417.48760  422.55594  427.79209  411.64841  416.57512  421.66320  405.93882  410.72902  415.67444
 406.93076  411.70956  416.64317  401.34090  405.98857  410.78522  395.87286  400.39404  405.05864  411.67194  416.59922  421.68789  405.95198  410.74249  415.68824  400.35845  405.01710  409.82512  416.56107  421.64322  426.89371  410.70541  415.64483  420.74610  404.98104  409.78293  414.74047
 405.97459  410.76564  415.71195  400.37099  405.02994  409.83827  394.89073  399.42228  404.09762  410.72855  415.66853  420.77039  404.99387  409.79607  414.75393  399.38721  404.05660  408.87574  415.63091  420.72625  425.99043  409.75950  414.71104  419.82486  404.02105  408.83405  413.80310
 405.01611  409.81883  414.77724  399.39945  404.06912  408.88856  393.90759  398.44900  403.13452  409.78226  414.73435  419.84875  404.03357  408.84687  413.81623  398.41443  403.09400  407.92367  414.69726  419.80512  425.08237  408.81083  413.77384  418.89962  403.05897  407.88248  412.86246
 404.05544  408.86927  413.83917  398.42638  403.10624  407.93620  392.92356  397.47430  402.16945  408.83322  413.79678  418.92313  403.07120  407.89501  412.87529  397.44023  402.12942  406.96907  413.76023  418.88002  424.16964  407.85949  412.83342  417.97049  402.09490  406.92839  411.91866
 403.09270  407.91703  412.89786  397.45189  402.14135  406.98129  391.93873  396.49825  401.20252  407.88151  412.85598  417.99361  402.10683  406.94061  411.93118  396.46469  401.16298  406.01201  412.81992  417.95101  423.25239  406.90558  411.88981  417.03759  401.12894  405.97181  410.97183
 402.12797  406.96226  411.95337  396.47607  401.17462  406.02393  390.95321  395.52102  400.23382  406.92723  411.91199  417.06033  401.14058  405.98374  410.98405  395.48793  400.19476  405.05263  411.87644  417.01822  422.33069  405.94920  410.94316  416.10102  400.16120  405.01292  410.02208
 401.16138  406.00504  411.00588  395.49902  400.20611  405.06426  389.96706  394.54263  399.26345  405.97050  410.96499  416.12340  400.17255  405.02454  410.03399  394.51001  399.22486  404.09101  410.92994  416.08179  421.40471  404.99050  409.99359  415.16091  399.19178  404.05177  409.06949
 400.19301  405.04550  410.05547  394.52083  399.23593  404.10236  388.98040  393.56323  398.29152  405.01145  410.01506  415.18293  399.20286  404.06311  409.08112  393.53108  398.25340  403.12727  409.98048  415.14180  420.47455  404.02953  409.04118  414.21738  398.22077  403.08849  408.11420
 399.22298  404.08373  409.10225  393.54163  398.26420  403.13834  387.99331  392.58288  397.31813  404.05014  409.06231  414.23904  398.23157  403.09955  408.12554  392.55118  397.28046  402.16151  409.02821  414.19838  419.54033  403.06644  408.08607  413.27054  397.24829  402.12318  407.15631
 398.25136  403.11982  408.14632  392.56146  397.29098  402.17229  387.00588  391.60169  396.34337  403.08671  408.10685  413.29185  397.25882  402.13396  407.16737  391.57044  396.30614  401.19382  408.07321  413.25165  418.60217  402.10131  407.12835  412.32049  396.27443  401.15595  406.19593
 397.27828  402.15390  407.18781  391.58046  396.31641  401.20434  386.01820  390.61977  395.36735  402.12125  407.14879  412.34145  396.28469  401.16646  406.20671  390.58895  395.33057  400.22434  407.11561  412.30171  417.66018  401.13425  406.16814  411.36736  395.29928  400.18690  405.23317
 396.30383  401.18608  406.22682  390.59872  395.34057  400.23459  385.03036  389.63718  394.39016  401.15386  406.18825  411.38799  395.30928  400.19715  405.24368  389.60679  394.35381  399.25314  406.15551  411.34870  416.71448  400.16537  405.20555  410.41126  394.32295  399.21613  404.26812
 395.32811  400.21645  405.26346  389.61630  394.36356  399.26314  384.04244  388.65403  393.41191  400.18466  405.22533  410.43154  394.33270  399.22612  404.27836  388.62406  393.37597  398.28032  405.19303  410.39269  415.76520  399.19478  404.24067  409.45229  393.34554  398.24374  403.30090
 394.35121  399.24510  404.29782  388.63333  393.38548  398.29006  383.05453  387.67041  392.43267  399.21375  404.26013  409.47225  393.35504  398.25348  403.31089  387.64085  392.39715  397.30600  404.22828  409.43384  414.81245  398.22257  403.27363  408.49057  392.36714  397.26984  402.33163
 393.37325  398.27214  403.33004  387.64989  392.40640  397.31549  382.06673  386.68641  391.45256  398.24123  403.29277  408.51022  392.37639  397.27933  402.34136  386.65727  391.41745  396.33028  403.26134  408.47224  413.85634  397.24882  402.30452  407.52622  391.38784  396.29454  401.36040
 392.39431  397.29769  402.36020  386.66606  391.42646  396.33952  381.07912  385.70212  390.47166  397.26718  402.32335  407.54554  391.39685  396.30377  401.36988  385.67337  390.43696  395.35325  402.29233  407.50797  412.89698  396.27366  401.33343  406.55932  390.40774  395.31789  400.38730
 391.41446  396.32183  401.38840  385.68194  390.44574  395.36225  380.09175  384.71763  389.49006  396.29172  401.35195  406.57833  390.41652  395.32689  400.39654  384.68926  389.45574  394.37499  401.32135  406.54118  411.93449  395.29720  400.36051  405.59002  389.42693  394.34004  399.41246
 390.43384  395.34465  400.41476  384.69759  389.46428  394.38375  379.10473  383.73300  388.50785  395.31496  400.37873  405.60872  389.43546  394.34879  399.42144  383.70502  388.47393  393.39562  400.34852  405.57197  410.96899  394.31949  399.38580  404.61838  388.44549  393.36105  398.43595
 389.45251  394.36627  399.43937  383.71314  388.48225  393.40415  378.11815  382.74836  387.52515  394.33697  399.40373  404.63678  388.45382  393.36958  398.44470  382.72075  387.49160  392.41523  399.37392  404.60044  410.00059  393.34066  398.40946  403.64455  387.46354  392.38105  397.45790
 388.47058  393.38677  398.46234  382.72866  387.49970  392.42354  377.13208  381.76376  386.54201  393.35785  398.42710  403.66265  387.47164  392.38936  397.46642  381.73653  386.50885  391.43392  398.39767  403.62670  409.02939  392.36081  397.43157  402.66861  386.48115  391.40012  396.47839
 387.48813  392.40627  397.48378  381.74421  386.51673  391.44201  376.14657  380.77930  385.55854  392.37773  397.44892  402.68642  386.48903  391.40820  396.48668  380.75242  385.52574  390.45177  397.41987  402.65087  408.05553  391.38003  396.45222  401.69068  385.49841  390.41835  395.49754
 386.50525  391.42484  396.50376  380.75990  385.53341  390.45963  375.16174  379.79506  384.57482  391.39666  396.46929  401.70820  385.50607  390.42620  395.50560  379.76854  384.54240  389.46889  396.44061  401.67302  407.07909  390.39839  395.47150  400.71084  384.51541  389.43582  394.51542
 385.52204  390.44257  395.52240  379.77581  384.54985  389.47653  374.17766  378.81113  383.59095  390.41476  395.48830  400.72808  384.52286  389.44347  394.52327  378.78494  383.55888  388.48536  395.45998  400.69330  406.10019  389.41601  394.48955  399.72922  383.53225  388.45266  393.53216
 384.53857  389.45957  394.53980  378.79201  383.56612  388.49279  373.19437  377.82757  382.60700  389.43211  394.50608  399.74619  383.53949  388.46009  393.53978  377.80172  382.57529  387.50126  394.47811  399.71178  405.11894  388.43298  393.50644  398.74591  382.54899  387.46893  392.54782
 383.55494  388.47595  393.55605  377.80860  382.58234  387.50850  372.21199  376.84448  381.62306  388.44883  393.52270  398.76262  382.55604  387.47617  392.55525  376.81896  381.59170  386.51671  393.49509  398.72857  404.13547  387.44939  392.52226  397.76104  381.56574  386.48473  391.56255
 382.57123  387.49174  392.57124  376.82564  381.59855  386.52374  371.23057  375.86193  380.63922  387.46497  392.53825  397.77746  381.57259  386.49176  391.56976  375.83673  380.60820  385.53179  392.51098  397.74377  403.14984  386.46533  391.53711  396.77467  380.58257  385.50014  390.57639
 381.58753  386.50709  391.58550  375.84322  380.61485  385.53862  370.25018  374.87998  379.65556  386.48066  391.55285  396.79084  380.58922  385.50697  390.58339  374.85512  379.62487  384.54657  391.52593  396.75749  402.16220  385.48087  390.55109  395.78691  379.59956  384.51526  389.58945
 380.60392  385.52205  390.59888  374.86142  379.63133  384.55321  369.27091  373.89874  378.67215  385.49595  390.56657  395.80281  379.60602  384.52189  389.59625  373.87419  378.64179  383.56115  390.53999  395.76982  401.17263  384.49612  389.56429  394.79787  378.61681  383.53017  388.60183
 379.62049  384.53673  389.61149  373.88031  378.64807  383.56760  368.29282  372.91825  377.68908  384.51097  389.57953  394.81352  378.62308  383.53661  388.60844  372.89402  377.65904  382.57562  389.55328  394.78089  400.18125  383.51117  388.57682  393.80766  377.63438  382.54497  387.61361
 378.63731  383.55121  388.62343  372.89996  377.66514  382.58187  367.31597  371.93862  376.70644  383.52577  388.59181  393.82305  377.64047  382.55123  387.62004  371.91470  376.67673  381.59006  388.56587  393.79075  399.18816  382.52609  387.58874  392.81635  376.65236  381.55973  386.62490
 377.65447  382.56559  387.63478  371.92047  376.68264  381.59613  366.34045  370.95991  375.72430  382.54046  387.60349  392.83149  376.65828  381.56580  386.63114  370.93628  375.69489  380.60455  387.57787  392.79952  398.19345  381.54098  386.60017  391.82405  375.67083  380.57454  385.63578
 376.67204  381.57993  386.64565  370.94188  375.70063  380.61044  365.36630  369.98218  374.74272  381.55511  386.61467  391.83895  375.67657  380.58043  385.64183  369.95885  374.71363  379.61918  386.58937  391.80730  397.19725  380.55591  385.61117  390.83086  374.68986  379.58947  384.64634
 375.69011  380.59433  385.65611  369.96427  374.71919  379.62489  364.39360  369.00551  373.76180  380.56981  385.62545  390.84552  374.69542  379.59519  384.65221  368.98246  373.73301  378.63403  385.60046  390.81419  396.19963  379.57097  384.62186  389.83685  373.70953  378.60463  383.65665
 374.70876  379.60887  384.66626  368.98773  373.73841  378.63958  363.42243  368.02999  372.78163  379.58465  384.63591  389.85128  373.71494  378.61018  383.66235  368.00723  372.75313  377.64918  384.61121  389.82028  395.20071  378.58625  383.63232  388.84215  372.72993  377.62009  382.66683
 373.72805  378.62364  383.67617  368.01232  372.75836  377.65455  362.45284  367.05566  371.80224  378.59970  383.64614  388.85635  372.73516  377.62546  382.67234  367.03317  371.77404  376.66472  383.62175  388.82566  394.20058  377.60182  382.64262  387.84682  371.75113  376.63592  381.67693
 372.74806  377.63870  382.68594  367.03811  371.77910  376.66992  361.48488  366.08260  370.82373  377.61506  382.65621  387.86079  371.75619  376.64112  381.68227  366.06039  370.79582  375.68070  382.63211  387.83041  393.19935  376.61776  381.65286  386.85097  370.77318  375.65220  380.68707
 371.76889  376.65415  381.69566  366.06517  370.80073  375.68574  360.51864  365.11088  369.84617  376.63079  381.66623  386.86472  370.77809  375.65724  380.69224  365.08893  369.81855  374.69724  381.64241  386.83465  392.19711  375.63416  380.66312  385.85469  369.79618  374.66902  379.69730
 370.79058  375.67006  380.70541  365.09356  369.82330  374.70211  359.55416  364.14056  368.86963  375.64698  380.67629  385.86822  369.80093  374.67390  379.70231  364.11887  368.84229  373.71437  380.65273  385.83844  391.19394  374.65109  379.67348  384.85806  368.82018  373.68644  378.70772
 369.81321  374.68651  379.71526  364.12336  368.84689  373.71909  358.59152  363.17172  367.89418  374.66369  379.68643  384.87136  368.82478  373.69116  378.71257  363.15028  367.86712  372.73220  379.66315  384.84188  390.18996  373.66862  378.68402  383.86117  367.84527  372.70455  377.71841
 368.83686  373.70357  378.72531  363.15462  367.87157  372.73677  357.63075  362.20440  366.91990  373.68103  378.69676  383.87426  367.84972  372.70912  377.72311  362.18322  366.89310  371.75081  378.67377  383.84507  389.18526  372.68685  377.69485  382.86412  366.87152  371.72343  376.72946
 367.86161  372.72132  377.73564  362.18741  366.89740  371.75522  356.67195  361.23868  365.94685  372.69905  377.70738  382.87700  366.87582  371.72784  376.73399  361.21775  365.92032  370.77025  377.68465  382.84809  388.17992  371.70583  376.70601  381.86698  365.89898  370.74314  375.74093
 366.88752  371.73986  376.74633  361.22180  365.92447  370.77451  355.71514  360.27462  364.97509  371.71784  376.71835  381.87966  365.90313  370.74740  375.74531  360.25394  364.94882  369.79059  376.69588  381.85104  387.17405  370.72564  375.71760  380.86984  364.92773  369.76376  374.75291
 365.91465  370.75922  375.75745  360.25785  364.95283  369.79472  354.76040  359.31228  364.00469  370.73746  375.72974  380.88231  364.93175  369.76788  374.75715  359.29184  363.97869  368.81193  375.70753  380.85397  386.16773  369.74636  374.72971  379.87279  363.95784  368.78535  373.76548
 364.94307  369.77950  374.76908  359.29562  363.98256  368.81591  353.80777  358.35173  363.03572  369.75798  374.74164  379.88506  363.96171  368.78933  373.76956  358.33152  363.00997  367.83432  374.71968  379.85699  385.16105  368.76806  373.74239  378.87592  362.98936  367.80800  372.77871
 363.97285  368.80077  373.78131  358.33517  363.01372  367.83816  352.85732  357.39301  362.06825  368.77950  373.75414  378.88799  362.99311  367.81184  372.78266  357.37304  362.04276  366.85784  373.73243  378.86019  384.15411  367.79082  372.75574  377.87929  362.02238  366.83178  371.79268
 363.00407  367.82310  372.79422  357.37655  362.04636  366.86154  351.90909  356.43620  361.10235  367.80207  372.76731  377.89117  362.02599  366.83548  371.79649  356.41645  361.07710  365.88256  372.74583  377.86362  383.14699  366.81468  371.76982  376.88299  361.05695  365.85673  370.80746
 362.03677  366.84655  371.80786  356.41984  361.08057  365.88612  350.96314  355.48135  360.13806  366.82575  371.78119  376.89468  361.06042  365.86030  370.81113  355.46182  360.11304  364.90853  371.75995  376.86740  382.13977  365.83973  370.78472  375.88711  360.09311  364.88295  369.82313
 361.07103  365.87119  370.82232  355.46509  360.11639  364.91197  350.01952  354.52850  359.17545  365.85062  370.79591  375.89861  360.09646  364.88639  369.82666  354.50919  359.15067  363.93583  370.77491  375.87159  381.13254  364.86606  369.80051  374.89173  359.13097  363.91050  368.83975
 360.10690  364.89711  369.83767  354.51233  359.15389  363.93914  349.07828  353.57773  358.21458  364.87677  369.81152  374.90305  359.13419  363.91381  368.84315  353.55864  358.19004  362.96453  369.79074  374.87627  380.12540  363.89370  368.81724  373.89691  358.17056  362.93943  367.85741
 359.14447  363.92436  368.85399  353.56166  358.19314  362.96771  348.13948  352.62910  357.25553  363.90424  368.82807  373.90805  358.17366  362.94262  367.86067  352.61021  357.23121  361.99469  368.80753  373.88153  379.11842  362.92273  367.83501  372.90274  357.21195  361.96983  366.87617
 358.18377  362.95300  367.87135  352.61311  357.23419  361.99775  347.20316  351.68263  356.29832  362.93311  367.84568  372.91370  357.21493  361.97289  366.87931  351.66395  356.27424  361.02637  367.82535  372.88743  378.11170  361.95321  366.85388  371.90930  356.25517  361.00175  365.89609
 357.22487  361.98311  366.88980  351.66675  356.27711  361.02932  346.26937  350.73840  355.34304  361.96342  366.86437  371.92009  356.25804  361.00469  365.89912  350.71992  355.31919  360.05965  366.84426  371.89405  377.10529  360.98522  365.87392  370.91666  355.30033  360.03525  364.91726
 356.26783  361.01474  365.90944  350.72259  355.32193  360.06247  345.33814  349.79645  354.38974  360.99527  365.88424  370.92727  355.30307  360.03807  364.92015  349.77817  354.36611  359.09457  365.86435  370.90147  376.09930  360.01881  364.89518  369.92488  354.34745  359.07039  363.93972
 355.31270  360.04796  364.93031  349.78074  354.36874  359.09728  344.40956  348.85685  353.43847  360.02870  364.90534  369.93533  354.35008  359.07309  363.94251  348.83876  353.41505  358.13120  364.88566  369.90976  375.09379  359.05404  363.91776  368.93407  353.39659  358.10725  362.96357
 354.35956  359.08282  363.95250  348.84121  353.41756  358.13379  343.48364  347.91961  352.48929  359.06376  363.92776  368.94434  353.39910  358.10983  362.96623  347.90172  352.46608  357.16961  363.90828  368.91900  374.08886  358.09097  362.94171  367.94425  352.44781  357.14586  361.98885
 353.40843  358.11940  362.97606  347.90407  352.46849  357.17208  342.56043  346.98482  351.54225  358.10055  362.95154  367.95436  352.45022  357.14834  361.99139  346.96712  351.51925  356.20984  362.93227  367.92926  373.08457  357.12968  361.96709  366.95554  351.50117  356.18631  361.01563
 352.45940  357.15776  362.00107  346.96937  351.52156  356.21221  341.63999  346.05252  350.59740  357.13910  361.97677  366.96549  351.50348  356.18868  361.01807  346.03500  350.57461  355.25197  361.95770  366.94060  372.08100  356.17021  360.99398  365.96799  350.55672  355.22864  360.04398
 351.51251  356.19795  361.02759  346.03714  350.57681  355.25422  340.72233  345.12274  349.65481  356.17947  361.00350  365.97777  350.55892  355.23090  360.04630  345.10540  349.63221  354.29602  360.98462  365.95311  371.07823  355.21262  360.02243  364.98165  349.61450  354.27291  359.07394
 350.56781  355.24003  360.05568  345.10745  349.63432  354.29818  339.80754  344.19555  348.71451  355.22175  360.03181  364.99129  349.61661  354.27508  359.07617  344.17839  348.69212  353.34210  360.01312  364.96685  370.07635  354.25698  359.05251  363.99663  348.67459  353.31919  358.10562
 349.62535  354.28405  359.08539  344.18034  348.69412  353.34415  338.89562  343.27098  347.77655  354.26595  359.06173  364.00611  348.67659  353.32124  358.10773  343.25399  347.75436  352.39022  359.04323  363.98187  369.07540  353.30333  358.08427  363.01296  347.73701  352.36750  357.13903
 348.68520  353.33008  358.11681  343.25585  347.75627  352.39218  337.98664  342.34907  346.84101  353.31217  358.09335  363.02229  347.73892  352.36947  357.14105  342.33226  346.81900  351.44046  358.07504  362.99827  368.07548  352.35174  357.11779  362.03072  346.80183  351.41794  356.17425
 347.74739  352.37816  357.14998  342.33403  346.82082  351.44232  337.08062  341.42989  345.90791  352.36043  357.12672  362.03991  346.80364  351.41980  356.17617  341.41324  345.88609  350.49286  357.10859  362.01609  367.07665  351.40225  356.15312  361.04999  345.86909  350.47054  355.21135
 346.81197  351.42836  356.18495  341.41491  345.88781  350.49463  336.17761  340.51346  344.97730  351.41080  356.16190  361.05901  345.87080  350.47231  355.21316  340.49698  344.95568  349.54748        nan        nan        nan        nan        nan        nan        nan        nan        nan
