       nan        nan        nan        nan        nan        nan        nan        nan        nan 25022.33350        nan        nan        nan        nan        nan        nan        nan        nan 25019.45000 24976.54250        nan        nan        nan        nan        nan        nan        nan
25025.58600        nan        nan 25064.33200        nan        nan        nan        nan        nan 25022.70250 24979.79500        nan 25061.44850 25018.54100        nan        nan        nan        nan 25016.93150 24973.66850 24937.88250 25055.67750 25012.41450 24976.62850        nan        nan        nan
25029.21450 24986.30700        nan 25068.48350 25025.57600        nan 25100.92950 25058.02200        nan 25023.44350 24980.18050 24944.39450 25062.71250 25019.44950 24983.66350 25095.15850 25051.89550 25016.10950 25014.78050 24970.98200 24934.26500 25054.04950 25010.25100 24973.53400 25086.49550 25042.69700 25005.98000
25033.23000 24989.96700 24954.18100 25073.28500 25030.02200 24994.23600 25107.08200 25063.81900 25028.03300 25024.56700 24980.76850 24944.05150 25064.62200 25020.82350 24984.10650 25098.41900 25054.62050 25017.90350 25013.00150 24968.49050 24930.57500 25053.05650 25008.54550 24970.63000 25086.85350 25042.34250 25004.42700
25037.64850 24993.85000 24957.13300 25078.74950 25034.95100 24998.23400 25114.25250 25070.45400 25033.73700 25026.08300 24981.57200 24943.65650 25067.18400 25022.67300 24984.75750 25102.68700 25058.17600 25020.26050 25011.60600 24966.20550 24926.85350 25052.70700 25007.30650 24967.95450 25088.21000 25042.80950 25003.45750
25042.48250 24997.97150 24960.05600 25084.88350 25040.37250 25002.45700 25122.38750 25077.87650 25039.96100 25028.00550 24982.60500 24943.25300 25070.40650 25025.00600 24985.65400 25107.91050 25062.51000 25023.15800 25010.60400 24964.14200 24923.14650 25053.00500 25006.54300 24965.54750 25090.50900 25044.04700 25003.05150
25047.74950 25002.34900 24962.99700 25091.68900 25046.28850 25006.93650 25131.43800 25086.03750 25046.68550 25030.34800 24983.88600 24942.89050 25074.28750 25027.82550 24986.83000 25114.03650 25067.57450 25026.57900 25010.00950 24962.32050 24919.50250 25053.94900 25006.26000 24963.44200 25093.69800 25046.00900 25003.19100
25053.46250 25007.00050 24966.00500 25099.16300 25052.70100 25011.70550 25141.35300 25094.89100 25053.89550 25033.12400 24985.43500 24942.61700 25078.82450 25031.13550 24988.31750 25121.01450 25073.32550 25030.50750 25009.83500 24960.76100 24915.96850 25055.53550 25006.46150 24961.66900 25097.72550 25048.65150 25003.85900
25059.63350 25011.94450 24969.12650 25107.29750 25059.60850 25016.79050 25152.08750 25104.39850 25061.58050 25036.34450 24987.27050 24942.47800 25084.00850 25034.93450 24990.14200 25128.79850 25079.72450 25034.93200 25010.09200 24959.48500 24912.58900 25057.75600 25007.14900 24960.25300 25102.54600 25051.93900 25005.04300
25066.27250 25017.19850 24972.40600 25116.08150 25067.00750 25022.21500 25163.59950 25114.52550 25069.73300 25040.02000 24989.41300 24942.51700 25089.82900 25039.22200 24992.32600 25137.34700 25086.74000 25039.84400 25010.79100 24958.51450 24909.40550 25060.60000 25008.32350 24959.21450 25108.11800 25055.84150 25006.73250
25073.38600 25022.77900 24975.88300 25125.50100 25074.89400 25027.99800 25175.85200 25125.24500 25078.34900 25044.15700 24991.88050 24942.77150 25096.27200 25043.99550 24994.88650 25146.62300 25094.34650 25045.23750 25011.94150 24957.86850 24906.45300 25064.05650 25009.98350 24958.56800 25114.40750 25060.33450 25008.91900
25080.97950 25028.70300 24979.59400 25135.54200 25083.26550 25034.15650 25188.81100 25136.53450 25087.42550 25048.76400 24994.69100 24943.27550 25103.32650 25049.25350 24997.83800 25156.59550 25102.52250 25051.10700 25013.55000 24957.56550 24903.76600 25068.11250 25012.12800 24958.32850 25121.38150 25065.39700 25011.59750
25089.05850 25034.98550 24983.57000 25146.19050 25092.11750 25040.70200 25202.45000 25148.37700 25096.96150 25053.84450 24997.86000 24944.06050 25110.97650 25054.99200 25001.19250 25167.23600 25111.25150 25057.45200 25015.62300 24957.62350 24901.37150 25072.75500 25014.75550 24958.50350 25129.01450 25071.01500 25014.76300
25097.62400 25041.63950 24987.84000 25157.43300 25101.44850 25047.64900 25216.74100 25160.75650 25106.95700 25059.40250 25001.40300 24945.15100 25119.21150 25061.21200 25004.96000 25178.51950 25120.52000 25064.26800 25018.16600 24958.05800 24899.29600 25077.97500 25017.86700 24959.10500 25137.28300 25077.17500 25018.41300
25106.67650 25048.67700 24992.42500 25169.25500 25111.25550 25055.00350 25231.66250 25173.66300 25117.41100 25065.44000 25005.33200 24946.57000 25128.01850 25067.91050 25009.14850 25190.42600 25130.31800 25071.55600 25021.18050 24958.87900 24897.55850 25083.75900 25021.45750 24960.13700 25146.16650 25083.86500 25022.54450
25116.21850 25056.11050 24997.34850 25181.64700 25121.53900 25062.77700 25247.19600 25187.08800 25128.32600 25071.95900 25009.65750 24948.33700 25137.38750 25075.08600 25013.76550 25202.93650 25140.63500 25079.31450 25024.67050 24960.10100 24896.17850 25090.09900 25025.52950 24961.60700 25155.64800 25091.07850 25027.15600
25126.24850 25063.94700 25002.62650 25194.59700 25132.29550 25070.97500 25263.32350 25201.02200 25139.70150 25078.96000 25014.39050 24950.46800 25147.30850 25082.73900 25018.81650 25216.03500 25151.46550 25087.54300 25028.63800 24961.73400 24895.17150 25096.98650 25030.08250 24963.52000 25165.71300 25098.80900 25032.24650
25136.76600 25072.19650 25008.27400 25208.09450 25143.52500 25079.60250 25280.02950 25215.46000 25151.53750 25086.44400 25019.54000 24952.97750 25157.77250 25090.86850 25024.30600 25229.70750 25162.80350 25096.24100 25033.08500 24963.78500 24894.55100 25104.41350 25035.11350 24965.87950 25176.34850 25107.04850 25037.81450
25147.77050 25080.86650 25014.30400 25222.13150 25155.22750 25088.66500 25297.30200 25230.39800 25163.83550 25094.41150 25025.11150 24955.87750 25168.77250 25099.47250 25030.23850 25243.94300 25174.64300 25105.40900 25038.01200 24966.26250 24894.32850 25112.37300 25040.62350 24968.68950 25187.54350 25115.79400 25043.86000
25159.26250 25089.96250 25020.72850 25236.70100 25167.40100 25098.16700 25315.13050 25245.83050 25176.59650 25102.86300 25031.11350 24959.17950 25180.30150 25108.55200 25036.61800 25258.73100 25186.98150 25115.04750 25043.41950 24969.17350 24894.51550 25120.85800 25046.61200 24971.95400 25199.28750 25125.04150 25050.38350
25171.24000 25099.49050 25027.55650 25251.79650 25180.04700 25108.11300 25333.50400 25261.75450 25189.82050 25111.79650 25037.55050 24962.89250 25192.35300 25118.10700 25043.44900 25274.06050 25199.81450 25125.15650 25049.30900 24972.52400 24895.11900 25129.86550 25053.08050 24975.67550 25211.57300 25134.78800 25057.38300
25183.70050 25109.45450 25034.79650 25267.41000 25193.16400 25118.50600 25352.41250 25278.16650 25203.50850 25121.21300 25044.42800 24967.02300 25204.92250 25128.13750 25050.73250 25289.92500 25213.14000 25135.73500 25055.67950 24976.31800 24896.14750 25139.38900 25060.02750 24979.85700 25224.39150 25145.03000 25064.85950
25196.64500 25119.86000 25042.45500 25283.53700 25206.75200 25129.34700 25371.85050 25295.06550 25217.66050 25131.11150 25051.75000 24971.57950 25218.00350 25138.64200 25058.47150 25306.31700 25226.95550 25146.78500 25062.53250 24980.56000 24897.60700 25149.42450 25067.45200 24984.49900 25237.73800 25155.76550 25072.81250
25210.07200 25130.71050 25050.54000 25300.17250 25220.81100 25140.64050 25391.81000 25312.44850 25232.27800 25141.49300 25059.52050 24976.56750 25231.59350 25149.62100 25066.66800 25323.23100 25241.25850 25158.30550 25069.86800 24985.25450 24899.50450 25159.96850 25075.35500 24989.60500 25251.60600 25166.99250 25081.24250
25223.98100 25142.00850 25059.05550 25317.31350 25235.34100 25152.38800 25412.28550 25330.31300 25247.36000 25152.35600 25067.74250 24981.99250 25245.68850 25161.07500 25075.32500 25340.66050 25256.04700 25170.29700 25077.68550 24990.40550 24901.84500 25171.01800 25083.73800 24995.17750 25265.99000 25178.71000 25090.14950
25238.37050 25153.75700 25068.00700 25334.95450 25250.34100 25164.59100 25433.27100 25348.65750 25262.90750 25163.70000 25076.42000 24987.85950 25260.28400 25173.00400 25084.44350 25358.60050 25271.32050 25182.76000 25085.98600 24996.01450 24904.63350 25182.57000 25092.59850 25001.21750 25280.88650 25190.91500 25099.53400
25253.23950 25165.95950 25077.39900 25353.09250 25265.81250 25177.25200 25454.76200 25367.48200 25278.92150 25175.52550 25085.55400 24994.17300 25275.37850 25185.40700 25094.02600 25377.04800 25287.07650 25195.69550 25094.76900 25002.08500 24907.87250 25194.62200 25101.93800 25007.72550 25296.29150 25203.60750 25109.39500
25268.58700 25178.61550 25087.23450 25371.72500 25281.75350 25190.37250 25476.75500 25386.78350 25295.40250 25187.83050 25095.14650 25000.93400 25290.96850 25198.28450 25104.07200 25395.99850 25303.31450 25209.10200 25104.03250 25008.61800 24911.56550 25207.17050 25111.75600 25014.70350 25312.20050 25216.78600 25119.73350
25284.41350 25191.72950 25097.51700 25390.84900 25298.16500 25203.95250 25499.24450 25406.56050 25312.34800 25200.61550 25105.20100 25008.14850 25307.05100 25211.63650 25114.58400 25415.44650 25320.03200 25222.97950 25113.77950 25015.61800 24915.71750 25220.21500 25122.05350 25022.15300 25328.61050 25230.44900 25130.54850
25300.71700 25205.30250 25108.25000 25410.46100 25315.04650 25217.99400 25522.22800 25426.81350 25329.76100 25213.88100 25115.71950 25015.81900 25323.62500 25225.46350 25125.56300 25435.39200 25337.23050 25237.33000 25124.00850 25023.08500 24920.33150 25233.75250 25132.82900 25030.07550 25345.51950 25244.59600 25141.84250
25317.49700 25219.33550 25119.43500 25430.56050 25332.39900 25232.49850 25545.70150 25447.54000 25347.63950 25227.62450 25126.70100 25023.94750 25340.68800 25239.76450 25137.01100 25455.82900 25354.90550 25252.15200 25134.71950 25031.02050 24925.40800 25247.78300 25144.08400 25038.47150 25362.92400 25259.22500 25153.61250
25334.75300 25233.82950 25131.07600 25451.14300 25350.21950 25247.46600 25569.66300 25468.73950 25365.98600 25241.84800 25138.14900 25032.53650 25358.23800 25254.53900 25148.92650 25476.75800 25373.05900 25267.44650 25145.91250 25039.42750 24930.95100 25262.30250 25155.81750 25047.34100 25380.82250 25274.33750 25165.86100
25352.48450 25248.78550 25143.17300 25472.20900 25368.51000 25262.89750 25594.10950 25490.41050 25384.79800 25256.54900 25150.06400 25041.58750 25376.27350 25269.78850 25161.31200 25498.17400 25391.68900 25283.21250 25157.58750 25048.30550 24936.96150 25277.31200 25168.03000 25056.68600 25399.21250 25289.93050 25178.58650
25370.69100 25264.20600 25155.72950 25493.75600 25387.27100 25278.79450 25619.03850 25512.55350 25404.07700 25271.72950 25162.44750 25051.10350 25394.79450 25285.51250 25174.16850 25520.07700 25410.79500 25299.45100 25169.74400 25057.65800 24943.44350 25292.80900 25180.72300 25066.50850 25418.09150 25306.00550 25191.79100
25389.37200 25280.09000 25168.74600 25515.78200 25406.50000 25295.15600 25644.44850 25535.16650 25423.82250 25287.38650 25175.30050 25061.08600 25413.79650 25301.71050 25187.49600 25542.46300 25430.37700 25316.16250 25182.38200 25067.48400 24950.39700 25308.79200 25193.89400 25076.80700 25437.45850 25322.56050 25205.47350
25408.52550 25296.43950 25182.22500 25538.28500 25426.19900 25311.98450 25670.33550 25558.24950 25444.03500 25303.52100 25188.62300 25071.53600 25433.28050 25318.38250 25201.29550 25565.33100 25450.43300 25333.34600 25195.50150 25077.78450 24957.82300 25325.26100 25207.54400 25087.58250 25457.31150 25339.59450 25219.63300
25428.15250 25313.25450 25196.16750 25561.26400 25446.36600 25329.27900 25696.69900 25581.80100 25464.71400 25320.13300 25202.41600 25082.45450 25453.24450 25335.52750 25215.56600 25588.67950 25470.96250 25351.00100 25209.10300 25088.56200 24965.72450 25342.21450 25221.67350 25098.83600 25477.64950 25357.10850 25234.27100
25448.25250 25330.53550 25210.57400 25584.71850 25467.00150 25347.04000 25723.53750 25605.82050 25485.85900 25337.22250 25216.68150 25093.84400 25473.68850 25353.14750 25230.31000 25612.50750 25491.96650 25369.12900 25223.18550 25099.81650 24974.10300 25359.65150 25236.28250 25110.56900 25498.47050 25375.10150 25249.38800
25468.82500 25348.28400 25225.44650 25608.64700 25488.10600 25365.26850 25750.84800 25630.30700 25507.46950 25354.78800 25231.41900 25105.70550 25494.61000 25371.24100 25245.52750 25636.81100 25513.44200 25387.72850 25237.75000 25111.54900 24982.95950 25377.57200 25251.37100 25122.78150 25519.77300 25393.57200 25264.98250
25489.86750 25366.49850 25240.78500 25633.04650 25509.67750 25383.96400 25778.62900 25655.26000 25529.54650 25372.82950 25246.62850 25118.03900 25516.00850 25389.80750 25261.21800 25661.59100 25535.39000 25406.80050 25252.79500 25123.75850 24992.29400 25395.97400 25266.93750 25135.47300 25541.55650 25412.52000 25281.05550
25511.38250 25385.18150 25256.59200 25657.91900 25531.71800 25403.12850 25806.88050 25680.67950 25552.09000 25391.34800 25262.31150 25130.84700 25537.88450 25408.84800 25277.38350 25686.84600 25557.80950 25426.34500 25268.32150 25136.44850 25002.10900 25414.85800 25282.98500 25148.64550 25563.81950 25431.94650 25297.60700
25533.36800 25404.33150 25272.86700 25683.26150 25554.22500 25422.76050 25835.60000 25706.56350 25575.09900 25410.34150 25278.46850 25144.12900 25560.23500 25428.36200 25294.02250 25712.57350 25580.70050 25446.36100 25284.32900 25149.61750 25012.40500 25434.22250 25299.51100 25162.29850 25586.56100 25451.84950 25314.63700
25555.82350 25423.95050 25289.61100 25709.07300 25577.20000 25442.86050 25864.78600 25732.91300 25598.57350 25429.81100 25295.09950 25157.88700 25583.06050 25448.34900 25311.13650 25738.77350 25604.06200 25466.84950 25300.81750 25163.26650 25023.18300 25454.06700 25316.51600 25176.43250 25609.78000 25472.22900 25332.14550
25578.74900 25444.03750 25306.82500 25735.35350 25600.64200 25463.42950 25894.43750 25759.72600 25622.51350 25449.75550 25312.20450 25172.12100 25606.36000 25468.80900 25328.72550 25765.44400 25627.89300 25487.80950 25317.78700 25177.39650 25034.44400 25474.39150 25334.00100 25191.04850 25633.47550 25493.08500 25350.13250
25602.14350 25464.59250 25324.50900 25762.10100 25624.55000 25484.46650 25924.55300 25787.00200 25646.91850 25470.17500 25329.78450 25186.83200 25630.13250 25489.74200 25346.78950 25792.58450 25652.19400 25509.24150 25335.23700 25192.00750 25046.18850 25495.19450 25351.96500 25206.14600 25657.64650 25514.41700 25368.59800
25626.00700 25485.61650 25342.66400 25789.31550 25648.92500 25505.97250 25955.13200 25814.74150 25671.78900 25491.06900 25347.83950 25202.02050 25654.37750 25511.14800 25365.32900 25820.19400 25676.96450 25531.14550 25353.16750 25207.10000 25058.41750 25516.47600 25370.40850 25221.72600 25682.29250 25536.22500 25387.54250
25650.33900 25507.10950 25361.29050 25816.99550 25673.76600 25527.94700 25986.17200 25842.94250 25697.12350 25512.43750 25366.37000 25217.68750 25679.09400 25533.02650 25384.34400 25848.27050 25702.20300 25553.52050 25371.57900 25222.67500 25071.13200 25538.23550 25389.33150 25237.78850 25707.41200 25558.50800 25406.96500
25675.13900 25529.07150 25380.38900 25845.14000 25699.07250 25550.39000 26017.67250 25871.60500 25722.92250 25534.28050 25385.37650 25233.83350 25704.28150 25555.37750 25403.83450 25876.81400 25727.91000 25576.36700 25390.47150 25238.73200 25084.33250 25560.47250 25408.73300 25254.33350 25733.00500 25581.26550 25426.86600
25700.40650 25551.50250 25399.95950 25873.74950 25724.84550 25573.30250 26049.63300 25900.72900 25749.18600 25556.59750 25404.85800 25250.45850 25729.94050 25578.20100 25423.80150 25905.82400 25754.08450 25599.68500 25409.84400 25255.27150 25098.01950 25583.18700 25428.61450 25271.36250 25759.07050 25604.49800 25447.24600
25726.14150 25574.40200 25420.00250 25902.82250 25751.08300 25596.68350 26082.05250 25930.31300 25775.91350 25579.38800 25424.81550 25267.56350 25756.06900 25601.49650 25444.24450 25935.29900 25780.72650 25623.47450 25429.69600 25272.29350 25112.19350 25606.37700 25448.97450 25288.87450 25785.60700 25628.20450 25468.10450
25752.34350 25597.77100 25440.51900 25932.35800 25777.78550 25620.53350 26114.92850 25960.35600 25803.10400 25602.65150 25445.24900 25285.14900 25782.66600 25625.26350 25465.16350 25965.23650 25807.83400 25647.73400 25450.02950 25289.79950 25126.85600 25630.04400 25469.81400 25306.87050 25812.61450 25652.38450 25489.44100
25779.01100 25621.60850 25461.50850 25962.35450 25804.95200 25644.85200 26148.26150 25990.85900 25830.75900 25626.38900 25466.15900 25303.21550 25809.73250 25649.50250 25486.55900 25995.63950 25835.40950 25672.46600 25470.84300 25307.78950 25142.00650 25654.18650 25491.13300 25325.35000 25840.09350 25677.04000 25511.25700
25806.14550 25645.91550 25482.97200 25992.81350 25832.58350 25669.64000 26182.05000 26021.82000 25858.87650 25650.59950 25487.54600 25321.76300 25837.26750 25674.21400 25508.43100 26026.50400 25863.45050 25697.66750 25492.13650 25326.26300 25157.64650 25678.80450 25512.93100 25344.31450 25868.04100 25702.16750 25533.55100
25833.74550 25670.69200 25504.90900 26023.73300 25860.67950 25694.89650 26216.29300 26053.23950 25887.45650 25675.28250 25509.40900 25340.79250 25865.27000 25699.39650 25530.78000 26057.83000 25891.95650 25723.34000 25513.91000 25345.22050 25173.77600 25703.89750 25535.20800 25363.76350 25896.45750 25727.76800 25556.32350
25861.81050 25695.93700 25527.32050 26055.11150 25889.23800 25720.62150 26250.99000 26085.11650 25916.50000 25700.43800 25531.74850 25360.30400 25893.73900 25725.04950 25553.60500 26089.61750 25920.92800 25749.48350 25536.16350 25364.66300 25190.39550 25729.46450 25557.96400 25383.69650 25925.34300 25753.84250 25579.57500
25890.34000 25721.65050 25550.20600 26086.94950 25918.26000 25746.81550 26286.13950 26117.45000 25946.00550 25726.06550 25554.56500 25380.29750 25922.67500 25751.17450 25576.90700 26121.86500 25950.36450 25776.09700 25558.89650 25384.58950 25207.50450 25755.50600 25581.19900 25404.11400 25954.69600 25780.38900 25603.30400
25919.33400 25747.83350 25573.56600 26119.24600 25947.74550 25773.47800 26321.74100 26150.24050 25975.97300 25752.16500 25577.85800 25400.77300 25952.07700 25777.77000 25600.68500 26154.57200 25980.26500 25803.18000 25582.10950 25405.00050 25225.10550 25782.02150 25604.91250 25425.01750 25984.51650 25807.40750 25627.51250
25948.79250 25774.48550 25597.40050 26152.00000 25977.69300 25800.60800 26357.79300 26183.48600 26006.40100 25778.73700 25601.62800 25421.73300 25981.94450 25804.83550 25624.94050 26187.73750 26010.62850 25830.73350 25605.80250 25425.89750 25243.19750 25809.01000 25629.10500 25446.40500 26014.80300 25834.89800 25652.19800
25978.71450 25801.60550 25621.71050 26185.21200 26008.10300 25828.20800 26394.29500 26217.18600 26037.29100 25805.78000 25625.87500 25443.17500 26012.27750 25832.37250 25649.67250 26221.36050 26041.45550 25858.75550 25629.97450 25447.27950 25261.78200 25836.47200 25653.77700 25468.27950 26045.55500 25862.86000 25677.36250
26009.09950 25829.19450 25646.49450 26218.87950 26038.97450 25856.27450 26431.24650 26251.34150 26068.64150 25833.29400 25650.59900 25465.10150 26043.07400 25860.37900 25674.88150 26255.44100 26072.74600 25887.24850 25654.62650 25469.14700 25280.85800 25864.40650 25678.92700 25490.63800 26076.77350 25891.29400 25703.00500
26039.94650 25857.25150 25671.75400 26253.00300 26070.30800 25884.81050 26468.64600 26285.95100 26100.45350 25861.27900 25675.79950 25487.51050 26074.33550 25888.85600 25700.56700 26289.97850 26104.49900 25916.21000 25679.75700 25491.49900 25300.42600 25892.81350 25704.55550 25513.48250 26108.45650 25920.19850 25729.12550
26071.25650 25885.77700 25697.48800 26287.58200 26102.10250 25913.81350 26506.49350 26321.01400 26132.72500 25889.73450 25701.47650 25510.40350 26106.06000 25917.80200 25726.72900 26324.97150 26136.71350 25945.64050 25705.36700 25514.33750 25320.48750 25921.69250 25730.66300 25536.81300 26140.60400 25949.57450 25755.72450
26103.02850 25914.77050 25723.69750 26322.61550 26134.35750 25943.28450 26544.78700 26356.52900 26165.45600 25918.66100 25727.63150 25533.78150 26138.24800 25947.21850 25753.36850 26360.41950 26169.39000 25975.54000 25731.45650 25537.66200 25341.04250 25951.04350 25757.24900 25560.62950 26173.21500 25979.42050 25782.80100
26135.26200 25944.23250 25750.38250 26358.10300 26167.07350 25973.22350 26583.52650 26392.49700 26198.64700 25948.05750 25754.26300 25557.64350 26170.89850 25977.10400 25780.48450 26396.32200 26202.52750 26005.90800 25758.02450 25561.47200 25362.09100 25980.86550 25784.31300 25584.93200 26206.28900 26009.73650 25810.35550
26167.95700 25974.16250 25777.54300 26394.04350 26200.24900 26003.62950 26622.71150 26428.91700 26232.29750 25977.92400 25781.37150 25581.99050 26204.01050 26007.45800 25808.07700 26432.67850 26236.12600 26036.74500 25785.07250 25585.76850 25383.63400 26011.15900 25811.85500 25609.72050 26239.82700 26040.52300 25838.38850
26201.11150 26004.55900 25805.17800 26430.43650 26233.88400 26034.50300 26662.33950 26465.78700 26266.40600 26008.26000 25808.95600 25606.82150 26237.58500 26038.28100 25836.14650 26469.48800 26270.18400 26068.04950 25812.59750 25610.55000 25405.67000 26041.92250 25839.87500 25634.99500 26273.82550 26071.77800 25866.89800
26234.72800 26035.42400 25833.28950 26467.28250 26267.97850 26065.84400 26702.41250 26503.10850 26300.97400 26039.06550 25837.01800 25632.13800 26271.62000 26069.57250 25864.69250 26506.75000 26304.70250 26099.82250 25840.60250 25635.81950 25428.20200 26073.15700 25868.37400 25660.75650 26308.28700 26103.50400 25895.88650
26268.80350 26066.75600 25861.87600 26504.57900 26302.53150 26097.65150 26742.92650 26540.87900 26335.99900 26070.34050 25865.55750 25657.94000 26306.11600 26101.33300 25893.71550 26544.46350 26339.68050 26132.06300 25869.08600 25661.57500 25451.22850 26104.86150 25897.35050 25687.00400 26343.20900 26135.69800 25925.35150
26303.33800 26098.55500 25890.93750 26542.32700 26337.54400 26129.92650 26783.88300 26579.10000 26371.48250 26102.08350 25894.57250 25684.22600 26341.07250 26133.56150 25923.21500 26582.62850 26375.11750 26164.77100 25898.04700 25687.81650 25474.74950 26137.03600 25926.80550 25713.73850 26378.59200 26168.36150 25955.29450
26338.33250 26130.82150 25920.47500 26580.52450 26373.01350 26162.66700 26825.27950 26617.76850 26407.42200 26134.29600 25924.06550 25710.99850 26376.48800 26166.25750 25953.19050 26621.24300 26411.01250 26197.94550 25927.48750 25714.54500 25498.76750 26169.67950 25956.73700 25740.95950 26414.43450 26201.49200 25985.71450
26373.78450 26163.55400 25950.48700 26619.17150 26408.94100 26195.87400 26867.11700 26656.88650 26443.81950 26166.97600 25954.03350 25738.25600 26412.36300 26199.42050 25983.64300 26660.30850 26447.36600 26231.58850 25957.40500 25741.75950 25523.27900 26202.79200 25987.14650 25768.66600 26450.73750 26235.09200 26016.61150
26409.69550 26196.75300 25980.97550 26658.26750 26445.32500 26229.54750 26909.39350 26696.45100 26480.67350 26200.12450 25984.47900 25765.99850 26448.69650 26233.05100 26014.57050 26699.82250 26484.17700 26265.69650 25987.80100 25769.46150 25548.28850 26236.37300 26018.03350 25796.86050 26487.49900 26269.15950 26047.98650
26446.06400 26230.41850 26011.93800 26697.81200 26482.16650 26263.68600 26952.10850 26736.46300 26517.98250 26233.74050 26015.40100 25794.22800 26485.48850 26267.14900 26045.97600 26739.78500 26521.44550 26300.27250 26018.67550 25797.64950 25573.79300 26270.42350 26049.39750 25825.54100 26524.72000 26303.69400 26079.83750
26482.89000 26264.55050 26043.37750 26737.80400 26519.46450 26298.29150 26995.26100 26776.92150 26555.74850 26267.82500 26046.79900 25822.94250 26522.73900 26301.71300 26077.85650 26780.19600 26559.17000 26335.31350 26050.02700 25826.32550 25599.79450 26304.94100 26081.23950 25854.70850 26562.39800 26338.69650 26112.16550
26520.17300 26299.14700 26075.29050 26778.24400 26557.21800 26333.36150 27038.85100 26817.82500 26593.96850 26302.37500 26078.67350 25852.14250 26560.44600 26336.74450 26110.21350 26821.05300 26597.35150 26370.82050 26081.85600 25855.48750 25626.29250 26339.92700 26113.55850 25884.36350 26600.53400 26374.16550 26144.97050
26557.91150 26334.21000 26107.67900 26819.12900 26595.42750 26368.89650 27082.87650 26859.17500 26632.64400 26337.39250 26111.02400 25881.82900 26598.61000 26372.24150 26143.04650 26862.35750 26635.98900 26406.79400 26114.16250 25885.13650 25653.28700 26375.38000 26146.35400 25914.50450 26639.12750 26410.10150 26178.25200
26596.10700 26369.73850 26140.54350 26860.46100 26634.09250 26404.89750 27127.33750 26900.96900 26671.77400 26372.87700 26143.85100 25912.00150 26637.23100 26408.20500 26176.35550 26904.10750 26675.08150 26443.23200 26146.94650 25915.27300 25680.77950 26411.30050 26179.62700 25945.13350 26678.17700 26446.50350 26212.01000
26634.75800 26405.73200 26173.88250 26902.23750 26673.21150 26441.36200 27172.23300 26943.20700 26711.35750 26408.82750 26177.15400 25942.66050 26676.30700 26444.63350 26210.14000 26946.30250 26714.62900 26480.13550 26180.20800 25945.89600 25708.76900 26447.68750 26213.37550 25976.24850 26717.68300 26483.37100 26246.24400
26673.86350 26442.19000 26207.69650 26944.45850 26712.78500 26478.29150 27217.56200 26985.88850 26751.39500 26445.24400 26210.93200 25973.80500 26715.83900 26481.52700 26244.40000 26988.94250 26754.63050 26517.50350 26213.94550 25977.00650 25737.25650 26484.54050 26247.60150 26007.85150 26757.64400 26520.70500 26280.95500
26713.42450 26479.11250 26241.98550 26987.12350 26752.81150 26515.68450 27263.32400 27029.01200 26791.88500 26482.12600 26245.18700 26005.43700 26755.82500 26518.88600 26279.13600 27032.02550 26795.08650 26555.33650 26248.16100 26008.60450 25766.24150 26521.86000 26282.30350 26039.94050 26798.06050 26558.50400 26316.14100
26753.43850 26516.49950 26276.74950 27030.23200 26793.29300 26553.54300 27309.51750 27072.57850 26832.82850 26519.47350 26279.91700 26037.55400 26796.26700 26556.71050 26314.34750 27075.55250 26835.99600 26593.63300 26282.85200 26040.68850 25795.72400 26559.64550 26317.48200 26072.51750 26838.93100 26596.76750 26351.80300
26793.90750 26554.35100 26311.98800 27073.78300 26834.22650 26591.86350 27356.14300 27116.58650 26874.22350 26557.28600 26315.12250 26070.15800 26837.16150 26594.99800 26350.03350 27119.52150 26877.35800 26632.39350 26318.02000 26073.26100 25825.70500 26597.89550 26353.13650 26105.58050 26880.25550 26635.49650 26387.94050
26834.82850 26592.66500 26347.70050 27117.77550 26875.61200 26630.64750 27403.19850 27161.03500 26916.07050 26595.56250 26350.80350 26103.24750 26878.50950 26633.75050 26386.19450 27163.93250 26919.17350 26671.61750 26353.66450 26106.31900 25856.18400 26636.61150 26389.26600 26139.13100 26922.03450 26674.68900 26424.55400
26876.20300 26631.44400 26383.88800 27162.20950 26917.45050 26669.89450 27450.68400 27205.92500 26958.36900 26634.30500 26386.95950 26136.82450 26920.31150 26672.96600 26422.83100 27208.78600 26961.44050 26711.30550 26389.78500 26139.86550 25887.16200 26675.79150 26425.87200 26173.16850 26964.26600 26714.34650 26461.64300
26918.03000 26670.68450 26420.54950 27207.08550 26959.74000 26709.60500 27498.59900 27251.25350 27001.11850 26673.51000 26423.59050 26170.88700 26962.56550 26712.64600 26459.94250 27254.07900 27004.15950 26751.45600 26426.38150 26173.89850 25918.63850 26715.43700 26462.95400 26207.69400 27006.95050 26754.46750 26499.20750
26960.30800 26710.38850 26457.68500 27252.40000 27002.48050 26749.77700 27546.94050 27297.02100 27044.31750 26713.17950 26460.69650 26205.43650 27005.27150 26752.78850 26497.52850 27299.81200 27047.32900 26792.06900 26463.45300 26208.41800 25950.61300 26755.54500 26500.51000 26242.70500 27050.08550 26795.05050 26537.24550
27003.03900 26750.55600 26495.29600 27298.15500 27045.67200 26790.41200 27595.71100 27343.22800 27087.96800 26753.31250 26498.27750 26240.47250 27048.42850 26793.39350 26535.58850 27345.98450 27090.94950 26833.14450 26501.00100 26243.42600 25983.08750 26796.11700 26538.54200 26278.20350 27093.67300 26836.09800 26575.75950
27046.21900 26791.18400 26533.37900 27344.34800 27089.31300 26831.50800 27644.90650 27389.87150 27132.06650 26793.90750 26536.33250 26275.99400 27092.03650 26834.46150 26574.12300 27392.59500 27135.02000 26874.68150 26539.02400 26278.91950 26016.06000 26837.15300 26577.04850 26314.18900 27137.71150 26877.60700 26614.74750
27089.85000 26832.27500 26571.93650 27390.97950 27133.40450 26873.06600 27694.52800 27436.95300 27176.61450 26834.96650 26574.86200 26312.00250 27136.09600 26875.99150 26613.13200 27439.64450 27179.54000 26916.68050 26577.52200 26314.90100 26049.53250 26878.65150 26616.03050 26350.66200 27182.20000 26919.57900 26654.21050
27133.93200 26873.82750 26610.96800 27438.04850 27177.94400 26915.08450 27744.57500 27484.47050 27221.61100 26876.48750 26613.86650 26348.49800 27180.60400 26917.98300 26652.61450 27487.13050 27224.50950 26959.14100 26616.49600 26351.37000 26083.50450 26920.61250 26655.48650 26387.62100 27227.13900 26962.01300 26694.14750
27178.46250 26915.84150 26650.47300 27485.55450 27222.93350 26957.56500 27795.04450 27532.42350 27267.05500 26918.47100 26653.34500 26385.47950 27225.56300 26960.43700 26692.57150 27535.05300 27269.92700 27002.06150 26655.94400 26388.32550 26117.97600 26963.03600 26695.41750 26425.06800 27272.52600 27004.90750 26734.55800
27223.44250 26958.31650 26690.45100 27533.49650 27268.37050 27000.50500 27845.93900 27580.81300 27312.94750 26960.91550 26693.29700 26422.94750 27270.96950 27003.35100 26733.00150 27583.41200 27315.79350 27045.44400 26695.86650 26425.76800 26152.94650 27005.92050 26735.82200 26463.00050 27318.36300 27048.26450 26775.44300
27268.87000 27001.25150 26730.90200 27581.87400 27314.25550 27043.90600 27897.25450 27629.63600 27359.28650 27003.82100 26733.72250 26460.90100 27316.82500 27046.72650 26773.90500 27632.20550 27362.10700 27089.28550 26736.26350 26463.69650 26188.41700 27049.26750 26776.70050 26501.42100 27364.64800 27092.08100 26816.80150
27314.74600 27044.64750 26771.82600 27630.68650 27360.58800 27087.76650 27948.99250 27678.89400 27406.07250 27047.18850 26774.62150 26499.34200 27363.12900 27090.56200 26815.28250 27681.43500 27408.86800 27133.58850 26777.13500 26502.11300 26224.38750 27093.07550 26818.05350 26540.32800 27411.38150 27136.35950 26858.63400
27361.07000 27088.50300 26813.22350 27679.93300 27407.36600 27132.08650 28001.15050 27728.58350 27453.30400 27091.01650 26815.99450 26538.26900 27409.87950 27134.85750 26857.13200 27731.09700 27456.07500 27178.34950 26818.48050 26541.01600 26260.85800 27137.34350 26859.87900 26579.72100 27458.56100 27181.09650 26900.93850
27407.84000 27132.81800 26855.09250 27729.61300 27454.59100 27176.86550 28053.72900 27778.70700 27500.98150 27135.30400 26857.83950 26577.68150 27457.07700 27179.61250 26899.45450 27781.19300 27503.72850 27223.57050 26860.29900 26580.40550 26297.82800 27182.07200 26902.17850 26619.60100 27506.18800 27226.29450 26943.71700
27455.05700 27177.59250 26897.43450 27779.72650 27502.26200 27222.10400 28106.72600 27829.26150 27549.10350 27180.05200 26900.15850 26617.58100 27504.72150 27224.82800 26942.25050 27831.72100 27551.82750 27269.25000 26902.59150 26620.28200 26335.29850 27227.26100 26944.95150 26659.96800 27554.26050 27271.95100 26986.96750
27502.71950 27222.82600 26940.24850 27830.27150 27550.37800 27267.80050 28160.14200 27880.24850 27597.67100 27225.25900 26942.94950 26657.96600 27552.81100 27270.50150 26985.51800 27882.68150 27600.37200 27315.38850 26945.35750 26660.64500 26373.26950 27272.90950 26988.19700 26700.82150 27602.78000 27318.06750 27030.69200
27550.82800 27268.51850 26983.53500 27881.24850 27598.93900 27313.95550 28213.97450 27931.66500 27646.68150 27270.92650 26986.21400 26698.83850 27601.34700 27316.63450 27029.25900 27934.07300 27649.36050 27361.98500 26988.59650 26701.49500 26411.74100 27319.01700 27031.91550 26742.16150 27651.74300 27364.64150 27074.88750
27599.38100 27314.66850 27027.29300 27932.65600 27647.94350 27360.56800 28268.22450 27983.51200 27696.13650 27317.05100 27029.94950 26740.19550 27650.32600 27363.22450 27073.47050 27985.89450 27698.79300 27409.03900 27032.30750 26742.83100 26450.71150 27365.58250 27076.10600 26783.98650 27701.15100 27411.67450 27119.55500
27648.37800 27361.27650 27071.52250 27984.49350 27697.39200 27407.63800 28322.88900 28035.78750 27746.03350 27363.63450 27074.15800 26782.03850 27699.75000 27410.27350 27118.15400 28038.14550 27748.66900 27456.54950 27076.49250 26784.65350 26490.18350 27412.60800 27120.76900 26826.29900 27751.00350 27459.16450 27164.69450
27697.81950 27408.34300 27116.22350 28036.76000 27747.28350 27455.16400 28377.96900 28088.49250 27796.37300 27410.67750 27118.83850 26824.36850 27749.61800 27457.77900 27163.30900 28090.82700 27798.98800 27504.51800 27121.14950 26826.96250 26530.15650 27460.09000 27165.90300 26869.09700 27801.29900 27507.11200 27210.30600
27747.70500 27455.86600 27161.39600 28089.45700 27797.61800 27503.14800 28433.46400 28141.62500 27847.15500 27458.17700 27163.99000 26867.18400 27799.92900 27505.74200 27208.93600 28143.93600 27849.74900 27552.94300 27166.27800 26869.75850 26570.63000 27508.03000 27211.51050 26912.38200 27852.03700 27555.51750 27256.38900
27798.03200 27503.84500 27207.03900 28142.58100 27848.39400 27551.58800 28489.37150 28195.18450 27898.37850 27506.13300 27209.61350 26910.48500 27850.68200 27554.16250 27255.03400 28197.47250 27900.95300 27601.82450 27211.87900 26913.03950 26611.60350 27556.42800 27257.58850 26956.15250 27903.21850 27604.37900 27302.94300
27848.80100 27552.28150 27253.15300 28196.13200 27899.61250 27600.48400 28545.69000 28249.17050 27950.04200 27554.54700 27255.70750 26954.27150 27901.87800 27603.03850 27301.60250 28251.43600 27952.59650 27651.16050 27257.95100 26956.80650 26653.07800 27605.28200 27304.13750 27000.40900 27954.84000 27653.69550 27349.96700
27900.01250 27601.17300 27299.73700 28250.11050 27951.27100 27649.83500 28602.42200 28303.58250 28002.14650 27603.41650 27302.27200 26998.54350 27953.51450 27652.37000 27348.64150 28305.82600 28004.68150 27700.95300 27304.49450 27001.06000 26695.05350 27654.59250 27351.15800 27045.15150 28006.90400 27703.46950 27397.46300
27951.66500 27650.52050 27346.79200 28304.51400 28003.36950 27699.64100 28659.56300 28358.41850 28054.69000 27652.74300 27349.30850 27043.30200 28005.59200 27702.15750 27396.15100 28360.64100 28057.20650 27751.20000 27351.51000 27045.79950 26737.53000 27704.35900 27398.64850 27090.37900 28059.40800 27753.69750 27445.42800
28003.75800 27700.32350 27394.31700 28359.34350 28055.90900 27749.90250 28717.11500 28413.68050 28107.67400 27702.52500 27396.81450 27088.54500 28058.11050 27752.40000 27444.13050 28415.88200 28110.17150 27801.90200 27398.99550 27091.02450 26780.50700 27754.58100 27446.61000 27136.09250 28112.35250 27804.38150 27493.86400
28056.29100 27750.58050 27442.31100 28414.59750 28108.88700 27800.61750 28775.07550 28469.36500 28161.09550 27752.76150 27444.79050 27134.27300 28111.06800 27803.09700 27492.57950 28471.54600 28163.57500 27853.05750 27446.95100 27136.73500 26823.98500 27805.25750 27495.04150 27182.29150 28165.73550 27855.51950 27542.76950
28109.26350 27801.29250 27490.77500 28470.27550 28162.30450 27851.78700 28833.44400 28525.47300 28214.95550 27803.45300 27493.23700 27180.48700 28164.46500 27854.24900 27541.49900 28527.63350 28217.41750 27904.66750 27495.37800 27182.93150 26867.96450 27856.39000 27543.94350 27228.97650 28219.55850 27907.11200 27592.14500
28162.67450 27852.45850 27539.70850 28526.37600 28216.16000 27903.41000 28892.21900 28582.00300 28269.25300 27854.59950 27542.15300 27227.18600 28218.30100 27905.85450 27590.88750 28584.14400 28271.69750 27956.73050 27544.27400 27229.61300 26912.44450 27907.97550 27593.31450 27276.14600 28273.81850 27959.15750 27641.98900
28216.52450 27904.07800 27589.11100 28582.89950 28270.45300 27955.48600 28951.40100 28638.95450 28323.98750 27906.19900 27591.53800 27274.36950 28272.57400 27957.91300 27640.74450 28641.07550 28326.41450 28009.24600 27593.64050 27276.78000 26957.42600 27960.01550 27643.15500 27323.80100 28328.51700 28011.65650 27692.30250
28270.81150 27956.15050 27638.98200 28639.84400 28325.18300 28008.01450 29010.98850 28696.32750 28379.15900 27958.25300 27641.39250 27322.03850 28327.28550 28010.42500 27691.07100 28698.43000 28381.56950 28062.21550 27643.47650 27324.43250 27002.90800 28012.50900 27693.46500 27371.94050 28383.65350 28064.60950 27743.08500
28325.53600 28008.67550 27689.32150 28697.20950 28380.34900 28060.99500 29070.98000 28754.11950 28434.76550 28010.75950 27691.71550 27370.19100 28382.43300 28063.38900 27741.86450 28756.20350 28437.15950 28115.63500 27693.78050 27372.56900 27048.89100 28065.45400 27744.24250 27420.56450 28439.22450 28118.01300 27794.33500
28380.69800 28061.65400 27740.12950 28754.99600 28435.95200 28114.42750 29131.37600 28812.33200 28490.80750 28063.71900 27742.50750 27418.82950 28438.01700 28116.80550 27793.12750 28814.39700 28493.18550 28169.50750 27744.55550 27421.19150 27095.37600 28118.85350 27795.48950 27469.67400 28495.23350 28171.86950 27846.05400
28436.29500 28115.08350 27791.40550 28813.20100 28491.98950 28168.31150 29192.17350 28870.96200 28547.28400 28117.13150 27793.76750 27467.95200 28494.03750 28170.67350 27844.85800 28873.01000 28549.64600 28223.83050 27795.79750 27470.29850 27142.36150 28172.70350 27847.20450 27519.26750 28551.67600 28226.17700 27898.24000
28492.32800 28168.96400 27843.14850 28871.82600 28548.46200 28222.64650 29253.37400 28930.01000 28604.19450 28170.99400 27845.49500 27517.55800 28550.49200 28224.99300 27897.05600 28932.04000 28606.54100 28278.60400 27847.50850 27519.88950 27189.84800 28227.00650 27899.38750 27569.34600 28608.55450 28280.93550 27950.89400
28548.79500 28223.29600 27895.35900 28930.86800 28605.36900 28277.43200 29314.97450 28989.47550 28661.53850 28225.30950 27897.69050 27567.64900 28607.38250 28279.76350 27949.72200 28991.48900 28663.87000 28333.82850 27899.68700 27569.96550 27237.83550 28281.76000 27952.03850 27619.90850 28665.86650 28336.14500 28004.01500
28605.69750 28278.07850 27948.03700 28990.32800 28662.70900 28332.66750 29376.97650 29049.35750 28719.31600 28280.07500 27950.35350 27618.22350 28664.70550 28334.98400 28002.85400 29051.35400 28721.63250 28389.50250 27952.33350 27620.52550 27286.32450 28336.96400 28005.15600 27670.95500 28723.61250 28391.80450 28057.60350
28663.03250 28333.31100 28001.18100 29050.20400 28720.48250 28388.35250 29439.37650 29109.65500 28777.52500 28335.29100 28003.48300 27669.28200 28722.46250 28390.65450 28056.45350 29111.63500 28779.82700 28445.62600 28005.44650 27671.56950 27335.31400 28392.61800 28058.74100 27722.48550 28781.79050 28447.91350 28111.65800
28720.80150 28388.99350 28054.79250 29110.49600 28778.68800 28444.48700 29502.17500 29170.36700 28836.16600 28390.95700 28057.08000 27720.82450 28780.65150 28446.77450 28110.51900 29172.33050 28838.45350 28502.19800 28059.02750 27723.09800 27384.80550 28448.72200 28112.79250 27774.50000 28840.40100 28504.47150 28166.17900
28779.00250 28445.12550 28108.87000 29171.20200 28837.32500 28501.06950 29565.37100 29231.49400 28895.23850 28447.07300 28111.14350 27772.85100 28839.27250 28503.34300 28165.05050 29233.44150 28897.51200 28559.21950 28113.07600 27775.11050 27434.79800 28505.27550 28167.31000 27826.99750 28899.44450 28561.47900 28221.16650
28837.63550 28501.70600 28163.41350 29232.32300 28896.39350 28558.10100 29628.96300 29293.03350 28954.74100 28503.63850 28165.67300 27825.36050 28898.32600 28560.36050 28220.04800 29294.96600 28957.00050 28616.68800 28167.59000 27827.60650 27485.29100 28562.27750 28222.29400 27879.97850 28958.91750 28618.93400 28276.61850
28896.70050 28558.73500 28218.42250 29293.85850 28955.89300 28615.58050 29692.95150 29354.98600 29014.67350 28560.65200 28220.66850 27878.35300 28957.81000 28617.82650 28275.51100 29356.90300 29016.91950 28674.60400 28222.57050 27880.58600 27536.28550 28619.72850 28277.74400 27933.44350 29018.82150 28676.83700 28332.53650
28956.19550 28616.21200 28273.89650 29355.80600 29015.82250 28673.50700 29757.33400 29417.35050 29075.03500 28618.11400 28276.12950 27931.82900 29017.72450 28675.74000 28331.43950 29419.25250 29077.26800 28732.96750 28278.01700 27934.04850 27587.78100 28677.62750 28333.65900 27987.39150 29079.15550 28735.18700 28388.91950
29016.12050 28674.13600 28329.83550 29418.16500 29076.18050 28731.88000 29822.11050 29480.12600 29135.82550 28676.02350 28332.05500 27985.78750 29078.06800 28734.09950 28387.83200 29482.01350 29138.04500 28791.77750 28333.92850 27987.99450 27639.77700 28735.97300 28390.03900 28041.82150 29139.91850 28793.98450 28445.76700
29076.47500 28732.50650 28386.23900 29480.93550 29136.96700 28790.69950 29887.28000 29543.31150 29197.04400 28734.38000 28388.44600 28040.22850 29138.84050 28792.90650 28444.68900 29545.18500 29199.25100 28851.03350 28390.30500 28042.42300 27692.27400 28794.76550 28446.88350 28096.73450 29201.11000 28853.22800 28503.07900
29137.25750 28791.32350 28443.10600 29544.11700 29198.18300 28849.96550 29952.84050 29606.90650 29258.68900 28793.18250 28445.30050 28095.15150 29200.04200 28852.16000 28502.01100 29608.76550 29260.88350 28910.73450 28447.14600 28097.33350 27745.27200 28854.00550 28504.19300 28152.13150 29262.72900 28912.91650 28560.85500
29198.46900 28850.58700 28500.43800 29607.70700 29259.82500 28909.67600 30018.79250 29670.91050 29320.76150 28852.43250 28502.62000 28150.55850 29261.67050 28911.85800 28559.79650 29672.75600 29322.94350 28970.88200 28504.45200 28152.72800 27798.77100 28913.69000 28561.96600 28208.00900 29324.77550 28973.05150 28619.09450
29260.10800 28910.29550 28558.23400 29671.70700 29321.89450 28969.83300 30085.13450 29735.32200 29383.26050 28912.12750 28560.40350 28206.44650 29323.72650 28972.00250 28618.04550 29737.15400 29385.43000 29031.47300 28562.22200 28208.60450 27852.77050 28973.82100 28620.20350 28264.36950 29387.24850 29033.63100 28677.79700
29322.17400 28970.45000 28616.49300 29736.11400 29384.39000 29030.43300 30151.86500 29800.14100 29446.18400 28972.26850 28618.65100 28262.81700 29386.20850 29032.59100 28676.75700 29801.95950 29448.34200 29092.50800 28620.45650 28264.96300 27907.27150 29034.39650 28678.90300 28321.21150 29450.14750 29094.65400 28736.96250
29384.66600 29031.04850 28675.21450 29800.92900 29447.31150 29091.47750 30218.98400 29865.36650 29509.53250 29032.85400 28677.36050 28319.66900 29449.11700 29093.62350 28735.93200 29867.17200 29511.67850 29153.98700 28679.15350 28321.80350 27962.27200 29095.41650 28738.06650 28378.53500 29513.47150 29156.12150 28796.59000
29447.58400 29092.09050 28734.39900 29866.15000 29510.65650 29152.96500 30286.49050 29930.99700 29573.30550 29093.88350 28736.53350 28377.00200 29512.44950 29155.09950 28795.56800 29932.79000 29575.44000 29215.90850 28738.31350 28379.12600 28017.77400 29156.87950 28797.69200 28436.34000 29577.22000 29218.03250 28856.68050
29510.92650 29153.57650 28794.04500 29931.77750 29574.42750 29214.89600 30354.38300 29997.03300 29637.50150 29155.35650 28796.16900 28434.81700 29576.20750 29217.02000 28855.66800 29998.81300 29639.62550 29278.27350 28797.93700 28436.93000 28073.77700 29218.78800 28857.78100 28494.62800 29641.39350 29280.38650 28917.23350
29574.69300 29215.50550 28854.15350 29997.80850 29638.62100 29277.26900 30422.66000 30063.47250 29702.12050 29217.27350 28856.26650 28493.11350 29640.38900 29279.38200 28916.22900 30065.24050 29704.23350 29341.08050 28858.02200 28495.21500 28130.27950 29281.13750 28918.33050 28553.39500 29705.98900 29343.18200 28978.24650
29638.88350 29277.87650 28914.72350 30064.24500 29703.23800 29340.08500 30491.32250 30130.31550 29767.16250 29279.63200 28916.82500 28551.88950 29704.99350 29342.18650 28977.25100 30132.07100 29769.26400 29404.32850 28918.56900 28553.98100 28187.28250 29343.93050 28979.34250 28612.64400 29771.00800 29406.42000 29039.72150
29703.49700 29340.69000 28975.75450 30131.08350 29768.27650 29403.34100 30560.36750 30197.56050 29832.62500 29342.43400 28977.84600 28611.14750 29770.02050 29405.43250 29038.73400 30199.30450 29834.71650 29468.01800 28979.57800 28613.22850 28244.78650 29407.16450 29040.81500 28672.37300 29836.44850 29470.09900 29101.65700
29768.53250 29403.94450 29037.24600 30198.32500 29833.73700 29467.03850 30629.79550 30265.20750 29898.50900 29405.67650 29039.32700 28670.88500 29835.46900 29469.11950 29100.67750 30266.93950 29900.59000 29532.14800 29041.04750 28672.95550 28302.78950 29470.84000 29102.74800 28732.58200 29902.31050 29534.21850 29164.05250
29833.99050 29467.64100 29099.19900 30265.96800 29899.61850 29531.17650 30699.60400 30333.25450 29964.81250 29469.36150 29101.26950 28731.10350 29901.33900 29533.24700 29163.08100 30334.97500 29966.88300 29596.71700 29102.97950 28733.16450 28361.29500 29534.95700 29165.14200 28793.27250 29968.59300 29598.77800 29226.90850
29899.86850 29531.77650 29161.61050 30334.01200 29965.92000 29595.75400 30769.79400 30401.70200 30031.53600 29533.48650 29163.67150 28791.80200 29967.63000 29597.81500 29225.94550 30403.41200 30033.59700 29661.72750 29165.37000 28793.85200 28420.29850 29599.51350 29227.99550 28854.44200 30035.29550 29663.77750 29290.22400
29966.16800 29596.35300 29224.48350 30402.45600 30032.64100 29660.77150 30840.36350 30470.54850 30098.67900 29598.05150 29226.53350 28852.98000 30034.33950 29662.82150 29289.26800 30472.24700 30100.72900 29727.17550 29228.22200 28855.02100 28479.80250 29664.51000 29291.30900 28916.09050 30102.41750 29729.21650 29353.99800
30032.88600 29661.36800 29287.81450 30471.29900 30099.78100 29726.22750 30911.31050 30539.79250 30166.23900 29663.05650 29289.85550 28914.63700 30101.46950 29728.26850 29353.05000 30541.48100 30168.28000 29793.06150 29291.53300 28916.66900 28539.80650 29729.94600 29355.08200 28978.21950 30169.95750 29795.09350 29418.23100
30100.02400 29726.82300 29351.60450 30540.54050 30167.33950 29792.12100 30982.63600 30609.43500 30234.21650 29728.50050 29353.63650 28976.77400 30169.01700 29794.15300 29417.29050 30611.11250 30236.24850 29859.38600 29355.30350 28978.79700 28600.31050 29795.82000 29419.31350 29040.82700 30237.91550 29861.40900 29482.92250
30167.57950 29792.71550 29415.85300 30610.17950 30235.31550 29858.45300 31054.33750 30679.47350 30302.61100 29794.38250 29417.87600 29039.38950 30236.98250 29860.47600 29481.98950 30681.14050 30304.63400 29926.14750 29419.53250 29041.40300 28661.31450 29862.13250 29484.00300 29103.91450 30306.29050 29928.16100 29548.07250
30235.55250 29859.04600 29480.55950 30680.21450 30303.70800 29925.22150 31126.41450 30749.90800 30371.42150 29860.70250 29482.57300 29102.48450 30305.36450 29927.23500 29547.14650 30751.56450 30373.43500 29993.34650 29484.22000 29104.48900 28722.81700 29928.88200 29549.15100 29167.47900 30375.08200 29995.35100 29613.67900
30303.94300 29925.81350 29545.72500 30750.64550 30372.51600 29992.42750 31198.86600 30820.73650 30440.64800 29927.46050 29547.72950 29166.05750 30374.16300 29994.43200 29612.76000 30822.38350 30442.65250 30060.98050 29549.36650 29168.05350 28784.82050 29996.06900 29614.75600 29231.52300 30444.28950 30062.97650 29679.74350
30372.74850 29993.01750 29611.34550 30821.47200 30441.74100 30060.06900 31271.69100 30891.96000 30510.28800 29994.65450 29613.34150 29230.10850 30443.37800 30062.06500 29678.83200 30893.59700 30512.28400 30129.05100 29614.96950 29232.09600 28847.32150 30063.69300 29680.81950 29296.04500 30513.91200 30131.03850 29746.26400
30441.97100 30060.65800 29677.42500 30892.69250 30511.37950 30128.14650 31344.88950 30963.57650 30580.34350 30062.28600 29679.41250 29294.63800 30513.00750 30130.13400 29745.35950 30965.20450 30582.33100 30197.55650 29681.03000 29296.61700 28910.32300 30131.75150 29747.33850 29361.04450 30583.94850 30199.53550 29813.24150
30511.60800 30128.73450 29743.96000 30964.30600 30581.43250 30196.65800 31418.45900 31035.58550 30650.81100 30130.35200 29745.93900 29359.64500 30583.05000 30198.63700 29812.34300 31037.20300 30652.79000 30266.49600 29747.54800 29361.61600 28973.82400 30200.24600 29814.31400 29426.52200 30654.39900 30268.46700 29880.67500
30581.65800 30197.24500 29810.95100 31036.31150 30651.89850 30265.60450 31492.39800 31107.98500 30721.69100 30198.85400 29812.92200 29425.13000 30653.50750 30267.57550 29879.78350 31109.59400 30723.66200 30335.87000 29814.52200 29427.09250 29037.82300 30269.17550 29881.74600 29492.47650 30725.26200 30337.83250 29948.56300
30652.12250 30266.19050 29878.39850 31108.70900 30722.77700 30334.98500 31566.70800 31180.77600 30792.98400 30267.79050 29880.36100 29491.09150 30724.37700 30336.94750 29947.67800 31182.37600 30794.94650 30405.67700 29881.95200 29493.04600 29102.32100 30338.53850 29949.63250 29558.90750 30796.53750 30407.63150 30016.90650
30722.99900 30335.56950 29946.30000 31181.49700 30794.06750 30404.79800 31641.38550 31253.95600 30864.68650 30337.16050 29948.25450 29557.52950 30795.65850 30406.75250 30016.02750 31255.54700 30866.64100 30475.91600 29949.83700 29559.47650 29167.31750 30408.33500 30017.97450 29625.81550 30868.22350 30477.86300 30085.70400
30794.28750 30405.38150 30014.65650 31254.67500 30865.76900 30475.04400 31716.43100 31327.52500 30936.80000 30406.96400 30016.60350 29624.44450 30867.35150 30476.99100 30084.83200 31329.10750 30938.74700 30546.58800 30018.17800 29626.38400 29232.81300 30478.56550 30086.77150 29693.20050 30940.32150 30548.52750 30154.95650
30865.98700 30475.62650 30083.46750 31328.24200 30937.88150 30545.72250 31791.84300 31401.48250 31009.32350 30477.20100 30085.40700 29691.83600 30939.45600 30547.66200 30154.09100 31403.05700 31011.26300 30617.69200 30086.97250 29693.76800 29298.80650 30549.22750 30156.02300 29761.06150 31012.82850 30619.62400 30224.66250
30938.09800 30546.30400 30152.73300 31402.19700 31010.40300 30616.83200 31867.62100 31475.82700 31082.25600 30547.86950 30154.66500 29759.70350 31011.96850 30618.76400 30223.80250 31477.39250 31084.18800 30689.22650 30156.22250 29761.62800 29365.29900 30620.32150 30225.72700 29829.39800 31085.74550 30691.15100 30294.82200
31010.61700 30617.41250 30222.45100 31476.53850 31083.33400 30688.37250 31943.76150 31550.55700 31155.59550 30618.97000 30224.37550 29828.04650 31084.89150 30690.29700 30293.96800 31552.11450 31157.52000 30761.19100 30225.92550 29829.96450 29432.28900 30691.84700 30295.88600 29898.21050 31159.07000 30763.10900 30365.43350
31083.54650 30688.95200 30292.62300 31551.26700 31156.67250 30760.34350 32020.26750 31625.67300 31229.34400 30690.50200 30294.54100 29896.86550 31158.22250 30762.26150 30364.58600 31627.22300 31231.26200 30833.58650 30296.08250 29898.77600 29499.77750 30763.80300 30366.49650 29967.49800 31232.80350 30835.49700 30436.49850
31156.88350 30760.92250 30363.24700 31626.38050 31230.41950 30832.74400 32097.13500 31701.17400 31303.49850 30762.46400 30365.15750 29966.15900 31231.96100 30834.65450 30435.65600 31702.71550 31305.40900 30906.41050 30366.69150 29968.06250 29567.76300 30836.18850 30437.55950 30037.26000 31306.94300 30908.31400 30508.01450
31230.62850 30833.32200 30434.32350 31701.87850 31304.57200 30905.57350 32174.36350 31777.05700 31378.05850 30834.85600 30436.22700 30035.92750 31306.10600 30907.47700 30507.17750 31778.59100 31379.96200 30979.66250 30437.75350 30037.82450 29636.24650 30909.00350 30509.07450 30107.49650 31381.48850 30981.55950 30579.98150
31304.78000 30906.15100 30505.85150 31777.76000 31379.13100 30978.83150 32251.95250 31853.32350 31453.02400 30907.67750 30507.74850 30106.17050 31380.65750 30980.72850 30579.15050 31854.85000 31454.92100 31053.34300 30509.26800 30108.06100 29705.22750 30982.24800 30581.04100 30178.20750 31456.44050 31055.23350 30652.40000
31379.33750 30979.40850 30577.83050 31854.02450 31454.09550 31052.51750 32329.90050 31929.97150 31528.39350 30980.92800 30579.72100 30176.88750 31455.61500 31054.40800 30651.57450 31931.49100 31530.28400 31127.45050 30581.23300 30178.77200 29774.70650 31055.92000 30653.45900 30249.39350 31531.79600 31129.33500 30725.26950
31454.30050 31053.09350 30650.26000 31930.67100 31529.46400 31126.63050 32408.20750 32007.00050 31604.16700 31054.60550 30652.14450 30248.07900 31530.97600 31128.51500 30724.44950 32008.51250 31606.05150 31201.98600 30653.64950 30249.95650 29844.68100 31130.02000 30726.32700 30321.05150 31607.55650 31203.86350 30798.58800
31529.66750 31127.20650 30723.14100 32007.69800 31605.23700 31201.17150 32486.87050 32084.40950 31680.34400 31128.71150 30725.01850 30319.74300 31606.74200 31203.04900 30797.77350 32085.91450 31682.22150 31276.94600 30726.51700 30321.61500 29915.15400 31204.54750 30799.64550 30393.18450 31683.72000 31278.81800 30872.35700
31605.43900 31201.74600 30796.47050 32085.10500 31681.41200 31276.13650 32565.89050 32162.19750 31756.92200 31203.24450 30798.34250 30391.88150 31682.91050 31278.00850 30871.54750 32163.69600 31758.79400 31352.33300 30799.83400 30393.74700 29986.12300 31279.50000 30873.41300 30465.78900 31760.28550 31354.19850 30946.57450
31681.61300 31276.71100 30870.25000 32162.89150 31757.98950 31351.52850 32645.26550 32240.36350 31833.90250 31278.20250 30872.11550 30464.49150 31759.48100 31353.39400 30945.77000 32241.85500 31835.76800 31428.14400 30873.60050 30466.35100 30057.58850 31354.87900 30947.62950 30538.86700 31837.25300 31430.00350 31021.24100
31758.18900 31352.10200 30944.47800 32241.05600 31834.96900 31427.34500 32724.99300 32318.90600 31911.28200 31353.58700 30946.33750 30537.57500 31836.45400 31429.20450 31020.44200 32320.39100 31913.14150 31504.37900 30947.81650 30539.42900 30129.55050 31430.68350 31022.29600 30612.41750 31914.62050 31506.23300 31096.35450
31835.16700 31427.91750 31019.15500 32319.59750 31912.34800 31503.58550 32805.07450 32397.82500 31989.06250 31429.39650 31021.00900 30611.13050 31913.82700 31505.43950 31095.56100 32399.30400 31990.91650 31581.03800 31022.48150 30612.97900 30202.00850 31506.91200 31097.40950 30686.43900 31992.38900 31582.88650 31171.91600
31912.54550 31504.15800 31094.27950 32398.51500 31990.12750 31580.24900 32885.50750 32477.12000 32067.24150 31505.63050 31096.12800 30685.15750 31991.60000 31582.09750 31171.12700 32478.59250 32069.09000 31658.11950 31097.59400 30687.00100 30274.96300 31583.56350 31172.97050 30760.93250 32070.55600 31659.96300 31247.92500
31990.32400 31580.82150 31169.85100 32477.80850 32068.30600 31657.33550 32966.29200 32556.78950 32145.81900 31582.28750 31171.69450 30759.65650 32069.77200 31659.17900 31247.14100 32558.25550 32147.66250 31735.62450 31173.15500 30761.49400 30348.41300 31660.63950 31248.97850 30835.89750 32149.12300 31737.46200 31324.38100
32068.50100 31657.90800 31245.87000 32557.47600 32146.88300 31734.84500 33047.42500 32636.83200 32224.79400 31659.36850 31247.70750 30834.62650 32148.34350 31736.68250 31323.60150 32638.29250 32226.63150 31813.55050 31249.16250 30836.45900 30422.35850 31738.13750 31325.43400 30911.33350 32228.08650 31815.38300 31401.28250
32147.07700 31735.41600 31322.33500 32637.51750 32225.85650 31812.77550 33128.90750 32717.24650 32304.16550 31736.87100 31324.16750 30910.06700 32227.31150 31814.60800 31400.50750 32718.70150 32305.99800 31891.89750        nan        nan        nan        nan        nan        nan        nan        nan        nan
