  23.15435   23.15435    0.00000    0.00000    0.00000    0.00000    0.00000    0.00000    0.00000
  26.22235   26.22235   26.22235   61.13585   61.13585    0.00000    0.00000    0.00000    0.00000
  32.36735   32.36735   32.36735   67.79885   67.79885   67.79885   97.02035   97.02035    0.00000
  41.60485   41.60485   41.60485   77.81635   77.81635   77.81635  108.37985  108.37985  108.37985
  53.95635   53.95635   53.95635   91.20485   91.20485   91.20485  123.45335  123.45335  123.45335
  69.44735   69.44735   69.44735  107.98135  107.98135  107.98135  142.19785  142.19785  142.19785
  88.10435   88.10435   88.10435  128.15885  128.15885  128.15885  164.56935  164.56935  164.56935
 109.95485  109.95485  109.95485  151.74435  151.74435  151.74435  190.52985  190.52985  190.52985
 135.02235  135.02235  135.02235  178.74035  178.74035  178.74035  220.04585  220.04585  220.04585
 163.33035  163.33035  163.33035  209.14835  209.14835  209.14835  253.08835  253.08835  253.08835
 194.89735  194.89735  194.89735  242.96585  242.96585  242.96585  289.63285  289.63285  289.63285
 229.74135  229.74135  229.74135  280.18885  280.18885  280.18885  329.65935  329.65935  329.65935
 267.87535  267.87535  267.87535  320.81435  320.81435  320.81435  373.14885  373.14885  373.14885
 309.31035  309.31035  309.31035  364.83685  364.83685  364.83685  420.08735  420.08735  420.08735
 354.05435  354.05435  354.05435  412.25135  412.25135  412.25135  470.46035  470.46035  470.46035
 402.11585  402.11585  402.11585  463.05285  463.05285  463.05285  524.25485  524.25485  524.25485
 453.49785  453.49785  453.49785  517.23635  517.23635  517.23635  581.46235  581.46235  581.46235
 508.20435  508.20435  508.20435  574.79635  574.79635  574.79635  642.07135  642.07135  642.07135
 566.23735  566.23735  566.23735  635.72735  635.72735  635.72735  706.07185  706.07185  706.07185
 627.59735  627.59735  627.59735  700.02335  700.02335  700.02335  773.45585  773.45585  773.45585
 692.28485  692.28485  692.28485  767.67935  767.67935  767.67935  844.21485  844.21485  844.21485
 760.29885  760.29885  760.29885  838.68885  838.68885  838.68885  918.34035  918.34035  918.34035
 831.63685  831.63685  831.63685  913.04685  913.04685  913.04685  995.82385  995.82385  995.82385
 906.29635  906.29635  906.29635  990.74635  990.74635  990.74635 1076.65835 1076.65835 1076.65835
 984.27435  984.27435  984.27435 1071.78135 1071.78135 1071.78135 1160.83535 1160.83535 1160.83535
1065.56735 1065.56735 1065.56735 1156.14585 1156.14585 1156.14585 1248.34635 1248.34635 1248.34635
1150.17035 1150.17035 1150.17035 1243.83335 1243.83335 1243.83335 1339.18385 1339.18385 1339.18385
1238.07985 1238.07985 1238.07985 1334.83585 1334.83585 1334.83585 1433.34035 1433.34035 1433.34035
1329.28935 1329.28935 1329.28935 1429.14685 1429.14685 1429.14685 1530.80735 1530.80735 1530.80735
1423.79385 1423.79385 1423.79385 1526.75885 1526.75885 1526.75885 1631.57535 1631.57535 1631.57535
1521.58735 1521.58735 1521.58735 1627.66535 1627.66535 1627.66535 1735.63785 1735.63785 1735.63785
1622.66335 1622.66335 1622.66335 1731.85785 1731.85785 1731.85785 1842.98435 1842.98435 1842.98435
1727.01485 1727.01485 1727.01485 1839.32785 1839.32785 1839.32785 1953.60835 1953.60835 1953.60835
1834.63585 1834.63585 1834.63585 1950.06785 1950.06785 1950.06785 2067.49885 2067.49885 2067.49885
1945.51785 1945.51785 1945.51785 2064.06935 2064.06935 2064.06935 2184.64735 2184.64735 2184.64735
2059.65335 2059.65335 2059.65335 2181.32385 2181.32385 2181.32385 2305.04535 2305.04535 2305.04535
2177.03435 2177.03435 2177.03435 2301.82135 2301.82135 2301.82135 2428.68235 2428.68235 2428.68235
2297.65285 2297.65285 2297.65285 2425.55485 2425.55485 2425.55485 2555.54885 2555.54885 2555.54885
2421.49985 2421.49985 2421.49985 2552.51235 2552.51235 2552.51235 2685.63535 2685.63535 2685.63535
2548.56585 2548.56585 2548.56585 2682.68635 2682.68635 2682.68635 2818.93135 2818.93135 2818.93135
2678.84285 2678.84285 2678.84285 2816.06535 2816.06535 2816.06535 2955.42585 2955.42585 2955.42585
2812.32085 2812.32085 2812.32085 2952.64035 2952.64035 2952.64035 3095.10935 3095.10935 3095.10935
2948.98935 2948.98935 2948.98935 3092.40085 3092.40085 3092.40085 3237.96985 3237.96985 3237.96985
3088.83935 3088.83935 3088.83935 3235.33535 3235.33535 3235.33535 3383.99785 3383.99785 3383.99785
3231.85985 3231.85985 3231.85985 3381.43335 3381.43335 3381.43335 3533.18035 3533.18035 3533.18035
3378.03985 3378.03985 3378.03985 3530.68435 3530.68435 3530.68435 3685.50685 3685.50685 3685.50685
3527.36935 3527.36935 3527.36935 3683.07635 3683.07635 3683.07635 3840.96535 3840.96535 3840.96535
3679.83735 3679.83735 3679.83735 3838.59785 3838.59785 3838.59785 3999.54385 3999.54385 3999.54385
3835.43135 3835.43135 3835.43135 3997.23685 3997.23685 3997.23685 4161.23035 4161.23035 4161.23035
3994.14035 3994.14035 3994.14035 4158.98135 4158.98135 4158.98135 4326.01135 4326.01135 4326.01135
4155.95185 4155.95185 4155.95185 4323.81985 4323.81985 4323.81985 4493.87485 4493.87485 4493.87485
4320.85435 4320.85435 4320.85435 4491.73785 4491.73785 4491.73785 4664.80785 4664.80785 4664.80785
4488.83535 4488.83535 4488.83535 4662.72435 4662.72435 4662.72435 4838.79735 4838.79735 4838.79735
4659.88185 4659.88185 4659.88185 4836.76435 4836.76435 4836.76435 5015.82935 5015.82935 5015.82935
4833.97985 4833.97985 4833.97985 5013.84635 5013.84635 5013.84635 5195.89085 5195.89085 5195.89085
5011.11735 5011.11735 5011.11735 5193.95535 5193.95535 5193.95535 5378.96685 5378.96685 5378.96685
5191.28085 5191.28085 5191.28085 5377.07835 5377.07835 5377.07835 5565.04385 5565.04385 5565.04385
5374.45585 5374.45585 5374.45585 5563.20035 5563.20035 5563.20035 5754.10735 5754.10735 5754.10735
5560.62885 5560.62885 5560.62885 5752.30785 5752.30785 5752.30785 5946.14235 5946.14235 5946.14235
5749.78535 5749.78535 5749.78535 5944.38585 5944.38585 5944.38585 6141.13435 6141.13435 6141.13435
5941.91035 5941.91035 5941.91035 6139.41935 6139.41935 6139.41935 6339.06785 6339.06785 6339.06785
6136.98985 6136.98985 6136.98985 6337.39285 6337.39285 6337.39285 6539.92785 6539.92785 6539.92785
6335.00835 6335.00835 6335.00835 6538.29135 6538.29135 6538.29135 6743.69785 6743.69785 6743.69785
6535.95035 6535.95035 6535.95035 6742.09985 6742.09985 6742.09985 6950.36235 6950.36235 6950.36235
6739.80035 6739.80035 6739.80035 6948.80135 6948.80135 6948.80135 7159.90485 7159.90485 7159.90485
6946.54335 6946.54335 6946.54335 7158.38035 7158.38035 7158.38035 7372.30985 7372.30985 7372.30985
7156.16185 7156.16185 7156.16185 7370.81985 7370.81985 7370.81985 7587.55985 7587.55985 7587.55985
7368.64085 7368.64085 7368.64085 7586.10385 7586.10385 7586.10385 7805.63785 7805.63785 7805.63785
7583.96235 7583.96235 7583.96235 7804.21585 7804.21585 7804.21585 8026.52685 8026.52685 8026.52685
7802.11085 7802.11085 7802.11085 8025.13735 8025.13735 8025.13735 8250.20935 8250.20935 8250.20935
8023.06835 8023.06835 8023.06835 8248.85185 8248.85185 8248.85185 8476.66835 8476.66835 8476.66835
8246.81735 8246.81735 8246.81735 8475.34135 8475.34135 8475.34135 8705.88485 8705.88485 8705.88485
8473.34135 8473.34135 8473.34135 8704.58835 8704.58835 8704.58835 8937.84135 8937.84135 8937.84135
8702.62085 8702.62085 8702.62085 8936.57435 8936.57435 8936.57435 9172.51885 9172.51885 9172.51885
8934.63935 8934.63935 8934.63935 9171.28085 9171.28085 9171.28085 9409.89885 9409.89885 9409.89885
9169.37735 9169.37735 9169.37735 9408.68935 9408.68935 9408.68935 9649.96285 9649.96285 9649.96285
9406.81735 9406.81735 9406.81735 9648.78135 9648.78135 9648.78135 9892.69135 9892.69135 9892.69135
9646.93835 9646.93835 9646.93835 9891.53685 9891.53685 9891.53685 10138.06485 10138.06485 10138.06485
9889.72335 9889.72335 9889.72335 10136.93685 10136.93685 10136.93685 10386.06385 10386.06385 10386.06385
10135.15235 10135.15235 10135.15235 10384.96135 10384.96135 10384.96135 10636.66785 10636.66785 10636.66785
10383.20535 10383.20535 10383.20535 10635.59135 10635.59135 10635.59135 10889.85735 10889.85735 10889.85735
10633.86235 10633.86235 10633.86235 10888.80585 10888.80585 10888.80585 11145.61185 11145.61185 11145.61185
10887.10335 10887.10335 10887.10335 11144.58385 11144.58385 11144.58385 11403.90985 11403.90985 11403.90985
11142.90835 11142.90835 11142.90835 11402.90635 11402.90635 11402.90635 11664.73085 11664.73085 11664.73085
11401.25635 11401.25635 11401.25635 11663.75135 11663.75135 11663.75135 11928.05385 11928.05385 11928.05385
11662.12635 11662.12635 11662.12635 11927.09735 11927.09735 11927.09735 12193.85785 12193.85785 12193.85785
11925.49735 11925.49735 11925.49735 12192.92335 12192.92335 12192.92335 12462.12035 12462.12035 12462.12035
12191.34785 12191.34785 12191.34785 12461.20835 12461.20835 12461.20835 12732.81935 12732.81935 12732.81935
12459.65585 12459.65585 12459.65585 12731.92885 12731.92885 12731.92885 13005.93335 13005.93335 13005.93335
12730.39985 12730.39985 12730.39985 13005.06385 13005.06385 13005.06385 13281.43885 13281.43885 13281.43885
13003.55785 13003.55785 13003.55785 13280.59085 13280.59085 13280.59085 13559.31385 13559.31385 13559.31385
13279.10685 13279.10685 13279.10685 13558.48585 13558.48585 13558.48585 13839.53535 13839.53535 13839.53535
13557.02435 13557.02435 13557.02435 13838.72785 13838.72785 13838.72785 14122.08035 14122.08035 14122.08035
13837.28785 13837.28785 13837.28785 14121.29235 14121.29235 14121.29235 14406.92485 14406.92485 14406.92485
14119.87335 14119.87335 14119.87335 14406.15635 14406.15635 14406.15635 14694.04535 14694.04535 14694.04535
14404.75835 14404.75835 14404.75835 14693.29585 14693.29585 14693.29585 14983.41785 14983.41785 14983.41785
14691.91785 14691.91785 14691.91785 14982.68735 14982.68735 14982.68735 15275.01835 15275.01835 15275.01835
14981.32935 14981.32935 14981.32935 15274.30635 15274.30635 15274.30635 15568.82185 15568.82185 15568.82185
15272.96785 15272.96785 15272.96785 15568.12785 15568.12785 15568.12785 15864.80435 15864.80435 15864.80435
15566.80885 15566.80885 15566.80885 15864.12785 15864.12785 15864.12785 16162.93985 16162.93985 16162.93985
15862.82785 15862.82785 15862.82785 16162.28135 16162.28135 16162.28135 16463.20385 16463.20385 16463.20385
16161.00035 16161.00035 16161.00035 16462.56285 16462.56285 16462.56285 16765.57085 16765.57085 16765.57085
16461.29985 16461.29985 16461.29985 16764.94685 16764.94685 16764.94685 17070.01585 17070.01585 17070.01585
16763.70235 16763.70235 16763.70235 17069.40835 17069.40835 17069.40835 17376.51085 17376.51085 17376.51085
17068.18085 17068.18085 17068.18085 17375.92035 17375.92035 17375.92035 17685.03135 17685.03135 17685.03135
17374.70985 17374.70985 17374.70985 17684.45685 17684.45685 17684.45685 17995.55035 17995.55035 17995.55035
17683.26385 17683.26385 17683.26385 17994.99185 17994.99185 17994.99185 18308.04135 18308.04135 18308.04135
17993.81585 17993.81585 17993.81585 18307.49785 18307.49785 18307.49785 18622.47635 18622.47635 18622.47635
18306.33835 18306.33835 18306.33835 18621.94835 18621.94835 18621.94835 18938.82935 18938.82935 18938.82935
18620.80535 18620.80535 18620.80535 18938.31685 18938.31685 18938.31685 19257.07185 19257.07185 19257.07185
18937.18935 18937.18935 18937.18935 19256.57485 19256.57485 19256.57485 19577.17685 19577.17685 19577.17685
19255.46285 19255.46285 19255.46285 19576.69385 19576.69385 19576.69385 19899.11635 19899.11635 19899.11635
19575.59785 19575.59785 19575.59785 19898.64785 19898.64785 19898.64785 20222.86185 20222.86185 20222.86185
19897.56685 19897.56685 19897.56685 20222.40735 20222.40735 20222.40735 20548.38385 20548.38385 20548.38385
20221.34185 20221.34185 20221.34185 20547.94435 20547.94435 20547.94435 20875.65535 20875.65535 20875.65535
20546.89285 20546.89285 20546.89285 20875.22885 20875.22885 20875.22885 21204.64635 21204.64635 21204.64635
20874.19235 20874.19235 20874.19235 21204.23385 21204.23385 21204.23385 21535.32785 21535.32785 21535.32785
21203.21135 21203.21135 21203.21135 21534.92835 21534.92835 21534.92835 21867.66985 21867.66985 21867.66985
21533.92085 21533.92085 21533.92085 21867.28435 21867.28435 21867.28435 22201.64335 22201.64335 22201.64335
21866.29035 21866.29035 21866.29035 22201.27035 22201.27035 22201.27035 22537.21835 22537.21835 22537.21835
22200.28985 22200.28985 22200.28985 22536.85785 22536.85785 22536.85785 22874.36335 22874.36335 22874.36335
22535.89085 22535.89085 22535.89085 22874.01585 22874.01585 22874.01585 23213.04935 23213.04935 23213.04935
22873.06235 22873.06235 22873.06235 23212.71385 23212.71385 23212.71385 23553.24435 23553.24435 23553.24435
23211.77335 23211.77335 23211.77335 23552.92085 23552.92085 23552.92085 23894.91835 23894.91835 23894.91835
23551.99335 23551.99335 23551.99335 23894.60685 23894.60685 23894.60685 24238.03885 24238.03885 24238.03885
23893.69185 23893.69185 23893.69185 24237.73985 24237.73985 24237.73985 24582.57535 24582.57535 24582.57535
24236.83735 24236.83735 24236.83735 24582.28785 24582.28785 24582.28785 24928.49585 24928.49585 24928.49585
24581.39735 24581.39735 24581.39735 24928.22035 24928.22035 24928.22035 25275.76835 25275.76835 25275.76835
24927.34185 24927.34185 24927.34185 25275.50385 25275.50385 25275.50385 25624.36035 25624.36035 25624.36035
25274.63735 25274.63735 25274.63735 25624.10685 25624.10685 25624.10685 25974.23985 25974.23985 25974.23985
25623.25235 25623.25235 25623.25235 25973.99735 25973.99735 25973.99735 26325.37285 26325.37285 26325.37285
25973.15385 25973.15385 25973.15385 26325.14135 26325.14135 26325.14135 26677.72685 26677.72685 26677.72685
26324.30885 26324.30885 26324.30885 26677.50635 26677.50635 26677.50635 27031.26985 27031.26985 27031.26985
26676.68585 26676.68585 26676.68585 27031.05935 27031.05935 27031.05935 27385.96635 27385.96635 27385.96635
27030.24935 27030.24935 27030.24935 27385.76635 27385.76635 27385.76635 27741.78385 27741.78385 27741.78385
27384.96735 27384.96735 27384.96735 27741.59385 27741.59385 27741.59385 28098.68785 28098.68785 28098.68785
27740.80535 27740.80535 27740.80535 28098.50735 28098.50735 28098.50735 28456.64335 28456.64335 28456.64335
28097.72985 28097.72985 28097.72985 28456.47385 28456.47385 28456.47385 28815.61735 28815.61735 28815.61735
28455.70585 28455.70585 28455.70585 28815.45635 28815.45635 28815.45635 29175.57385 29175.57385 29175.57385
28814.69935 28814.69935 28814.69935 29175.42285 29175.42285 29175.42285 29536.47785 29536.47785 29536.47785
29174.67535 29174.67535 29174.67535 29536.33585 29536.33585 29536.33585 29898.29485 29898.29485 29898.29485
29535.59885 29535.59885 29535.59885 29898.16185 29898.16185 29898.16185 30260.98785 30260.98785 30260.98785
29897.43435 29897.43435 29897.43435 30260.86485 30260.86485 30260.86485 30624.52285 30624.52285 30624.52285
30260.14635 30260.14635 30260.14635 30624.40785 30624.40785 30624.40785 30988.86235 30988.86235 30988.86235
30623.69885 30623.69885 30623.69885 30988.75685 30988.75685 30988.75685 31353.97085 31353.97085 31353.97085
30988.05685 30988.05685 30988.05685 31353.87335 31353.87335 31353.87335 31719.81135 31719.81135 31719.81135
31353.18285 31353.18285 31353.18285 31719.72235 31719.72235 31719.72235 32086.34685 32086.34685 32086.34685
31719.03985 31719.03985 31719.03985 32086.26635 32086.26635 32086.26635 32453.54035 32453.54035 32453.54035
32085.59285 32085.59285 32085.59285 32453.46785 32453.46785 32453.46785 32821.35535 32821.35535 32821.35535
32452.80335 32452.80335 32452.80335 32821.29035 32821.29035 32821.29035 33189.75335 33189.75335 33189.75335
32820.63435 32820.63435 32820.63435 33189.69635 33189.69635 33189.69635 33558.69685 33558.69685 33558.69685
33189.04785 33189.04785 33189.04785 33558.64785 33558.64785 33558.64785 33928.14735 33928.14735 33928.14735
33558.00735 33558.00735 33558.00735 33928.10585 33928.10585 33928.10585 34298.06735 34298.06735 34298.06735
33927.47335 33927.47335 33927.47335 34298.03285 34298.03285 34298.03285 34668.41735 34668.41735 34668.41735
34297.40785 34297.40785 34297.40785 34668.39035 34668.39035 34668.39035 35039.15885 35039.15885 35039.15885
34667.77285 34667.77285 34667.77285 35039.13935 35039.13935 35039.13935 35410.25335 35410.25335 35410.25335
35038.52935 35038.52935 35038.52935 35410.23985 35410.23985 35410.23985 35781.66035 35781.66035 35781.66035
35409.63735 35409.63735 35409.63735 35781.65435 35781.65435 35781.65435 36153.34185 36153.34185 36153.34185
35781.05835 35781.05835 35781.05835 36153.34185 36153.34185 36153.34185 36525.25585 36525.25585 36525.25585
36152.75285 36152.75285 36152.75285 36525.26235 36525.26235 36525.26235 36897.36385 36897.36385 36897.36385
36524.68085 36524.68085 36524.68085 36897.37685 36897.37685 36897.37685 37269.62535 37269.62535 37269.62535
36896.80135 36896.80135 36896.80135 37269.64385 37269.64385 37269.64385 37641.99885 37641.99885 37641.99885
37269.07535 37269.07535 37269.07535 37642.02385 37642.02385 37642.02385 38014.44485 38014.44485 38014.44485
37641.46135 37641.46135 37641.46135 38014.47535 38014.47535 38014.47535 38386.92135 38386.92135 38386.92135
38013.91885 38013.91885 38013.91885 38386.95735 38386.95735 38386.95735 38759.38635 38759.38635 38759.38635
38386.40685 38386.40685 38386.40685 38759.42835 38759.42835 38759.42835 39131.79935 39131.79935 39131.79935
38758.88335 38758.88335 38758.88335 39131.84685 39131.84685 39131.84685 39504.11885 39504.11885 39504.11885
39131.30735 39131.30735 39131.30735 39504.17035 39504.17035 39504.17035 39876.30135 39876.30135 39876.30135
39503.63735 39503.63735 39503.63735 39876.35785 39876.35785 39876.35785 40248.30535 40248.30535 40248.30535
39875.82935 39875.82935 39875.82935 40248.36635 40248.36635 40248.36635 40620.08735 40620.08735 40620.08735
40247.84335 40247.84335 40247.84335 40620.15385 40620.15385 40620.15385 40991.60535 40991.60535 40991.60535
