       nan        nan        nan        nan        nan        nan        nan        nan        nan 19741.40000        nan        nan        nan        nan        nan        nan        nan        nan 19738.71550 19696.34200        nan        nan        nan        nan        nan        nan        nan
19744.54850        nan        nan 19781.31600        nan        nan        nan        nan        nan 19741.86400 19699.49050        nan 19778.63150 19736.25800        nan        nan        nan        nan 19736.49150 19693.80400 19658.15100 19773.25900 19730.57150 19694.91850        nan        nan        nan
19748.16950 19705.79600        nan 19785.45450 19743.08100        nan 19816.26650 19773.89300        nan 19742.79700 19700.10950 19664.45650 19780.08200 19737.39450 19701.74150 19810.89400 19768.20650 19732.55350 19734.73250 19691.57400 19655.12250 19772.01750 19728.85900 19692.40750 19802.82950 19759.67100 19723.21950
19752.27350 19709.58600 19673.93300 19790.33750 19747.65000 19711.99700 19822.48450 19779.79700 19744.14400 19744.20900 19701.05050 19664.59900 19782.27300 19739.11450 19702.66300 19814.42000 19771.26150 19734.81000 19733.44700 19689.66050 19652.17600 19771.51100 19727.72450 19690.24000 19803.65800 19759.87150 19722.38700
19756.87850 19713.72000 19677.26850 19795.97800 19752.81950 19716.36800 19829.80600 19786.64750 19750.19600 19746.11650 19702.33000 19664.84550 19785.21600 19741.42950 19703.94500 19819.04400 19775.25750 19737.77300 19732.64650 19688.07850 19649.35050 19771.74600 19727.17800 19688.45000 19805.57400 19761.00600 19722.27800
19762.00200 19718.21550 19680.73100 19802.38700 19758.60050 19721.11600 19838.18450 19794.39800 19756.91350 19748.53200 19703.96400 19665.23600 19788.91700 19744.34900 19705.62100 19824.71450 19780.14650 19741.41850 19732.34650 19686.84550 19646.68600 19772.73150 19727.23050 19687.07100 19808.52900 19763.02800 19722.86850
19767.66100 19723.09300 19684.36500 19809.56600 19764.99800 19726.27000 19847.56750 19802.99950 19764.27150 19751.47550 19705.97450 19665.81500 19793.38050 19747.87950 19707.72000 19831.38200 19785.88100 19745.72150 19732.56350 19685.98250 19644.22750 19774.46850 19727.88750 19686.13250 19812.47000 19765.88900 19724.13400
19773.87350 19728.37250 19688.21300 19817.51650 19772.01550 19731.85600 19857.91050 19812.40950 19772.25000 19754.96150 19708.38050 19666.62550 19798.60450 19752.02350 19710.26850 19838.99850 19792.41750 19750.66250 19733.31250 19685.51250 19642.01900 19776.95550 19729.15550 19685.66200 19817.34950 19769.54950 19726.05600
19780.65300 19734.07200 19692.31700 19826.23100 19779.65000 19737.89500 19869.16950 19822.58850 19780.83350 19759.00400 19711.20400 19667.71050 19804.58200 19756.78200 19713.28850 19847.52050 19799.72050 19756.22700 19734.60750 19685.45600 19640.10150 19780.18550 19731.03400 19685.67950 19823.12400 19773.97250 19728.61800
19788.01200 19740.21200 19696.71850 19835.70150 19787.90150 19744.40800 19881.30600 19833.50600 19790.01250 19763.61550 19714.46400 19669.10950 19811.30500 19762.15350 19716.79900 19856.90950 19807.75800 19762.40350 19736.46200 19685.83500 19638.51400 19784.15150 19733.52450 19686.20350 19829.75600 19779.12900 19731.80800
19795.96000 19746.80850 19701.45400 19845.91550 19796.76400 19751.40950 19894.28550 19845.13400 19799.77950 19768.80650 19718.17950 19670.85850 19818.76200 19768.13500 19720.81400 19867.13200 19816.50500 19769.18400 19738.88600 19686.66850 19637.29050 19788.84150 19736.62400 19687.24600 19837.21150 19784.99400 19735.61600
19804.50550 19753.87850 19706.55750 19856.86200 19806.23500 19758.91400 19908.07900 19857.45200 19810.13100 19774.58500 19722.36750 19672.98950 19826.94150 19774.72400 19725.34600 19878.15850 19825.94100 19776.56300 19741.88850 19687.97500 19636.46200 19794.24500 19740.33150 19688.81850 19845.46200 19791.54850 19740.03550
19813.65300 19761.43550 19712.05750 19868.52800 19816.31050 19766.93250 19922.65850 19870.44100 19821.06300 19780.95650 19727.04300 19675.53000 19835.83150 19781.91800 19730.40500 19889.96200 19836.04850 19784.53550 19745.47650 19689.77050 19636.05550 19800.35150 19744.64550 19690.93050 19854.48200 19798.77600 19745.06100
19823.40500 19769.49150 19717.97850 19880.90100 19826.98750 19775.47450 19938.00050 19884.08700 19832.57400 19787.92500 19732.21900 19678.50400 19845.42100 19789.71500 19736.00000 19902.52050 19846.81450 19793.09950 19749.65400 19692.06750 19636.09300 19807.15000 19749.56350 19693.58900 19864.24950 19806.66300 19750.68850
19833.76500 19778.05900 19724.34400 19893.96900 19838.26300 19784.54800 19954.08500 19898.37900 19844.66400 19795.49400 19737.90750 19681.93300 19855.69800 19798.11150 19742.13700 19915.81400 19858.22750 19802.25300 19754.42650 19694.88050 19636.59550 19814.63050 19755.08450 19696.79950 19874.74650 19815.20050 19756.91550
19844.73300 19787.14650 19731.17200 19907.72100 19850.13450 19794.16000 19970.89250 19913.30600 19857.33150 19803.66550 19744.11950 19685.83450 19866.65350 19807.10750 19748.82250 19929.82500 19870.27900 19811.99400 19759.79600 19698.21850 19637.58000 19822.78400 19761.20650 19700.56800 19885.95550 19824.37800 19763.73950
19856.31000 19796.76400 19738.47900 19922.14800 19862.60200 19804.31700 19988.40900 19928.86300 19870.57800 19812.44050 19750.86300 19690.22450 19878.27850 19816.70100 19756.06250 19944.53950 19882.96200 19822.32350 19765.76500 19702.09100 19639.06100 19831.60300 19767.92900 19704.89900 19897.86400 19834.19000 19771.16000
19868.49600 19806.91850 19746.28000 19937.24000 19875.66250 19815.02400 20006.61850 19945.04100 19884.40250 19821.82050 19758.14650 19695.11650 19890.56450 19826.89050 19763.86050 19959.94300 19896.26900 19833.23900 19772.33450 19706.50600 19641.05200 19841.07850 19775.25000 19709.79600 19910.45700 19844.62850 19779.17450
19881.28950 19817.61550 19754.58550 19952.98900 19889.31500 19826.28500 20025.51050 19961.83650 19898.80650 19831.80350 19765.97500 19700.52100 19903.50300 19837.67450 19772.22050 19976.02450 19910.19600 19844.74200 19779.50550 19711.47100 19643.56250 19851.20500 19783.17050 19715.26200 19923.72650 19855.69200 19787.78350
19894.68900 19828.86050 19763.40650 19969.38650 19903.55800 19838.10400 20045.07150 19979.24300 19913.78900 19842.39100 19774.35650 19706.44800 19917.08850 19849.05400 19781.14550 19992.77350 19924.73900 19856.83050 19787.27850 19716.99050 19646.60300 19861.97600 19791.68800 19721.30050 19937.66100 19867.37300 19796.98550
19908.69600 19840.66150 19772.75300 19986.42650 19918.39200 19850.48350 20065.29450 19997.26000 19929.35150 19853.58350 19783.29550 19712.90800 19931.31400 19861.02600 19790.63850 20010.18200 19939.89400 19869.50650 19795.65500 19723.07200 19650.18250 19873.38550 19800.80250 19727.91300 19952.25350 19879.67050 19806.78100
19923.30650 19853.01850 19782.63100 20004.10350 19933.81550 19863.42800 20086.16900 20015.88100 19945.49350 19865.37800 19792.79500 19719.90550 19946.17500 19873.59200 19800.70250 20028.24050 19955.65750 19882.76800 19804.63300 19729.71700 19654.30600 19885.43000 19810.51400 19735.10300 19967.49550 19892.57950 19817.16850
19938.52000 19865.93700 19793.04750 20022.41050 19949.82750 19876.93800 20107.68750 20035.10450 19962.21500 19877.77500 19802.85900 19727.44800 19961.66550 19886.74950 19811.33850 20046.94250 19972.02650 19896.61550 19814.21250 19736.93100 19658.98050 19898.10300 19820.82150 19742.87100 19983.38000 19906.09850 19828.14800
19954.33550 19879.41950 19804.00850 20041.34450 19966.42850 19891.01750 20129.84350 20054.92750 19979.51650 19890.77300 19813.49150 19735.54100 19977.78200 19900.50050 19822.55000 20066.28100 19988.99950 19911.04900 19824.39450 19744.71650 19664.21200 19911.40350 19831.72550 19751.22100 19999.90250 19920.22450 19839.72000
19970.75100 19893.46950 19815.51900 20060.89800 19983.61650 19905.66600 20152.63050 20075.34900 19997.39850 19904.37250 19824.69450 19744.19000 19994.51950 19914.84150 19834.33700 20086.25200 20006.57400 19926.06950 19835.17750 19753.07650 19670.00350 19925.32450 19843.22350 19760.15050 20017.05700 19934.95600 19851.88300
19987.76600 19908.08800 19827.58350 20081.06950 20001.39150 19920.88700 20176.04250 20096.36450 20015.86000 19918.57100 19836.47000 19753.39700 20011.87450 19929.77350 19846.70050 20106.84750 20024.74650 19941.67350 19846.56150 19762.01400 19676.36100 19939.86500 19855.31750 19769.66450 20034.83800 19950.29050 19864.63750
20005.37800 19923.27700 19840.20400 20101.85400 20019.75300 19936.68000 20200.07500 20117.97400 20034.90100 19933.36850 19848.82100 19763.16800 20029.84450 19945.29700 19859.64400 20128.06550 20043.51800 19957.86500 19858.54600 19771.52950 19683.28650 19955.02200 19868.00550 19779.76250 20053.24300 19966.22650 19877.98350
20023.58650 19939.03900 19853.38600 20123.24750 20038.70000 19953.04700 20224.72350 20140.17600 20054.52300 19948.76400 19861.74750 19773.50450 20048.42500 19961.40850 19873.16550 20149.90100 20062.88450 19974.64150 19871.13050 19781.62600 19690.78400 19970.79150 19881.28700 19790.44500 20072.26750 19982.76300 19891.92100
20042.39050 19955.37400 19867.13100 20145.24850 20058.23200 19969.98900 20249.98300 20162.96650 20074.72350 19964.75700 19875.25250 19784.41050 20067.61500 19978.11050 19887.26850 20172.34950 20082.84500 19992.00300 19884.31350 19792.30500 19698.85500 19987.17150 19895.16300 19801.71300 20091.90600 19999.89750 19906.44750
20061.78850 19972.28400 19881.44200 20167.85350 20078.34900 19987.50700 20275.85000 20186.34550 20095.50350 19981.34500 19889.33650 19795.88650 20087.41000 19995.40150 19901.95150 20195.40650 20103.39800 20009.94800 19898.09550 19803.56750 19707.50400 20004.16050 19909.63250 19813.56900 20112.15700 20017.62900 19921.56550
20081.77700 19989.76850 19896.31850 20191.05700 20099.04850 20005.59850 20302.31950 20210.31100 20116.86100 19998.52750 19903.99950 19807.93600 20107.80750 20013.27950 19917.21600 20219.07000 20124.54200 20028.47850 19912.47450 19815.41350 19716.72950 20021.75450 19924.69350 19826.00950 20133.01700 20035.95600 19937.27200
20102.35800 20007.83000 19911.76650 20214.86000 20120.33200 20024.26850 20329.39000 20234.86200 20138.79850 20016.30500 19919.24400 19820.56000 20128.80700 20031.74600 19933.06200 20243.33700 20146.27600 20047.59200 19927.45100 19827.84600 19726.53650 20039.95300 19940.34800 19839.03850 20154.48300 20054.87800 19953.56850
20123.52900 20026.46800 19927.78400 20239.25850 20142.19750 20043.51350 20357.05800 20259.99700 20161.31300 20034.67500 19935.07000 19833.76050 20150.40450 20050.79950 19949.49000 20268.20400 20168.59900 20067.28950 19943.02450 19840.86400 19736.92600 20058.75400 19956.59350 19852.65550 20176.55350 20074.39300 19970.45500
20145.28750 20045.68250 19944.37300 20264.24900 20164.64400 20063.33450 20385.31850 20285.71350 20184.40400 20053.63700 19951.47650 19847.53850 20172.59850 20070.43800 19966.50000 20293.66800 20191.50750 20087.56950 19959.19250 19854.46800 19747.89800 20078.15400 19973.42950 19866.85950 20199.22350 20094.49900 19987.92900
20167.63450 20065.47400 19961.53600 20289.83200 20187.67150 20083.73350 20414.17100 20312.01050 20208.07250 20073.19000 19968.46550 19861.89550 20195.38750 20090.66300 19984.09300 20319.72650 20215.00200 20108.43200 19975.95600 19868.66000 19759.45500 20098.15350 19990.85750 19881.65250 20222.49250 20115.19650 20005.99150
20190.56700 20085.84250 19979.27250 20316.00300 20211.27850 20104.70850 20443.61100 20338.88650 20232.31650 20093.33300 19986.03700 19876.83200 20218.76900 20111.47300 20002.26800 20346.37700 20239.08100 20129.87600 19993.31350 19883.43950 19771.59700 20118.74950 20008.87550 19897.03300 20246.35750 20136.48350 20024.64100
20214.08450 20106.78850 19997.58350 20342.76100 20235.46500 20126.26000 20473.63750 20366.34150 20257.13650 20114.06500 20004.19100 19892.34850 20242.74150 20132.86750 20021.02500 20373.61800 20263.74400 20151.90150 20011.26450 19898.80550 19784.32500 20139.94100 20027.48200 19913.00150 20270.81750 20158.35850 20043.87800
20238.18550 20128.31150 20016.46900 20370.10350 20260.22950 20148.38700 20504.24650 20394.37250 20282.53000 20135.38500 20022.92600 19908.44550 20267.30300 20154.84400 20040.36350 20401.44600 20288.98700 20174.50650 20029.80700 19914.76000 19797.64100 20161.72500 20046.67800 19929.55900 20295.86800 20180.82100 20063.70200
20262.86900 20150.41000 20035.92950 20398.02900 20285.57000 20171.08950 20535.43700 20422.97800 20308.49750 20157.29100 20042.24400 19925.12500 20292.45100 20177.40400 20060.28500 20429.85900 20314.81200 20197.69300 20048.94200 19931.30200 19811.54350 20184.10200 20066.46200 19946.70350 20321.51000 20203.87000 20084.11150
20288.13350 20173.08650 20055.96750 20426.53450 20311.48750 20194.36850 20567.20500 20452.15800 20335.03900 20179.78450 20062.14450 19942.38600 20318.18550 20200.54550 20080.78700 20458.85600 20341.21600 20221.45750 20068.66850 19948.43200 19826.03500 20207.06950 20086.83300 19964.43600 20347.74000 20227.50350 20105.10650
20313.97850 20196.33850 20076.58000 20455.62000 20337.98000 20218.22150 20599.55000 20481.91000 20362.15150 20202.86250 20082.62600 19960.22900 20344.50400 20224.26750 20101.87050 20488.43400 20368.19750 20245.80050 20088.98450 19966.14950 19841.11400 20230.62600 20107.79100 19982.75550 20374.55600 20251.72100 20126.68550
20340.40250 20220.16600 20097.76900 20485.28300 20365.04650 20242.64950 20632.46900 20512.23250 20389.83550 20226.52450 20103.68950 19978.65400 20371.40500 20248.57000 20123.53450 20518.59100 20395.75600 20270.72050 20109.89000 19984.45500 19856.78250 20254.77050 20129.33550 20001.66300 20401.95650 20276.52150 20148.84900
20367.40400 20244.56900 20119.53350 20515.52200 20392.68700 20267.65150 20665.96000 20543.12500 20418.08950 20250.76950 20125.33450 19997.66200 20398.88750 20273.45250 20145.78000 20549.32550 20423.89050 20296.21800 20131.38400 20003.34750 19873.03950 20279.50200 20151.46550 20021.15750 20429.94000 20301.90350 20171.59550
20394.98200 20269.54700 20141.87450 20546.33400 20420.89900 20293.22650 20700.02050 20574.58550 20446.91300 20275.59650 20147.56000 20017.25200 20426.94850 20298.91200 20168.60400 20580.63500 20452.59850 20322.29050 20153.46550 20022.82750 19889.88650 20304.81750 20174.17950 20041.23850 20458.50400 20327.86600 20194.92500
20423.13500 20295.09850 20164.79050 20577.71900 20449.68250 20319.37450 20734.64900 20606.61250 20476.30450 20301.00400 20170.36600 20037.42500 20455.58800 20324.95000 20192.00900 20612.51800 20481.88000 20348.93900 20176.13300 20042.89350 19907.32200 20330.71700 20197.47750 20061.90600 20487.64700 20354.40750 20218.83600
20451.86150 20321.22350 20188.28250 20609.67300 20479.03500 20346.09400 20769.84250 20639.20450 20506.26350 20326.99050 20193.75100 20058.17950 20484.80200 20351.56250 20215.99100 20644.97150 20511.73200 20376.16050 20199.38650 20063.54600 19925.34650 20357.19800 20221.35750 20083.15800 20517.36750 20381.52700 20243.32750
20481.16000 20347.92050 20212.34900 20642.19650 20508.95700 20373.38550 20805.59950 20672.36000 20536.78850 20353.55600 20217.71550 20079.51600 20514.59250 20378.75200 20240.55250 20677.99550 20542.15500 20403.95550 20223.22450 20084.78450 19943.96050 20384.26100 20245.82100 20104.99700 20547.66400 20409.22400 20268.40000
20511.03100 20375.19050 20236.99100 20675.28700 20539.44650 20401.24700 20841.91850 20706.07800 20567.87850 20380.69950 20242.25950 20101.43550 20544.95550 20406.51550 20265.69150 20711.58700 20573.14700 20432.32300 20247.64750 20106.60900 19963.16350 20411.90350 20270.86500 20127.41950 20578.53500 20437.49650 20294.05100
20541.47100 20403.03100 20262.20700 20708.94300 20570.50300 20429.67900 20878.79750 20740.35750 20599.53350 20408.41900 20267.38050 20123.93500 20575.89100 20434.85250 20291.40700 20745.74550 20604.70700 20461.26150 20272.65200 20129.01800 19982.95450 20440.12400 20296.49000 20150.42650 20609.97850 20466.34450 20320.28100
20572.48000 20431.44150 20287.99600 20743.16300 20602.12450 20458.67900 20916.23400 20775.19550 20631.75000 20436.71300 20293.07900 20147.01550 20607.39600 20463.76200 20317.69850 20780.46700 20636.83300 20490.76950 20298.23850 20152.01050 20003.33450 20468.92150 20322.69350 20174.01750 20641.99250 20495.76450 20347.08850
20604.05650 20460.42250 20314.35900 20777.94450 20634.31050 20488.24700 20954.22600 20810.59200 20664.52850 20465.58200 20319.35400 20170.67800 20639.47000 20493.24200 20344.56600 20815.75150 20669.52350 20520.84750 20324.40700 20175.58750 20024.30350 20498.29500 20349.47550 20198.19150 20674.57650 20525.75700 20374.47300
20636.19900 20489.97100 20341.29500 20813.28650 20667.05850 20518.38250 20992.77200 20846.54400 20697.86800 20495.02400 20346.20450 20194.92050 20672.11150 20523.29200 20372.00800 20851.59700 20702.77750 20551.49350 20351.15450 20199.74850 20045.86000 20528.24200 20376.83600 20222.94750 20707.72750 20556.32150 20402.43300
20668.90700 20520.08750 20368.80350 20849.18800 20700.36850 20549.08450 21031.87000 20883.05050 20731.76650 20525.03750 20373.63150 20219.74300 20705.31850 20553.91250 20400.02400 20888.00050 20736.59450 20582.70600 20378.48200 20224.49200 20068.00400 20558.76300 20404.77300 20248.28500 20741.44500 20587.45500 20430.96700
20702.17700 20550.77100 20396.88250 20885.64550 20734.23950 20580.35100 21071.51750 20920.11150 20766.22300 20555.62150 20401.63150 20245.14350 20739.09000 20585.10000 20428.61200 20924.96200 20770.97200 20614.48400 20406.38650 20249.81650 20090.73500 20589.85500 20433.28500 20274.20350 20775.72700 20619.15700 20460.07550
20736.01000 20582.02000 20425.53200 20922.65900 20768.66900 20612.18100 21111.71350 20957.72350 20801.23550 20586.77500 20430.20500 20271.12350 20773.42400 20616.85400 20457.77250 20962.47850 20805.90850 20646.82700 20434.86750 20275.72250 20114.05250 20621.51650 20462.37150 20300.70150 20810.57100 20651.42600 20489.75600
20770.40350 20613.83350 20454.75200 20960.22600 20803.65600 20644.57450 21152.45550 20995.88550 20836.80400 20618.49600 20459.35100 20297.68100 20808.31850 20649.17350 20487.50350 21000.54800 20841.40300 20679.73300 20463.92500 20302.20850 20137.95700 20653.74750 20492.03100 20327.77950 20845.97700 20684.26050 20520.00900
20805.35500 20646.21000 20484.54000 20998.34450 20839.19950 20677.52950 21193.74150 21034.59650 20872.92650 20650.78400 20489.06750 20324.81600 20843.77350 20682.05700 20517.80550 21039.17050 20877.45400 20713.20250 20493.55650 20329.27450 20162.44550 20686.54600 20522.26400 20355.43500 20881.94300 20717.66100 20550.83200
20840.86550 20679.14900 20514.89750 21037.01400 20875.29750 20711.04600 21235.56950 21073.85300 20909.60150 20683.63800 20519.35600 20352.52700 20879.78650 20715.50450 20548.67550 21078.34200 20914.06000 20747.23100 20523.76200 20356.91900 20187.52050 20719.91050 20553.06750 20383.66900 20918.46600 20751.62300 20582.22450
20876.93200 20712.65000 20545.82100 21076.23200 20911.95000 20745.12100 21277.93850 21113.65650 20946.82750 20717.05600 20550.21300 20380.81450 20916.35600 20749.51300 20580.11450 21118.06250 20951.21950 20781.82100 20554.53900 20385.14150 20213.17950 20753.83900 20584.44150 20412.47950 20955.54550 20786.14800 20614.18600
20913.55250 20746.70950 20577.31100 21115.99700 20949.15400 20779.75550 21320.84500 21154.00200 20984.60350 20751.03550 20581.63800 20409.67600 20953.48000 20784.08250 20612.12050 21158.32800 20988.93050 20816.96850 20585.88700 20413.94050 20239.42200 20788.33150 20616.38500 20441.86650 20993.17950 20821.23300 20646.71450
20950.72650 20781.32900 20609.36700 21156.30550 20986.90800 20814.94600 21364.28800 21194.89050 21022.92850 20785.57800 20613.63150 20439.11300 20991.15700 20819.21050 20644.69200 21199.13950 21027.19300 20852.67450 20617.80600 20443.31550 20266.24800 20823.38500 20648.89450 20471.82700 21031.36750 20856.87700 20679.80950
20988.45250 20816.50600 20641.98750 21197.15850 21025.21200 20850.69350 21408.26500 21236.31850 21061.80000 20820.68050 20646.19000 20469.12250 21029.38650 20854.89600 20677.82850 21240.49300 21066.00250 20888.93500 20650.29300 20473.26600 20293.65600 20858.99900 20681.97200 20502.36200 21070.10550 20893.07850 20713.46850
21026.72900 20852.23850 20675.17100 21238.55350 21064.06300 20886.99550 21452.77550 21278.28500 21101.21750 20856.34150 20679.31450 20499.70450 21068.16600 20891.13900 20711.52900 21282.38800 21105.36100 20925.75100 20683.34750 20503.79100 20321.64550 20895.17200 20715.61550 20533.47000 21109.39400 20929.83750 20747.69200
21065.55350 20888.52650 20708.91650 21280.48750 21103.46050 20923.85050 21497.81500 21320.78800 21141.17800 20892.55950 20713.00300 20530.85750 21107.49350 20927.93700 20745.79150 21324.82100 21145.26450 20963.11900 20716.96850 20534.88900 20350.21600 20931.90250 20749.82300 20565.15000 21149.23000 20967.15050 20782.47750
21104.92600 20925.36950 20743.22400 21322.96000 21143.40350 20961.25800 21543.38300 21363.82650 21181.68100 20929.33500 20747.25550 20562.58250 21147.36900 20965.28950 20780.61650 21367.79200 21185.71250 21001.03950 20751.15500 20566.55950 20379.36700 20969.18900 20784.59350 20597.40100 21189.61200 21005.01650 20817.82400
21144.84400 20962.76450 20778.09150 21365.96850 21183.88900 20999.21600 21589.47850 21407.39900 21222.72600 20966.66400 20782.06850 20594.87600 21187.78850 21003.19300 20816.00050 21411.29850 21226.70300 21039.51050 20785.90500 20598.80050 20409.09700 21007.02950 20819.92500 20630.22150 21230.53950 21043.43500 20853.73150
21185.30550 21000.71000 20813.51750 21409.51100 21224.91550 21037.72300 21636.09750 21451.50200 21264.30950 21004.54650 20817.44200 20627.73850 21228.75200 21041.64750 20851.94400 21455.33850 21268.23400 21078.53050 20821.21700 20631.61200 20439.40500 21045.42250 20855.81750 20663.61050 21272.00900 21082.40400 20890.19700
21226.30900 21039.20450 20849.50100 21453.58650 21266.48200 21076.77850 21683.23850 21496.13400 21306.43050 21042.97950 20853.37450 20661.16750 21270.25700 21080.65200 20888.44500 21499.90900 21310.30400 21118.09700 20857.08950 20664.99150 20470.28950 21084.36700 20892.26900 20697.56700 21314.01900 21121.92100 20927.21900
21267.85350 21078.24850 20886.04150 21498.19200 21308.58700 21116.38000 21730.89900 21541.29400 21349.08700 21081.96350 20889.86550 20695.16350 21312.30200 21120.20400 20925.50200 21545.00900 21352.91100 21158.20900 20893.52300 20698.93900 20501.75200 21123.86150 20929.27750 20732.09050 21356.56850 21161.98450 20964.79750
21309.93700 21117.83900 20923.13700 21543.32600 21351.22800 21156.52600 21779.07850 21586.98050 21392.27850 21121.49650 20926.91250 20729.72550 21354.88550 21160.30150 20963.11450 21590.63800 21396.05400 21198.86700 20930.51450 20733.45400 20533.78950 21163.90350 20966.84300 20767.17850 21399.65600 21202.59550 21002.93100
21352.55800 21157.97400 20960.78700 21588.98800 21394.40400 21197.21700 21827.77400 21633.19000 21436.00300 21161.57600 20964.51550 20764.85100 21398.00600 21200.94550 21001.28100 21636.79200 21439.73150 21240.06700 20968.06250 20768.53400 20566.40100 21204.49250 21004.96400 20802.83100 21443.27850 21243.75000 21041.61700
21395.71450 21198.65400 20998.98950 21635.17400 21438.11350 21238.44900 21876.98300 21679.92250 21480.25800 21202.20100 21002.67250 20800.53950 21441.66050 21242.13200 21039.99900 21683.46950 21483.94100 21281.80800 21006.16600 20804.17800 20599.58650 21245.62550 21043.63750 20839.04600 21487.43450 21285.44650 21080.85500
21439.40450 21239.87600 21037.74300 21681.88300 21482.35450 21280.22150 21926.70350 21727.17500 21525.04200 21243.36950 21041.38150 20836.79000 21485.84800 21283.86000 21079.26850 21730.66850 21528.68050 21324.08900 21044.82350 20840.38500 20633.34450 21287.30200 21082.86350 20875.82300 21532.12250 21327.68400 21120.64350
21483.62650 21281.63850 21077.04700 21729.11250 21527.12450 21322.53300 21976.93300 21774.94500 21570.35350 21285.08050 21080.64200 20873.60150 21530.56650 21326.12800 21119.08750 21778.38700 21573.94850 21366.90800 21084.03450 20877.15400 20667.67350 21329.52050 21122.64000 20913.15950 21577.34100 21370.46050 21160.98000
21528.37900 21323.94050 21116.90000 21776.86150 21572.42300 21365.38250 22027.67050 21823.23200 21616.19150 21327.33300 21120.45250 20910.97200 21575.81550 21368.93500 21159.45450 21826.62450 21619.74400 21410.26350 21123.79650 20914.48400 20702.57300 21372.27900 21162.96650 20951.05550 21623.08800 21413.77550 21201.86450
21573.66000 21366.77950 21157.29900 21825.12800 21618.24750 21408.76700 22078.91350 21872.03300 21662.55250 21370.12350 21160.81100 20948.90000 21621.59150 21412.27900 21200.36800 21875.37700 21666.06450 21454.15350 21164.10700 20952.37200 20738.04100 21415.57500 21203.84000 20989.50900 21669.36050 21457.62550 21243.29450
21619.46850 21410.15600 21198.24500 21873.90900 21664.59650 21452.68550 22130.65950 21921.34700 21709.43600 21413.45200 21201.71700 20987.38600 21667.89250 21456.15750 21241.82650 21924.64300 21712.90800 21498.57700 21204.96700 20990.81850 20774.07850 21459.40750 21245.25900 21028.51900 21716.15800 21502.00950 21285.26950
21665.80100 21454.06600 21239.73500 21923.20250 21711.46750 21497.13650 22182.90550 21971.17050 21756.83950 21457.31600 21243.16750 21026.42750 21714.71750 21500.56900 21283.82900 21974.42050 21760.27200 21543.53200 21246.37300 21029.82200 20810.68200 21503.77450 21287.22350 21068.08350 21763.47750 21546.92650 21327.78650
21712.65650 21498.50800 21281.76800 21973.00800 21758.85950 21542.11950 22235.65050 22021.50200 21804.76200 21501.71350 21285.16250 21066.02250 21762.06500 21545.51400 21326.37400 22024.70750 21808.15650 21589.01650 21288.32400 21069.37950 20847.85100 21548.67550 21329.73100 21108.20250 21811.31800 21592.37350 21370.84500
21760.03300 21543.48200 21324.34200 22023.32100 21806.77000 21587.63000 22288.89150 22072.34050 21853.20050 21546.64350 21327.69900 21106.17050 21809.93150 21590.98700 21369.45850 22075.50200 21856.55750 21635.02900 21330.81800 21109.49150 20885.58450 21594.10600 21372.77950 21148.87250 21859.67650 21638.35000 21414.44300
21807.92950 21588.98500 21367.45650 22074.14200 21855.19750 21633.66900 22342.62600 22123.68150 21902.15300 21592.10400 21370.77750 21146.87050 21858.31650 21636.99000 21413.08300 22126.80050 21905.47400 21681.56700 21373.85500 21150.15600 20923.88100 21640.06750 21416.36850 21190.09350 21908.55150 21684.85250 21458.57750
21856.34250 21635.01600 21411.10900 22125.46650 21904.14000 21680.23300 22396.85250 22175.52600 21951.61900 21638.09350 21414.39450 21188.11950 21907.21750 21683.51850 21457.24350 22178.60350 21954.90450 21728.62950 21417.43150 21191.37050 20962.74000 21686.55550 21460.49450 21231.86400 21957.94150 21731.88050 21503.25000
21905.27150 21681.57250 21455.29750 22177.29450 21953.59550 21727.32050 22451.56850 22227.86950 22001.59450 21684.60950 21458.54850 21229.91800 21956.63250 21730.57150 21501.94100 22230.90650 22004.84550 21776.21500 21461.54650 21233.13550 21002.15900 21733.56950 21505.15850 21274.18200 22007.84350 21779.43250 21548.45600
21954.71300 21728.65200 21500.02150 22229.62200 22003.56100 21774.93050 22506.77150 22280.71050 22052.08000 21731.65000 21503.23900 21272.26250 22006.55900 21778.14800 21547.17150 22283.70850 22055.29750 21824.32100 21506.19800 21275.44700 21042.13700 21781.10700 21550.35600 21317.04600 22058.25650 21827.50550 21594.19550
22004.66650 21776.25550 21545.27900 22282.44800 22054.03700 21823.06050 22562.45900 22334.04800 22103.07150 21779.21450 21548.46350 21315.15350 22056.99600 21826.24500 21592.93500 22337.00700 22106.25600 21872.94600 21551.38500 21318.30550 21082.67400 21829.16650 21596.08700 21360.45550 22109.17750 21876.09800 21640.46650
22055.12950 21824.37850 21591.06850 22335.77000 22105.01900 21871.70900 22618.62850 22387.87750 22154.56750 21827.30000 21594.22050 21358.58900 22107.94050 21874.86100 21639.22950 22390.79900 22157.71950 21922.08800 21597.10550 21361.70900 21123.76650 21877.74600 21642.34950 21404.40700 22160.60450 21925.20800 21687.26550
22106.09950 21873.02000 21637.38850 22389.58500 22156.50550 21920.87400 22675.27800 22442.19850 22206.56700 21875.90500 21640.50850 21402.56600 22159.39050 21923.99400 21686.05150 22445.08350 22209.68700 21971.74450 21643.35800 21405.65550 21165.41500 21926.84350 21689.14100 21448.90050 22212.53650 21974.83400 21734.59350
22157.57450 21922.17800 21684.23550 22443.89200 22208.49550 21970.55300 22732.40450 22497.00800 22259.06550 21925.02750 21687.32500 21447.08450 22211.34500 21973.64250 21733.40200 22499.85750 22262.15500 22021.91450 21690.13950 21450.14350 21207.61650 21976.45700 21736.46100 21493.93400 22264.96950 22024.97350 21782.44650
22209.55350 21971.85100 21731.61050 22498.68900 22260.98650 22020.74600 22790.00650 22552.30400 22312.06350 21974.66550 21734.66950 21492.14250 22263.80100 22023.80500 21781.27800 22555.11850 22315.12250 22072.59550 21737.45000 21495.17250 21250.37050 22026.58550 21784.30800 21539.50600 22317.90300 22075.62550 21830.82350
22262.03300 22022.03700 21779.51000 22553.97150 22313.97550 22071.44850 22848.08050 22608.08450 22365.55750 22024.81750 21782.54000 21537.73800 22316.75600 22074.47850 21829.67650 22610.86500 22368.58750 22123.78550 21785.28700 21540.73950 21293.67550 22077.22550 21832.67800 21585.61400 22371.33450 22126.78700 21879.72300
22315.01200 22072.73450 21827.93250 22609.73950 22367.46200 22122.66000 22906.62500 22664.34750 22419.54550 22075.48150 21830.93400 21583.87000 22370.20900 22125.66150 21878.59750 22667.09450 22422.54700 22175.48300 21833.64850 21586.84300 21337.53000 22128.37600 21881.57050 21632.25750 22425.26150 22178.45600 21929.14300
22368.48750 22123.94000 21876.87600 22665.99000 22421.44250 22174.37850 22965.63700 22721.08950 22474.02550 22126.65450 21879.84900 21630.53600 22424.15700 22177.35150 21928.03850 22723.80400 22476.99850 22227.68550 21882.53250 21633.48150 21381.93150 22180.03500 21930.98400 21679.43400 22479.68200 22230.63100 21979.08100
22422.45850 22175.65300 21926.34000 22722.72000 22475.91450 22226.60150 23025.11400 22778.30850 22528.99550 22178.33650 21929.28550 21677.73550 22478.59800 22229.54700 21977.99700 22780.99200 22531.94100 22280.39100 21931.93750 21680.65400 21426.88050 22232.19900 21980.91550 21727.14200 22534.59300 22283.30950 22029.53600
22476.92150 22227.87050 21976.32050 22779.92850 22530.87750 22279.32750 23085.05400 22836.00300 22584.45300 22230.52250 21979.23900 21725.46550 22533.52950 22282.24600 22028.47250 22838.65500 22587.37150 22333.59800 21981.86050 21728.35750 21472.37250 22284.86750 22031.36450 21775.37950 22589.99300 22336.49000 22080.50500
22531.87450 22280.59100 22026.81750 22837.61050 22586.32700 22332.55350 23145.45250 22894.16900 22640.39550 22283.21250 22029.70950 21773.72450 22588.94850 22335.44550 22079.46050 22896.79050 22643.28750 22387.30250 22032.30150 21776.59100 21518.40850 22338.03750 22082.32700 21824.14450 22645.87950 22390.16900 22131.98650
22587.31550 22333.81250 22077.82750 22895.76650 22642.26350 22386.27850 23206.30900 22952.80600 22696.82100 22336.40450 22080.69400 21822.51150 22644.85550 22389.14500 22130.96250 22955.39800 22699.68750 22441.50500 22083.25700 21825.35300 21564.98650 22391.70800 22133.80400 21873.43750 22702.25050 22444.34650 22183.98000
22643.24250 22387.53200 22129.34950 22954.39250 22698.68200 22440.49950 23267.62050 23011.91000 22753.72750 22390.09500 22132.19100 21871.82450 22701.24500 22443.34100 22182.97450 23014.47300 22756.56900 22496.20250 22134.72550 21874.64050 21612.10350 22445.87550 22185.79050 21923.25350 22759.10350 22499.01850 22236.48150
22699.65350 22441.74950 22181.38300 23013.48650 22755.58250 22495.21600 23329.38350 23071.47950 22811.11300 22444.28400 22184.19900 21921.66200 22758.11700 22498.03200 22235.49500 23074.01400 22813.92900 22551.39200 22186.70650 21924.45400 21659.75900 22500.53950 22238.28700 21973.59200 22816.43650 22554.18400 22289.48900
22756.54500 22496.46000 22233.92300 23073.04600 22812.96100 22550.42400 23391.59600 23131.51100 22868.97400 22498.96750 22236.71500 21972.02000 22815.46850 22553.21600 22288.52100 23134.01850 22871.76600 22607.07100 22239.19500 21974.78850 21707.95100 22555.69600 22291.28950 22024.45200 22874.24600 22609.83950 22343.00200
22813.91700 22551.66450 22286.96950 23133.06900 22870.81650 22606.12150 23454.25650 23192.00400 22927.30900 22554.14450 22289.73800 22022.90050 22873.29650 22608.89000 22342.05250 23194.48400 22930.07750 22663.24000 22292.19200 22025.64550 21756.67800 22611.34400 22344.79750 22075.83000 22932.53150 22665.98500 22397.01750
22871.76400 22607.35750 22340.52000 23193.55250 22929.14600 22662.30850 23517.35950 23252.95300 22986.11550 22609.81150 22343.26500 22074.29750 22931.60000 22665.05350 22396.08600 23255.40700 22988.86050 22719.89300 22345.69250 22077.02000 21805.93750 22667.48100 22398.80850 22127.72600 22991.28800 22722.61550 22451.53300
22930.08600 22663.53950 22394.57200 23254.49350 22987.94700 22718.97950 23580.90500 23314.35850 23045.39100 22665.96700 22397.29450 22126.21200 22990.37450 22721.70200 22450.61950 23316.78600 23048.11350 22777.03100 22399.69650 22128.91250 21855.72850 22724.10400 22453.32000 22180.13600 23050.51550 22779.73150 22506.54750
22988.87950 22720.20700 22449.12450 23315.88900 23047.21650 22776.13400 23644.88850 23376.21600 23105.13350 22722.60900 22451.82500 22178.64100 23049.61850 22778.83450 22505.65050 23378.61800 23107.83400 22834.65000 22454.20200 22181.31950 21906.04950 22781.21150 22508.32900 22233.05900 23110.21100 22837.32850 22562.05850
23048.14250 22777.35850 22504.17450 23377.73800 23106.95400 22833.77000 23709.30750 23438.52350 23165.33950 22779.73550 22506.85300 22231.58300 23109.33100 22836.44850 22561.17850 23440.90050 23168.01800 22892.74800 22509.20600 22234.24000 21956.89850 22838.80150 22563.83550 22286.49400 23170.37100 22895.40500 22618.06350
23107.87250 22834.99000 22559.72000 23440.03750 23167.15500 22891.88500 23774.16000 23501.27750 23226.00750 22837.34300 22562.37700 22285.03550 23169.50800 22894.54200 22617.20050 23503.63050 23228.66450 22951.32300 22564.70600 22287.67100 22008.27200 22896.87100 22619.83600 22340.43700 23230.99350 22953.95850 22674.55950
23168.06750 22893.10150 22615.76000 23502.78400 23227.81800 22950.47650 23839.44300 23564.47700 23287.13550 22895.43050 22618.39550 22338.99650 23230.14700 22953.11200 22673.71300 23566.80600 23289.77100 23010.37200 22620.70100 22341.61150 22060.17100 22955.41750 22676.32800 22394.88750 23292.07650 23012.98700 22731.54650
23228.72450 22951.68950 22672.29050 23565.97600 23288.94100 23009.54200 23905.15350 23628.11850 23348.71950 22953.99500 22674.90550 22393.46500 23291.24650 23012.15700 22730.71650 23630.42400 23351.33450 23069.89400 22677.18900 22396.06000 22112.59150 23014.44050 22733.31150 22449.84300 23353.61800 23072.48900 22789.02050
23289.84100 23010.75150 22729.31100 23629.60950 23350.52000 23069.07950 23971.28800 23692.19850 23410.75800 23013.03500 22731.90600 22448.43750 23352.80350 23071.67450 22788.20600 23694.48200 23413.35300 23129.88450 22734.16600 22451.01250 22165.53250 23073.93450 22790.78100 22505.30100 23415.61300 23132.45950 22846.97950
23351.41500 23070.28600 22786.81750 23693.68350 23412.55450 23129.08600 24037.84500 23756.71600 23473.24750 23072.54600 22789.39250 22503.91250 23414.81450 23131.66100 22846.18100 23758.97600 23475.82250 23190.34250 22791.63100 22506.46850 22218.99100 23133.89950 22848.73700 22561.25950 23478.06100 23192.89850 22905.42100
23413.44250 23130.28900 22844.80900 23758.19350 23475.04000 23189.56000 24104.82000 23821.66650 23536.18650 23132.52750 22847.36500 22559.88750 23477.27850 23192.11600 22904.63850 23823.90500 23538.74250 23251.26500 22849.58150 22562.42500 22272.96700 23194.33250 22907.17600 22617.71800 23540.95900 23253.80250 22964.34450
23475.92300 23190.76050 22903.28300 23823.13800 23537.97550 23250.49800 24172.21200 23887.04950 23599.57200 23192.97700 22905.82050 22616.36250 23540.19200 23253.03550 22963.57750 23889.26600 23602.10950 23312.65150 22908.01600 22618.88050 22327.45750 23255.23100 22966.09550 22674.67250 23604.30500 23315.16950 23023.74650
23538.85250 23251.69600 22962.23800 23888.51300 23601.35650 23311.89850 24240.01650 23952.86000 23663.40200 23253.89150 22964.75600 22673.33300 23603.55200 23314.41650 23022.99350 23955.05550 23665.92000 23374.49700 22966.93150 22675.83300 22382.46000 23316.59200 23025.49350 22732.12050 23668.09550 23376.99700 23083.62400
23602.22850 23313.09300 23021.67000 23954.31750 23665.18200 23373.75900 24308.23150 24019.09600 23727.67300 23315.26850 23024.17000 22730.79700 23667.35750 23376.25900 23082.88600 24021.27150 23730.17300 23436.80000 23026.32450 22733.27900 22437.97300 23378.41350 23085.36800 22790.06200 23732.32750 23439.28200 23143.97600
23666.05000 23374.95150 23081.57850 24020.54800 23729.44950 23436.07650 24376.85300 24085.75450 23792.38150 23377.10600 23084.06050 22788.75450 23731.60400 23438.55850 23143.25250 24087.90900 23794.86350 23499.55750 23086.19550 22791.21850 22493.99500 23440.69350 23145.71650 22848.49300 23796.99850 23502.02150 23204.79800
23730.31150 23437.26600 23141.96000 24087.20050 23794.15500 23498.84900 24445.87900 24152.83350 23857.52750 23439.40100 23144.42400 22847.20050 23796.29000 23501.31300 23204.08950 24154.96850 23859.99150 23562.76800 23146.54000 22849.64750 22550.52300 23503.42900 23206.53650 22907.41200 23862.10750 23565.21500 23266.09050
23795.01250 23500.03550 23202.81200 24154.27350 23859.29650 23562.07300 24515.30600 24220.32900 23923.10550 23502.15150 23205.25900 22906.13450 23861.41250 23564.52000 23265.39550 24222.44500 23925.55250 23626.42800 23207.35550 22908.56450 22607.55500 23566.61650 23267.82550 22966.81600 23927.64900 23628.85800 23327.84850
23860.15000 23563.25750 23264.13300 24221.76400 23924.87150 23625.74700 24585.13150 24288.23900 23989.11450 23565.35400 23266.56300 22965.55350 23926.96800 23628.17700 23327.16750 24290.33550 23991.54450 23690.53500 23268.64050 22967.96700 22665.08950 23630.25450 23329.58100 23026.70350 23993.62200 23692.94850 23390.07100
23925.72050 23626.92950 23325.92000 24289.66850 23990.87750 23689.86800 24655.35150 24356.56050 24055.55100 23629.00700 23328.33350 23025.45600 23992.95500 23692.28150 23389.40400 24358.63800 24057.96450 23755.08700 23330.39300 23027.85300 22723.12400 23694.34100 23391.80100 23087.07200 24060.02400 23757.48400 23452.75500
23991.72200 23691.04850 23388.17100 24357.98450 24057.31100 23754.43350 24725.96300 24425.28950 24122.41200 23693.10800 23390.56800 23085.83900 24059.37050 23756.83050 23452.10150 24427.34900 24124.80900 23820.08000 23392.60950 23088.22050 22781.65700 23758.87200 23454.48300 23147.91950 24126.85050 23822.46150 23515.89800
24058.15150 23755.61150 23450.88250 24426.70900 24124.16900 23819.44000 24796.96450 24494.42450 24189.69550 23757.65300 23453.26400 23146.70050 24126.21050 23821.82150 23515.25800 24496.46600 24192.07700 23885.51350 23455.28800 23149.06600 22840.68550 23823.84550 23517.62350 23209.24300 24194.10100 23887.87900 23579.49850
24125.00600 23820.61700 23514.05350 24495.83900 24191.45000 23884.88650 24868.35100 24563.96200 24257.39850 23822.64100 23516.41900 23208.03850 24193.47400 23887.25200 23578.87150 24565.98600 24259.76400 23951.38350 23518.42550 23210.38850 22900.20750 23889.25850 23581.22150 23271.04050 24261.77050 23953.73350 23643.55250
24192.28350 23886.06150 23577.68100 24565.37200 24259.15000 23950.76950 24940.12050 24633.89850 24325.51800 23888.06800 23580.03100 23269.85000 24261.15650 23953.11950 23642.93850 24635.90500 24327.86800 24017.68700 23582.02050 23272.18450 22960.22150 23955.10900 23645.27300 23333.31000 24329.85750 24020.02150 23708.05850
24259.97950 23951.94250 23641.76150 24635.30400 24327.26700 24017.08600 25012.26850 24704.23150 24394.05050 23953.93200 23644.09600 23332.13300 24329.25650 24019.42050 23707.45750 24706.22100 24396.38500 24084.42200 23646.06950 23334.45300 23020.72400 24021.39400 23709.77750 23396.04850 24398.35850 24086.74200 23773.01300
24328.09300 24018.25700 23706.29400 24705.63300 24395.79700 24083.83400 25084.79350 24774.95750 24462.99450 24020.23050 23708.61400 23394.88500 24397.77050 24086.15400 23772.42500 24776.93100 24465.31450 24151.58550 23710.57050 23397.19000 23081.71400 24088.11050 23774.73000 23459.25400 24467.27100 24153.89050 23838.41450
24396.62050 24085.00400 23771.27500 24776.35500 24464.73850 24151.00950 25157.69150 24846.07500 24532.34600 24086.96050 23773.58000 23458.10400 24466.69500 24153.31450 23837.83850 24848.03150 24534.65100 24219.17500 23775.52050 23460.39450 23143.18850 24155.25500 23840.12900 23522.92300 24536.59150 24221.46550 23904.25950
24465.55850 24152.17800 23836.70200 24847.46850 24534.08800 24218.61200 25230.95950 24917.57900 24602.10300 24154.11850 23838.99250 23521.78650 24536.02850 24220.90250 23903.69650 24919.51950 24604.39350 24287.18750 23840.91750 23524.06300 23205.14450 24222.82750 23905.97300 23587.05450 24606.31850 24289.46400 23970.54550
24534.90450 24219.77850 23902.57250 24918.96800 24603.84200 24286.63600 25304.59300 24989.46700 24672.26100 24221.70350 23904.84900 23585.93050 24605.76700 24288.91250 23969.99400 24991.39200 24674.53750 24355.61900 23906.75850 23588.19350 23267.58100 24290.82200 23972.25700 23651.64450 24676.44700 24357.88200 24037.26950
24604.65600 24287.80150 23968.88300 24990.85250 24673.99800 24355.07950 25378.59050 25061.73600 24742.81750 24289.71100 23971.14600 23650.53350 24675.90750 24357.34250 24036.73000 25063.64550 24745.08050 24424.46800 23973.04100 23652.78350 23330.49550 24359.23750 24038.98000 23716.69200 24746.97550 24426.71800 24104.43000
24674.80900 24356.24400 24035.63150 25063.11800 24744.55300 24423.94050 25452.94800 25134.38300 24813.77050 24358.13900 24037.88150 23715.59350 24746.44800 24426.19050 24103.90250 25136.27800 24816.02050 24493.73250 24039.76100 23717.82950 23393.88500 24428.07000 24106.13850 23782.19400 24817.90000 24495.96850 24172.02400
24745.36200 24425.10450 24102.81650 25135.76250 24815.50500 24493.21700 25527.66250 25207.40500 24885.11700 24426.98400 24105.05250 23781.10800 24817.38450 24495.45300 24171.50850 25209.28450 24887.35300 24563.40850 24106.91800 23783.33100 23457.74700 24497.31850 24173.73150 23848.14750 24889.21850 24565.63150 24240.04750
24816.31050 24494.37900 24170.43450 25208.78050 24886.84900 24562.90450 25602.72900 25280.79750 24956.85300 24496.24450 24172.65750 23847.07350 24888.71450 24565.12750 24239.54350 25282.66300 24959.07600 24633.49200 24174.50850 23849.28450 23522.08050 24566.97850 24241.75450 23914.55050 24960.92700 24635.70300 24308.49900
24887.65250 24564.06550 24238.48150 25282.17050 24958.58350 24632.99950 25678.14650 25354.55950 25028.97550 24565.91650 24240.69250 23913.48850 24960.43450 24635.21050 24308.00650 25356.41050 25031.18650 24703.98250 24242.52850 23915.68600 23586.88150 24637.04650 24310.20400 23981.39950 25033.02250 24706.18000 24377.37550
24959.38400 24634.16000 24306.95600 25355.92850 25030.70450 24703.50050 25753.91000 25428.68600 25101.48200 24635.99600 24309.15350 23980.34900 25032.54050 24705.69800 24376.89350 25430.52200 25103.67950 24774.87500 24310.97700 23982.53450 23652.14700 24707.52150 24379.07900 24048.69150 25105.50300 24777.06050 24446.67300
25031.50300 24704.66050 24375.85600 25430.05150 25103.20900 24774.40450 25830.01600 25503.17350 25174.36900 24706.48400 24378.04150 24047.65400 25105.03250 24776.59000 24446.20250 25504.99700 25176.55450 24846.16700 24379.85100 24049.82800 23717.87750 24778.39950 24448.37650 24116.42600 25178.36400 24848.34100 24516.39050
25104.00600 24775.56350 24445.17600 25504.53800 25176.09550 24845.70800 25906.46350 25578.02100 25247.63350 24777.37300 24447.35000 24115.39950 25177.90500 24847.88200 24515.93150 25579.83050 25249.80750 24917.85700 24449.14600 24117.56100 23784.06750 24849.67800 24518.09300 24184.59950 25251.60350 24920.01850 24586.52500
25176.89000 24846.86700 24514.91650 25579.38200 25249.35900 24917.40850 25983.24600 25653.22300 25321.27250 24848.66300 24517.07800 24183.58450 25251.15500 24919.57000 24586.07650 25655.01900 25323.43400 24989.94050 24518.86150 24185.73450 23850.71600 24921.35350 24588.22650 24253.20800 25325.21750 24992.09050 24657.07200
25250.15100 24918.56600 24585.07250 25654.58100 25322.99600 24989.50250 26060.36150 25728.77650 25395.28300 24920.34950 24587.22250 24252.20400 25324.77950 24991.65250 24656.63400 25730.56000 25397.43300 25062.41450 24588.99250 24254.34250 23917.82000 24993.42250 24658.77250 24322.25000 25399.20300 25064.55300 24728.03050
25323.78700 24990.66000 24655.64150 25730.13250 25397.00550 25061.98700 26137.80600 25804.67900 25469.66050 24992.43000 24657.78000 24321.25750 25398.77550 25064.12550 24727.60300 25806.44900 25471.79900 25135.27650 24659.53850 24323.38450 23985.37650 25065.88400 24729.73000 24391.72200 25473.55750 25137.40350 24799.39550
25397.79400 25063.14400 24726.62150 25806.03200 25471.38200 25134.85950 26215.57600 25880.92600 25544.40350 25064.90250 24728.74850 24390.74050 25473.14050 25136.98650 24798.97850 25882.68450 25546.53050 25208.52250 24730.49400 24392.85700 24053.38350 25138.73200 24801.09500 24461.62150 25548.27600 25210.63900 24871.16550
25472.17000 25136.01600 24798.00800 25882.27800 25546.12400 25208.11600 26293.66950 25957.51550 25619.50750 25137.76150 24800.12450 24460.65100 25547.86950 25210.23250 24870.75900 25959.26100 25621.62400 25282.15050 24801.85800 24462.75650 24121.83850 25211.96600 24872.86450 24531.94650 25623.35750 25284.25600 24943.33800
25546.90950 25209.27250 24869.79900 25958.86450 25621.22750 25281.75400 26372.08050 26034.44350 25694.97000 25211.00600 24871.90450 24530.98650 25622.96100 25283.85950 24942.94150 26036.17700 25697.07550 25356.15750 24873.62700 24533.08150 24190.73800 25285.58200 24945.03650 24602.69300 25698.79800 25358.25250 25015.90900
25622.01150 25282.91000 24941.99200 26035.79000 25696.68850 25355.77050 26450.80650 26111.70500 25770.78700 25284.63250 24944.08700 24601.74350 25698.41100 25357.86550 25015.52200 26113.42750 25772.88200 25430.53850 24945.79750 24603.82850 24260.08100 25359.57600 25017.60700 24673.85950 25774.59250 25432.62350 25088.87600
25697.47200 25356.92650 25014.58300 26113.05100 25772.50550 25430.16200 26529.84450 26189.29900 25846.95550 25358.63700 25016.66800 24672.92050 25774.21600 25432.24700 25088.49950 26191.00950 25849.04050 25505.29300 25018.36700 24674.99450 24329.86250 25433.94600 25090.57350 24745.44150 25850.73950 25507.36700 25162.23500
25773.28750 25431.31850 25087.57100 26190.64300 25848.67400 25504.92650 26609.19000 26267.22100 25923.47350 25433.01750 25089.64500 24744.51300 25850.37300 25507.00050 25161.86850 26268.92000 25925.54750 25580.41550 25091.33250 24746.57750 24400.08150 25508.68800 25163.93300 24817.43700 25927.23500 25582.48000 25235.98400
25849.45450 25506.08200 25160.95000 26268.56300 25925.19050 25580.05850 26688.83950 26345.46700 26000.33500 25507.76950 25163.01450 24816.51850 25926.87800 25582.12300 25235.62700 26347.15450 26002.39950 25655.90350 25164.69100 24818.57350 24470.73500 25583.79950 25237.68200 24889.84350 26004.07600 25657.95850 25310.12000
25925.96950 25581.21450 25234.71850 26346.80700 26002.05200 25655.55600 26768.78950 26424.03450 26077.53850 25582.89100 25236.77350 24888.93500 26003.72850 25657.61100 25309.77250 26425.71100 26079.59350 25731.75500 25238.43950 24890.98000 24541.82000 25659.27700 25311.81750 24962.65750 26081.25950 25733.80000 25384.64000
26002.83050 25656.71300 25308.87450 26425.37300 26079.25550 25731.41700 26849.03650 26502.91900 26155.08050 25658.37900 25310.91950 24961.75950 26080.92150 25733.46200 25384.30200 26504.58500 26157.12550 25807.96550 25312.57500 24963.79450 24613.33350 25735.11750 25386.33700 25035.87600 26158.78100 25810.00050 25459.53950
26080.03300 25732.57350 25383.41350 26504.25600 26156.79650 25807.63650 26929.57650 26582.11700 26232.95700 25734.22900 25385.44850 25034.98750 26158.45200 25809.67150 25459.21050 26583.77250 26234.99200 25884.53100 25387.09400 25037.01400 24685.27350 25811.31700 25461.23700 25109.49650 26236.63750 25886.55750 25534.81700
26157.57350 25808.79300 25458.33200 26583.45300 26234.67250 25884.21150 27010.40550 26661.62500 26311.16400 25810.43850 25460.35850 25108.61800 26236.31800 25886.23800 25534.49750 26663.27050 26313.19050 25961.45000 25461.99400 25110.63500 24757.63600 25887.87350 25536.51450 25183.51550 26314.82600 25963.46700 25610.46800
26235.44850 25885.36850 25533.62800 26662.96050 26312.88050 25961.14000 27091.52050 26741.44050 26389.70000 25887.00400 25535.64500 25182.64600 26314.51600 25963.15700 25610.15800 26743.07600 26391.71700 26038.71800 25537.27050 25184.65450 24830.41900 25964.78250 25612.16650 25257.93100 26393.34250 26040.72650 25686.49100
26313.65600 25962.29700 25609.29800 26742.77450 26391.41550 26038.41650 27172.91750 26821.55850 26468.55950 25963.92250 25611.30650 25257.07100 26393.04100 26040.42500 25686.18950 26823.18400 26470.56800 26116.33250 25612.92200 25259.07050 24903.61950 26042.04050 25688.18900 25332.73800 26472.18350 26118.33200 25762.88100
26392.19100 26039.57500 25685.33950 26822.89150 26470.27550 26116.04000 27254.59200 26901.97600 26547.74050 26041.19050 25687.33900 25331.88800 26471.89100 26118.03950 25762.58850 26903.59150 26549.74000 26194.28900 25688.94500 25333.87900 24977.23500 26119.64550 25764.57950 25407.93550 26551.34600 26196.28000 25839.63600
26471.05000 26117.19850 25761.74750 26903.30750 26549.45600 26194.00500 27336.54050 26982.68900 26627.23800 26118.80450 25763.73850 25407.09450 26551.06200 26195.99600 25839.35200 26984.29500 26629.22900 26272.58500 25765.33550 25409.07700 25051.26150 26197.59300 25841.33450 25483.51900 26630.82600 26274.56750 25916.75200
26550.23000 26195.16400 25838.52000 26984.02000 26628.95400 26272.31000 27418.75950 27063.69350 26707.04950 26196.76100 25840.50250 25482.68700 26630.55100 26274.29250 25916.47700 27065.29050 26709.03200 26351.21650 25842.09050 25484.66150 25125.69650 26275.88050 25918.45150 25559.48650 26710.62000 26353.19100 25994.22600
26629.72800 26273.46950 25915.65400 27065.02400 26708.76550 26350.95000 27501.24500 27144.98650 26787.17100 26275.05750 25917.62850 25558.66350 26710.35350 26352.92450 25993.95950 27146.57450 26789.14550 26430.18050 25919.20700 25560.63000 25200.53800 26354.50300 25995.92600 25635.83400 26790.72400 26432.14700 26072.05500
26709.53950 26352.11050 25993.14550 27146.31600 26788.88700 26429.92200 27583.99300 27226.56400 26867.59900 26353.68900 25995.11200 25635.02000 26790.46550 26431.88850 26071.79650 27228.14250 26869.56550 26509.47350 25996.68200 25636.97850 25275.78150 26433.45850 26073.75500 25712.55800 26871.13550 26511.43200 26150.23500
26789.66050 26431.08350 26070.99150 27227.89250 26869.31550 26509.22350 27666.99900 27308.42200 26948.33000 26432.65350 26072.95000 25711.75300 26870.88550 26511.18200 26149.98500 27309.99200 26950.28850 26589.09150 26074.51200 25713.70450 25351.42500 26512.74400 26151.93650 25789.65700 26951.85050 26591.04300 26228.76350
26870.08900 26510.38550 26149.18850 27309.75050 26950.04700 26588.85000 27750.26000 27390.55650 27029.35950 26511.94750 26151.14000 25788.86050 26951.60900 26590.80150 26228.52200 27392.11850 27031.31100 26669.03150 26152.69300 25790.80450 25427.46550 26592.35450 26230.46600 25867.12700 27032.86400 26670.97550 26307.63650
26950.82050 26590.01300 26227.73350 27391.88500 27031.07750 26668.79800 27833.77250 27472.96500 27110.68550 26591.56600 26229.67750 25866.33850 27032.63050 26670.74200 26307.40300 27474.51800 27112.62950 26749.29050 26231.22250 25868.27500 25503.89900 26672.28700 26309.33950 25944.96350 27114.17450 26751.22700 26386.85100
27031.85100 26669.96250 26306.62350 27474.29200 27112.40350 26749.06450 27917.53050 27555.64200 27192.30300 26671.50750 26308.56000 25944.18400 27113.94850 26751.00100 26386.62500 27557.18700 27194.23950 26829.86350 26310.09700 25946.11350 25580.72450 26752.53800 26388.55450 26023.16550 27195.77650 26831.79300 26466.40400
27113.17750 26750.23000 26385.85400 27556.96950 27194.02200 26829.64600 28001.53200 27638.58450 27274.20850 26751.76700 26387.78350 26022.39450 27195.55900 26831.57550 26466.18650 27640.12150 27276.13800 26910.74900 26389.31300 26024.31600 25657.93650 26833.10500 26468.10800 26101.72850 27277.66750 26912.67050 26546.29100
27194.79600 26830.81250 26465.42350 27639.91150 27275.92800 26910.53900 28085.77150 27721.78800 27356.39900 26832.34200 26467.34500 26100.96550 27277.45750 26912.46050 26546.08100 27723.31750 27358.32050 26991.94100 26468.86700 26102.88050 25735.53300 26913.98250 26547.99600 26180.64850 27359.84250 26993.85600 26626.50850
27276.70300 26911.70600 26545.32650 27723.11600 27358.11900 26991.73950 28170.24650 27805.24950 27438.87000 26913.22800 26547.24150 26179.89400 27359.64100 26993.65450 26626.30700 27806.77150 27440.78500 27073.43750 26548.75550 26181.80250 25813.51100 26995.16850 26628.21550 26259.92400 27442.29900 27075.34600 26707.05450
27358.89450 26992.90800 26625.56050 27806.57750 27440.59100 27073.24350 28254.95150 27888.96500 27521.61750 26994.42200 26627.46900 26259.17750 27442.10500 27075.15200 26706.86050 27890.47900 27523.52600 27155.23450 26628.97550 26261.07950 25891.86750 27076.65850 26708.76250 26339.55050 27525.03250 27157.13650 26787.92450
27441.36600 27074.41300 26706.12150 27890.29200 27523.33900 27155.04750 28339.88250 27972.92950 27604.63800 27075.91950 26708.02350 26338.81150 27524.84550 27156.94950 26787.73750 27974.43600 27606.54000 27237.32800 26709.52300 26340.70700 25970.59850 27158.44900 26789.63300 26419.52450 27608.03950 27239.22350 26869.11500
27524.11500 27156.21900 26787.00700 27974.25700 27606.36100 27237.14900 28425.03650 28057.14050 27687.92850 27157.71850 26788.90250 26418.79400 27607.86050 27239.04450 26868.93600 28058.64000 27689.82400 27319.71550 26790.39500 26420.68300 26049.70100 27240.53700 26870.82500 26499.84300 27691.31650 27321.60450 26950.62250
27607.13700 27238.32100 26868.21250 28058.46750 27689.65150 27319.54300 28510.40800 28141.59200 27771.48350 27239.81350 26870.10150 26499.11950 27691.14400 27321.43200 26950.45000 28143.08450 27773.37250 27402.39050 26871.58750 26501.00300 26129.17250 27322.91800 26952.33350 26580.50300 27774.85850 27404.27400 27032.44350
27690.42900 27320.71700 26949.73500 28142.92000 27773.20800 27402.22600 28595.99450 28226.28250 27855.30050 27322.20300 26951.61850 26579.78800 27774.69400 27404.10950 27032.27900 28227.76850 27857.18400 27485.35350 26953.09800 26581.66500 26209.00900 27405.58900 27034.15600 26661.50000 27858.66350 27487.23050 27114.57450
27773.98600 27403.40150 27031.57100 28227.61050 27857.02600 27485.19550 28681.79050 28311.20600 27939.37550 27404.88100 27033.44800 26660.79200 27858.50550 27487.07250 27114.41650 28312.68550 27941.25250 27568.59650 27034.92050 26662.66400 26289.20750 27488.54500 27116.28850 26742.83200 27942.72500 27570.46850 27197.01200
27857.80500 27486.37200 27113.71600 28312.53450 27941.10150 27568.44550 28767.79200 28396.35900 28023.70300 27487.84450 27115.58800 26742.13150 27942.57400 27570.31750 27196.86100 28397.83150 28025.57500 27652.11850 27117.05450 26743.99750 26369.76450 27571.78400 27198.72700 26824.49400 28027.04150 27653.98450 27279.75150
27941.88150 27569.62500 27196.16850 28397.68800 28025.43150 27651.97500 28853.99450 28481.73800 28108.28150 27571.09150 27198.03450 26823.80150 28026.89800 27653.84100 27279.60800 28483.20450 28110.14750 27735.91450        nan        nan        nan        nan        nan        nan        nan        nan        nan
