       nan        nan        nan        nan        nan        nan        nan        nan        nan 28839.08500        nan        nan        nan        nan        nan        nan        nan        nan 28836.20150 28793.29400        nan        nan        nan        nan        nan        nan        nan
28842.23350        nan        nan 28879.00100        nan        nan        nan        nan        nan 28839.35000 28796.44250        nan 28876.11750 28833.21000        nan        nan        nan        nan 28833.57900 28790.31600 28754.53000 28870.34650 28827.08350 28791.29750        nan        nan        nan
28845.65550 28802.74800        nan 28882.94050 28840.03300        nan 28913.75250 28870.84500        nan 28839.88450 28796.62150 28760.83550 28877.16950 28833.90650 28798.12050 28907.98150 28864.71850 28828.93250 28831.22150 28787.42300 28750.70600 28868.50650 28824.70800 28787.99100 28899.31850 28855.52000 28818.80300
28849.36100 28806.09800 28770.31200 28887.42500 28844.16200 28808.37600 28919.57200 28876.30900 28840.52300 28840.69800 28796.89950 28760.18250 28878.76200 28834.96350 28798.24650 28910.90900 28867.11050 28830.39350 28829.13250 28784.62150 28746.70600 28867.19650 28822.68550 28784.77000 28899.34350 28854.83250 28816.91700
28853.36750 28809.56900 28772.85200 28892.46700 28848.66850 28811.95150 28926.29500 28882.49650 28845.77950 28841.80200 28797.29100 28759.37550 28880.90150 28836.39050 28798.47500 28914.72950 28870.21850 28832.30300 28827.32500 28781.92450 28742.57250 28866.42450 28821.02400 28781.67200 28900.25250 28854.85200 28815.50000
28857.68750 28813.17650 28775.26100 28898.07250 28853.56150 28815.64600 28933.87000 28889.35900 28851.44350 28843.21050 28797.81000 28758.45800 28883.59550 28838.19500 28798.84300 28919.39300 28873.99250 28834.64050 28825.80900 28779.34700 28738.35150 28866.19400 28819.73200 28778.73650 28901.99150 28855.52950 28814.53400
28862.33950 28816.93900 28777.58700 28904.24450 28858.84400 28819.49200 28942.24600 28896.84550 28857.49350 28844.93800 28798.47600 28757.48050 28886.84300 28840.38100 28799.38550 28924.84450 28878.38250 28837.38700 28824.59950 28776.91050 28734.09250 28866.50450 28818.81550 28775.99750 28904.50600 28856.81700 28813.99900
28867.33600 28820.87400 28779.87850 28910.97900 28864.51700 28823.52150 28951.37300 28904.91100 28863.91550 28846.99750 28799.30850 28756.49050 28890.64050 28842.95150 28800.13350 28931.03450 28883.34550 28840.52750 28823.70850 28774.63450 28729.84200 28867.35150 28818.27750 28773.48500 28907.74550 28858.67150 28813.87900
28872.68900 28825.00000 28782.18200 28918.26700 28870.57800 28827.76000 28961.20550 28913.51650 28870.69850 28849.40000 28800.32600 28755.53350 28894.97800 28845.90400 28801.11150 28937.91650 28888.84250 28844.05000 28823.14750 28772.54050 28725.64450 28868.72550 28818.11850 28771.22250 28911.66400 28861.05700 28814.16100
28878.40800 28829.33400 28784.54150 28926.09750 28877.02350 28832.23100 28971.70200 28922.62800 28877.83550 28852.15550 28801.54850 28754.65250 28899.84500 28849.23800 28802.34200 28945.44950 28894.84250 28847.94650 28822.92650 28770.65000 28721.54100 28870.61600 28818.33950 28769.23050 28916.22050 28863.94400 28814.83500
28884.50000 28833.89300 28786.99700 28934.45550 28883.84850 28836.95250 28982.82550 28932.21850 28885.32250 28855.27100 28802.99450 28753.88550 28905.22650 28852.95000 28803.84100 28953.59650 28901.32000 28852.21100 28823.05550 28768.98250 28717.56700 28873.01100 28818.93800 28767.52250 28921.38100 28867.30800 28815.89250
28890.97000 28838.69350 28789.58450 28943.32650 28891.05000 28841.94100 28994.54350 28942.26700 28893.15800 28858.75450 28804.68150 28753.26600 28911.11100 28857.03800 28805.62250 28962.32800 28908.25500 28856.83950 28823.54050 28767.55600 28713.75650 28875.89700 28819.91250 28766.11300 28927.11400 28871.12950 28817.33000
28897.82250 28843.74950 28792.33400 28952.69750 28898.62450 28847.20900 29006.82800 28952.75500 28901.33950 28862.60850 28806.62400 28752.82450 28917.48350 28861.49900 28807.69950 28971.61400 28915.62950 28861.83000 28824.38700 28766.38750 28710.13550 28879.26200 28821.26250 28765.01050 28933.39250 28875.39300 28819.14100
28905.05700 28849.07250 28795.27300 28962.55300 28906.56850 28852.76900 29019.65250 28963.66800 28909.86850 28866.83550 28808.83600 28752.58400 28924.33150 28866.33200 28810.08000 28981.43100 28923.43150 28867.17950 28825.59900 28765.49100 28706.72900 28883.09500 28822.98700 28764.22500 28940.19450 28880.08650 28821.32450
28912.67550 28854.67600 28798.42400 28972.87950 28914.88000 28858.62800 29032.99550 28974.99600 28918.74400 28871.43900 28811.33100 28752.56900 28931.64300 28871.53500 28812.77300 28991.75900 28931.65100 28872.88900 28827.17950 28764.87800 28703.55750 28887.38350 28825.08200 28763.76150 28947.49950 28885.19800 28823.87750
28920.67800 28860.57000 28801.80800 28983.66600 28923.55800 28864.79600 29046.83750 28986.72950 28927.96750 28876.41850 28814.11700 28752.79650 28939.40650 28877.10500 28815.78450 29002.57800 28940.27650 28878.95600 28829.13000 28764.56050 28700.63800 28892.11800 28827.54850 28763.62600 28955.28950 28890.72000 28826.79750
28929.06300 28866.76150 28805.44100 28994.90100 28932.59950 28871.27900 29061.16200 28998.86050 28937.54000 28881.77450 28817.20500 28753.28250 28947.61250 28883.04300 28819.12050 29013.87350 28949.30400 28885.38150 28831.45250 28764.54850 28697.98600 28897.29050 28830.38650 28763.82400 28963.55150 28896.64750 28830.08500
28937.83000 28873.26050 28809.33800 29006.57400 28942.00450 28878.08200 29075.95250 29011.38300 28947.46050 28887.50800 28820.60400 28754.04150 28956.25200 28889.34800 28822.78550 29025.63050 28958.72650 28892.16400 28834.14900 28764.84900 28695.61500 28902.89300 28833.59300 28764.35900 28972.27150 28902.97150 28833.73750
28946.97700 28880.07300 28813.51050 29018.67650 28951.77250 28885.21000 29091.19800 29024.29400 28957.73150 28893.61800 28824.31800 28755.08400 28965.31750 28896.01750 28826.78350 29037.83900 28968.53900 28899.30500 28837.21850 28765.46900 28693.53500 28908.91800 28837.16850 28765.23450 28981.43950 28909.69000 28837.75600
28956.50350 28887.20350 28817.96950 29031.20100 28961.90100 28892.66700 29106.88600 29037.58600 28968.35200 28900.10400 28828.35450 28756.42050 28974.80150 28903.05200 28831.11800 29050.48650 28978.73700 28906.80300 28840.66050 28766.41450 28691.75650 28915.35800 28841.11200 28766.45400 28991.04300 28916.79700 28842.13900
28966.40900 28894.65950 28822.72550 29044.13950 28972.39000 28900.45600 29123.00750 29051.25800 28979.32400 28906.96550 28832.71950 28758.06150 28984.69600 28910.45000 28835.79200 29063.56400 28989.31800 28914.66000 28844.47800 28767.69300 28690.28800 28922.20850 28845.42350 28768.01850 29001.07650 28924.29150 28846.88650
28976.68850 28902.44250 28827.78450 29057.48550 28983.23950 28908.58150 29139.55100 29065.30500 28990.64700 28914.20100 28837.41600 28760.01100 28994.99800 28918.21300 28840.80800 29077.06350 29000.27850 28922.87350 28848.66750 28769.30600 28689.13550 28929.46450 28850.10300 28769.93250 29011.53000 28932.16850 28851.99800
28987.34300 28910.55800 28833.15300 29071.23350 28994.44850 28917.04350 29156.51050 29079.72550 29002.32050 28921.80950 28842.44800 28762.27750 29005.70000 28926.33850 28846.16800 29090.97700 29011.61550 28931.44500 28853.23050 28771.25800 28688.30500 28937.12100 28855.14850 28772.19550 29022.39800 28940.42550 28857.47250
28998.37000 28919.00850 28838.83800 29085.37900 29006.01750 28925.84700 29173.87800 29094.51650 29014.34600 28929.79100 28847.81850 28764.86550 29016.80000 28934.82750 28851.87450 29105.29900 29023.32650 28940.37350 28858.16600 28773.55250 28687.80250 28945.17500 28860.56150 28774.81150 29033.67400 28949.06050 28863.31050
29009.76900 28927.79650 28844.84350 29099.91600 29017.94350 28934.99050 29191.64850 29109.67600 29026.72300 28938.14400 28853.53050 28767.78050 29028.29100 28943.67750 28857.92750 29120.02350 29035.41000 28949.66000 28863.47350 28776.19350 28687.63300 28953.62050 28866.34050 28777.78000 29045.35300 28958.07300 28869.51250
29021.53750 28936.92400 28851.17400 29114.84100 29030.22750 28944.47750 29209.81400 29125.20050 29039.45050 28946.86700 28859.58700 28771.02650 29040.17050 28952.89050 28864.33000 29135.14350 29047.86350 28959.30300 28869.15300 28779.18150 28687.80050 28962.45650 28872.48500 28781.10400 29057.42950 28967.45800 28876.07700
29033.67400 28946.39400 28857.83350 29130.15000 29042.87000 28954.30950 29228.37100 29141.09100 29052.53050 28955.96000 28865.98850 28774.60750 29052.43600 28962.46450 28871.08350 29150.65700 29060.68550 28969.30450 28875.20350 28782.51950 28688.30700 28971.67950 28878.99550 28784.78300 29069.90050 28977.21650 28883.00400
29046.17800 28956.20650 28864.82550 29145.83900 29055.86750 28964.48650 29247.31500 29157.34350 29065.96250 28965.42150 28872.73750 28778.52500 29065.08250 28972.39850 28878.18600 29166.55850 29073.87450 28979.66200 28881.62350 28786.20900 28689.15650 28981.28450 28885.87000 28788.81750 29082.76050 28987.34600 28890.29350
29059.04800 28966.36400 28872.15150 29161.90600 29069.22200 28975.00950 29266.64050 29173.95650 29079.74400 28975.25000 28879.83550 28782.78300 29078.10800 28982.69350 28885.64100 29182.84250 29087.42800 28990.37550 28888.41400 28790.25250 28690.35200 28991.27200 28893.11050 28793.21000 29096.00650 28997.84500 28897.94450
29072.28150 28976.86700 28879.81450 29178.34650 29082.93200 28985.87950 29286.34300 29190.92850 29093.87600 28985.44550 28887.28400 28787.38350 29091.51050 28993.34900 28893.44850 29199.50700 29101.34550 29001.44500 28895.57300 28794.64950 28691.89600 29001.63800 28900.71450 28797.96100 29109.63450 29008.71100 28905.95750
29085.87750 28987.71600 28887.81550 29195.15750 29096.99600 28997.09550 29306.42000 29208.25850 29108.35800 28996.00500 28895.08150 28792.32800 29105.28500 29004.36150 28901.60800 29216.54750 29115.62400 29012.87050 28903.10000 28799.40100 28693.78850 29012.38000 28908.68100 28803.06850 29123.64250 29019.94350 28914.33100
29099.83550 28998.91200 28896.15850 29212.33750 29111.41400 29008.66050 29326.86750 29225.94400 29123.19050 29006.93050 28903.23150 28797.61900 29119.43250 29015.73350 28910.12100 29233.96250 29130.26350 29024.65100 28910.99500 28804.51000 28696.03350 29023.49700 28917.01200 28808.53550 29138.02700 29031.54200 28923.06550
29114.15450 29010.45550 28904.84300 29229.88400 29126.18500 29020.57250 29347.68350 29243.98450 29138.37200 29018.21900 28911.73400 28803.25750 29133.94850 29027.46350 28918.98700 29251.74800 29145.26300 29036.78650 28919.25750 28809.97550 28698.63150 29034.98700 28925.70500 28814.36100 29152.78650 29043.50450 28932.16050
29128.83150 29022.34650 28913.87000 29247.79300 29141.30800 29032.83150 29368.86250 29262.37750 29153.90100 29029.87000 28920.58800 28809.24400 29148.83150 29039.54950 28928.20550 29269.90100 29160.61900 29049.27500 28927.88450 28815.79850 28701.58400 29046.84600 28934.76000 28820.54550 29167.91550 29055.82950 28941.61500
29143.86750 29034.58550 28923.24150 29266.06500 29156.78300 29045.43900 29390.40400 29281.12200 29169.77800 29041.88200 28929.79600 28815.58150 29164.07950 29051.99350 28937.77900 29288.41850 29176.33250 29062.11800 28936.87750 28821.97950 28704.89250 29059.07500 28944.17700 28827.09000 29183.41400 29068.51600 28951.42900
29159.25900 29047.17300 28932.95850 29284.69500 29172.60900 29058.39450 29412.30300 29300.21700 29186.00250 29054.25450 28939.35650 28822.26950 29179.69050 29064.79250 28947.70550 29307.29850 29192.40050 29075.31350 28946.23500 28828.51800 28708.55650 29071.67100 28953.95400 28833.99250 29199.27900 29081.56200 28961.60050
29175.00600 29060.10800 28943.02100 29303.68250 29188.78450 29071.69750 29434.55900 29319.66100 29202.57400 29066.98650 28949.26950 28829.30800 29195.66300 29077.94600 28957.98450 29326.53950 29208.82250 29088.86100 28955.95650 28835.41550 28712.57800 29084.63300 28964.09200 28841.25450 29215.50950 29094.96850 28972.13100
29191.10700 29073.39000 28953.42850 29323.02500 29205.30800 29085.34650 29457.16800 29339.45100 29219.48950 29080.07700 28959.53600 28836.69850 29211.99500 29091.45400 28968.61650 29346.13800 29225.59700 29102.75950 28966.04000 28842.67100 28716.95750 29097.95800 28974.58900 28848.87550 29232.10100 29108.73200 28983.01850
29207.56100 29087.02000 28964.18250 29342.72100 29222.18000 29099.34250 29480.12900 29359.58800 29236.75050 29093.52400 28970.15500 28844.44150 29228.68400 29105.31500 28979.60150 29366.09200 29242.72300 29117.00950 28976.48600 28850.28500 28721.69550 29111.64600 28985.44500 28856.85550 29249.05400 29122.85300 28994.26350
29224.36650 29100.99750 28975.28400 29362.76750 29239.39850 29113.68500 29503.43800 29380.06900 29254.35550 29107.32850 28981.12750 28852.53800 29245.72950 29119.52850 28990.93900 29386.40000 29260.19900 29131.60950 28987.29400 28858.25750 28726.79300 29125.69500 28996.65850 28865.19400 29266.36550 29137.32900 29005.86450
29241.52250 29115.32150 28986.73200 29383.16400 29256.96300 29128.37350 29527.09400 29400.89300 29272.30350 29121.48800 28992.45150 28860.98700 29263.12950 29134.09300 29002.62850 29407.05950 29278.02300 29146.55850 28998.46150 28866.58850 28732.24900 29140.10300 29008.23000 28873.89050 29284.03300 29152.16000 29017.82050
29259.02800 29129.99150 28998.52700 29403.90850 29274.87200 29143.40750 29551.09450 29422.05800 29290.59350 29136.00150 29004.12850 28869.78900 29280.88200 29149.00900 29014.66950 29428.06800 29296.19500 29161.85550 29009.98900 28875.27750 28738.06500 29154.86950 29020.15800 28882.94550 29302.05550 29167.34400 29030.13150
29276.88100 29145.00800 29010.66850 29424.99900 29293.12600 29158.78650 29575.43700 29443.56400 29309.22450 29150.86850 29016.15700 28878.94450 29298.98650 29164.27500 29027.06250 29449.42450 29314.71300 29177.50050 29021.87500 28884.32400 28744.24050 29169.99300 29032.44200 28892.35850 29320.43100 29182.88000 29042.79650
29295.08100 29160.36950 29023.15700 29446.43300 29311.72150 29174.50900 29600.11950 29465.40800 29328.19550 29166.08750 29028.53650 28888.45300 29317.43950 29179.88850 29039.80500 29471.12600 29333.57500 29193.49150 29034.11900 28893.72850 28750.77600 29185.47100 29045.08050 28902.12800 29339.15750 29198.76700 29055.81450
29313.62600 29176.07500 29035.99150 29468.21000 29330.65900 29190.57550 29625.14000 29487.58900 29347.50550 29181.65750 29041.26700 28898.31450 29336.24150 29195.85100 29052.89850 29493.17150 29352.78100 29209.82850 29046.71950 28903.49000 28757.67100 29201.30350 29058.07400 28912.25500 29358.23350 29215.00400 29069.18500
29332.51500 29192.12450 29049.17200 29490.32650 29349.93600 29206.98350 29650.49600 29510.10550 29367.15300 29197.57700 29054.34750 28908.52850 29355.38850 29212.15900 29066.34000 29515.55800 29372.32850 29226.50950 29059.67550 28913.60800 28764.92550 29217.48700 29071.41950 28922.73700 29377.65650 29231.58900 29082.90650
29351.74650 29208.51700 29062.69800 29512.78300 29369.55350 29223.73450 29676.18600 29532.95650 29387.13750 29213.84500 29067.77750 28919.09500 29374.88150 29228.81400 29080.13150 29538.28450 29392.21700 29243.53450 29072.98650 28924.08250 28772.53950 29234.02300 29085.11900 28933.57600 29397.42600 29248.52200 29096.97900
29371.32000 29225.25250 29076.57000 29535.57600 29389.50850 29240.82600 29702.20750 29556.14000 29407.45750 29230.46150 29081.55750 28930.01450 29394.71750 29245.81350 29094.27050 29561.34900 29412.44500 29260.90200 29086.65250 28934.91300 28780.51350 29250.90850 29099.16900 28944.76950 29417.54000 29265.80050 29111.40100
29391.23300 29242.32900 29090.78600 29558.70500 29409.80100 29258.25800 29728.55950 29579.65550 29428.11250 29247.42400 29095.68450 28941.28500 29414.89600 29263.15650 29108.75700 29584.75050 29433.01100 29278.61150 29100.67050 28946.09800 28788.84600 29268.14250 29113.57000 28956.31800 29437.99700 29283.42450 29126.17250
29411.48500 29259.74550 29105.34600 29582.16800 29430.42850 29276.02900 29755.23900 29603.49950 29449.10000 29264.73150 29110.15900 28952.90700 29435.41450 29280.84200 29123.59000 29608.48550 29453.91300 29296.66100 29115.03950 28957.63700 28797.53700 29285.72250 29128.32000 28968.22000 29458.79350 29301.39100 29141.29100
29432.07500 29277.50250 29120.25050 29605.96300 29451.39050 29294.13850 29782.24450 29627.67200 29470.42000 29282.38300 29124.98050 28964.88050 29456.27100 29298.86850 29138.76850 29632.55250 29475.15000 29315.05000 29129.76100 28969.53100 28806.58750 29303.64900 29143.41900 28980.47550 29479.93050 29319.70050 29156.75700
29453.00000 29295.59750 29135.49750 29630.08750 29472.68500 29312.58500 29809.57300 29652.17050 29492.07050 29300.37800 29140.14800 28977.20450 29477.46550 29317.23550 29154.29200 29656.95100 29496.72100 29333.77750 29144.83200 28981.77850 28815.99550 29321.91950 29158.86600 28993.08300 29501.40500 29338.35150 29172.56850
29474.26100 29314.03100 29151.08750 29654.54200 29494.31200 29331.36850 29837.22400 29676.99400 29514.05050 29318.71500 29155.66150 28989.87850 29498.99600 29335.94250 29170.15950 29681.67800 29518.62450 29352.84150 29160.25200 28994.37850 28825.76200 29340.53300 29174.65950 29006.04300 29523.21500 29357.34150 29188.72500
29495.85450 29332.80100 29167.01800 29679.32300 29516.26950 29350.48650 29865.19500 29702.14150 29536.35850 29337.39150 29171.51800 29002.90150 29520.86000 29354.98650 29186.37000 29706.73200 29540.85850 29372.24200 29176.01900 29007.32950 28835.88500 29359.48750 29190.79800 29019.35350 29545.35950 29376.67000 29205.22550
29517.78000 29351.90650 29183.29000 29704.42900 29538.55550 29369.93900 29893.48350 29727.61000 29558.99350 29356.40750 29187.71800 29016.27350 29543.05650 29374.36700 29202.92250 29732.11100 29563.42150 29391.97700 29192.13300 29020.63250 28846.36500 29378.78200 29207.28150 29033.01400 29567.83650 29396.33600 29222.06850
29540.03600 29371.34650 29199.90200 29729.85850 29561.16900 29389.72450 29922.08800 29753.39850 29581.95400 29375.76150 29204.26100 29029.99350 29565.58400 29394.08350 29219.81600 29757.81350 29586.31300 29412.04550 29208.59250 29034.28550 28857.20050 29398.41500 29224.10800 29047.02300 29590.64450 29416.33750 29239.25250
29562.62050 29391.12000 29216.85250 29755.61000 29584.10950 29409.84200 29951.00700 29779.50650 29605.23900 29395.45150 29221.14450 29044.05950 29588.44100 29414.13400 29237.04900 29783.83800 29609.53100 29432.44600 29225.39600 29048.28700 28868.39200 29418.38550 29241.27650 29061.38150 29613.78250 29436.67350 29256.77850
29585.53300 29411.22600 29234.14100 29781.68150 29607.37450 29430.28950 29980.23700 29805.93000 29628.84500 29415.47750 29238.36850 29058.47350 29611.62600 29434.51700 29254.62200 29810.18150 29633.07250 29453.17750 29242.54300 29062.63800 28879.93800 29438.69150 29258.78650 29076.08650 29637.24700 29457.34200 29274.64200
29608.77150 29431.66250 29251.76750 29808.07150 29630.96250 29451.06750 30009.77800 29832.66900 29652.77400 29435.83700 29255.93200 29073.23200 29635.13700 29455.23200 29272.53200 29836.84350 29656.93850 29474.23850 29260.03150 29077.33650 28891.83900 29459.33150 29276.63650 29091.13900 29661.03800 29478.34300 29292.84550
29632.33350 29452.42850 29269.72850 29834.77800 29654.87300 29472.17300 30039.62600 29859.72100 29677.02100 29456.52800 29273.83300 29088.33550 29658.97250 29476.27750 29290.78000 29863.82050 29681.12550 29495.62800 29277.86050 29092.38100 28904.09200 29480.30500 29294.82550 29106.53650 29685.15300 29499.67350 29311.38450
29656.21900 29473.52400 29288.02650 29861.79800 29679.10300 29493.60550 30069.78050 29887.08550 29701.58800 29477.55150 29292.07200 29103.78300 29683.13050 29497.65100 29309.36200 29891.11300 29705.63350 29517.34450 29296.02950 29107.77150 28916.69850 29501.60850 29313.35050 29122.27750 29709.59100 29521.33300 29330.26000
29680.42600 29494.94650 29306.65750 29889.13200 29703.65250 29515.36350 30100.23850 29914.75900 29726.47000 29498.90400 29310.64600 29119.57300 29707.61000 29519.35200 29328.27900 29918.71650 29730.45850 29539.38550 29314.53650 29123.50700 28929.65700 29523.24250 29332.21300 29138.36300 29734.34900 29543.31950 29349.46950
29704.95250 29516.69450 29325.62150 29916.77700 29728.51900 29537.44600 30130.99900 29942.74100 29751.66800 29520.58500 29329.55550 29135.70550 29732.40950 29541.38000 29347.53000 29946.63150 29755.60200 29561.75200 29333.38050 29139.58600 28942.96650 29545.20500 29351.41050 29154.79100 29759.42700 29565.63250 29369.01300
29729.79700 29538.76750 29344.91750 29944.73100 29753.70150 29559.85150 30162.05850 29971.02900 29777.17900 29542.59250 29348.79800 29152.17850 29757.52650 29563.73200 29367.11250 29974.85400 29781.05950 29584.44000 29352.55950 29156.00700 28956.62600 29567.49350 29370.94100 29171.56000 29784.82100 29588.26850 29388.88750
29754.95900 29561.16450 29364.54500 29972.99300 29779.19850 29582.57900 30193.41600 29999.62150 29803.00200 29564.92600 29368.37350 29168.99250 29782.96000 29586.40750 29387.02650 30003.38300 29806.83050 29607.44950 29372.07450 29172.77050 28970.63600 29590.10850 29390.80450 29188.67000 29810.53150 29611.22750 29409.09300
29780.43500 29583.88250 29384.50150 30001.55950 29805.00700 29605.62600 30225.06950 30028.51700 29829.13600 29587.58350 29388.27950 29186.14500 29808.70800 29609.40400 29407.26950 30032.21800 29832.91400 29630.77950 29391.92100 29189.87350 28984.99350 29613.04550 29410.99800 29206.11800 29836.55550 29634.50800 29429.62800
29806.22500 29606.92100 29404.78650 30030.43050 29831.12650 29628.99200 30257.01700 30057.71300 29855.57850 29610.56250 29408.51500 29203.63500 29834.76800 29632.72050 29427.84050 30061.35450 29859.30700 29654.42700 29412.09950 29207.31650 28999.69900 29636.30500 29431.52200 29223.90450 29862.89150 29658.10850 29450.49100
29832.32500 29630.27750 29425.39750 30059.60250 29857.55500 29652.67500 30289.25450 30087.20700 29882.32700 29633.86200 29429.07900 29221.46150 29861.13950 29656.35650 29448.73900 30090.79150 29886.00850 29678.39100 29432.60750 29225.09650 29014.75000 29659.88500 29452.37400 29242.02750 29889.53700 29682.02600 29471.67950
29858.73600 29653.95300 29446.33550 30089.07450 29884.29150 29676.67400 30321.78150 30116.99850 29909.38100 29657.48150 29449.97050 29239.62400 29887.82000 29680.30900 29469.96250 30120.52700 29913.01600 29702.66950 29453.44500 29243.21450 29030.14750 29683.78350 29473.55300 29260.48600 29916.49050 29706.26000 29493.19300
29885.45500 29677.94400 29467.59750 30118.84400 29911.33300 29700.98650 30354.59650 30147.08550 29936.73900 29681.41850 29471.18800 29258.12100 29914.80750 29704.57700 29491.51000 30150.56000 29940.32950 29727.26250 29474.61000 29261.66750 29045.89000 29707.99900 29495.05650 29279.27900 29943.75150 29730.80900 29515.03150
29912.48000 29702.24950 29489.18250 30148.91000 29938.67950 29725.61250 30387.69600 30177.46550 29964.39850 29705.67150 29492.72900 29276.95150 29942.10150 29729.15900 29513.38150 30180.88750 29967.94500 29752.16750 29496.10050 29280.45500 29061.97450 29732.53050 29516.88500 29298.40450 29971.31650 29755.67100 29537.19050
29939.81000 29726.86750 29511.09000 30179.26950 29966.32700 29750.54950 30421.07850 30208.13600 29992.35850 29730.23900 29514.59350 29296.11300 29969.69850 29754.05300 29535.57250 30211.50750 29995.86200 29777.38150 29517.91550 29299.57600 29078.40300 29757.37500 29539.03550 29317.86250 29999.18400 29780.84450 29559.67150
29967.44250 29751.79700 29533.31650 30209.92100 29994.27550 29775.79500 30454.74150 30239.09600 30020.61550 29755.11900 29536.77950 29315.60650 29997.59750 29779.25800 29558.08500 30242.41800 30024.07850 29802.90550 29540.05400 29319.02800 29095.17150 29782.53250 29561.50650 29337.65000 30027.35300 29806.32700 29582.47050
29995.37600 29777.03650 29555.86350 30240.86200 30022.52250 29801.34950 30488.68250 30270.34300 30049.17000 29780.31100 29559.28500 29335.42850 30025.79700 29804.77100 29580.91450 30273.61750 30052.59150 29828.73500 29562.51300 29338.81150 29112.28050 29807.99900 29584.29750 29357.76650 30055.81950 29832.11800 29605.58700
30023.60950 29802.58350 29578.72700 30272.09200 30051.06600 29827.20950 30522.90100 30301.87500 30078.01850 29805.81150 29582.11000 29355.57900 30054.29400 29830.59250 29604.06150 30305.10300 30081.40150 29854.87050 29585.29250 29358.92400 29129.72900 29833.77500 29607.40650 29378.21150 30084.58400 29858.21550 29629.02050
30052.13850 29828.43700 29601.90600 30303.60650 30079.90500 29853.37400 30557.39200 30333.69050 30107.15950 29831.61950 29605.25100 29376.05600 30083.08750 29856.71900 29627.52400 30336.87300 30110.50450 29881.30950 29608.38950 29379.36350 29147.51400 29859.85750 29630.83150 29398.98200 30113.64300 29884.61700 29652.76750
30080.96450 29854.59600 29625.40100 30335.40500 30109.03650 29879.84150 30592.15550 30365.78700 30136.59200 29857.73450 29628.70850 29396.85900 30112.17500 29883.14900 29651.29950 30368.92550 30139.89950 29908.05000 29631.80400 29400.13050 29165.63700 29886.24450 29654.57100 29420.07750 30142.99500 29911.32150 29676.82800
30110.08350 29881.05750 29649.20800 30367.48500 30138.45900 29906.60950 30627.18800 30398.16200 30166.31250 29884.15300 29652.47950 29417.98600 30141.55450 29909.88100 29675.38750 30401.25750 30169.58400 29935.09050 29655.53350 29421.22150 29184.09450 29912.93500 29678.62300 29441.49600 30172.63800 29938.32600 29701.19900
30139.49350 29907.82000 29673.32650 30399.84500 30168.17150 29933.67800 30662.48750 30430.81400 30196.32050 29910.87400 29676.56200 29439.43500 30171.22550 29936.91350 29699.78650 30433.86800 30199.55600 29962.42900 29679.57550 29442.63650 29202.88650 29939.92700 29702.98800 29463.23800 30202.56950 29965.63050 29725.88050
30169.19350 29934.88150 29697.75450 30432.48150 30198.16950 29961.04250 30698.05200 30463.74000 30226.61300 29937.89500 29700.95600 29461.20600 30201.18300 29964.24400 29724.49400 30466.75350 30229.81450 29990.06450 29703.93000 29464.37350 29222.01050 29967.21800 29727.66150 29485.29850 30232.78850 29993.23200 29750.86900
30199.18100 29962.24200 29722.49200 30465.39350 30228.45450 29988.70450 30733.87750 30496.93850 30257.18850 29965.21600 29725.65950 29483.29650 30231.42850 29991.87200 29749.50900 30499.91250 30260.35600 30017.99300 29728.59450 29486.43100 29241.46650 29994.80700 29752.64350 29507.67900 30263.29100 30021.12750 29776.16300
30229.45450 29989.89800 29747.53500 30498.57850 30259.02200 30016.65900 30769.96450 30530.40800 30288.04500 29992.83300 29750.66950 29505.70500 30261.95700 30019.79350 29774.82900 30533.34300 30291.17950 30046.21500 29753.56700 29508.80800 29261.25200 30022.69100 29777.93200 29530.37600 30294.07700 30049.31800 29801.76200
30260.01100 30017.84750 29772.88300 30532.03400 30289.87050 30044.90600 30806.30800 30564.14450 30319.18000 30020.74500 29775.98600 29528.43000 30292.76800 30048.00900 29800.45300 30567.04200 30322.28300 30074.72700 29778.84700 29531.50150 29281.36650 30050.87000 29803.52450 29553.38950 30325.14400 30077.79850 29827.66350
30290.84850 30046.08950 29798.53350 30565.75750 30320.99850 30073.44250 30842.90700 30598.14800 30350.59200 30048.95050 29801.60500 29551.47000 30323.85950 30076.51400 29826.37900 30601.00900 30353.66350 30103.52850 29804.43050 29554.51100 29301.80750 30079.33950 29829.42000 29576.71650 30356.48900 30106.56950 29853.86600
30321.96700 30074.62150 29824.48650 30599.74850 30352.40300 30102.26800 30879.75950 30632.41400 30382.27900 30077.44700 29827.52750 29574.82400 30355.22850 30105.30900 29852.60550 30635.23950 30385.32000 30132.61650 29830.31850 29577.83550 29322.57550 30108.10000 29855.61700 29600.35700 30388.11100 30135.62800 29880.36800
30353.36200 30103.44250 29850.73900 30634.00250 30384.08300 30131.37950 30916.86100 30666.94150 30414.23800 30106.23350 29853.75050 29598.49050 30386.87400 30134.39100 29879.13100 30669.73250 30417.24950 30161.98950 29856.50700 29601.47200 29343.66700 30137.14750 29882.11250 29624.30750 30420.00600 30164.97100 29907.16600
30385.03300 30132.55000 29877.29000 30668.51850 30416.03550 30160.77550 30954.21150 30701.72850 30446.46850 30135.30650 29880.27150 29622.46650 30418.79200 30163.75700 29905.95200 30704.48500 30449.45000 30191.64500 29882.99500 29625.42000 29365.08150 30166.48050 29908.90550 29648.56700 30452.17350 30194.59850 29934.26000
30416.97600 30161.94100 29904.13600 30703.29350 30448.25850 30190.45350 30991.80600 30736.77100 30478.96600 30164.66450 29907.08950 29646.75100 30450.98200 30193.40700 29933.06850 30739.49450 30481.91950 30221.58100 29909.78100 29649.67650 29386.81700 30196.09850 29935.99400 29673.13450 30484.61100 30224.50650 29961.64700
30449.19050 30191.61550 29931.27700 30738.32600 30480.75100 30220.41250 31029.64350 30772.06850 30511.73000 30194.30700 29934.20250 29671.34300 30483.44250 30223.33800 29960.47850 30774.76000 30514.65550 30251.79600 29936.86250 29674.24150 29408.87300 30225.99800 29963.37700 29698.00850 30517.31550 30254.69450 29989.32600
30481.67450 30221.57000 29958.71050 30773.61300 30513.50850 30250.64900 31067.72200 30807.61750 30544.75800 30224.23000 29961.60900 29696.24050 30516.16850 30253.54750 29988.17900 30810.27750 30547.65650 30282.28800 29964.23850 29699.11250 29431.24700 30256.17700 29991.05100 29723.18550 30550.28600 30285.16000 30017.29450
30514.42450 30251.80350 29986.43500 30809.15200 30546.53100 30281.16250 31106.03750 30843.41650 30578.04800 30254.43300 29989.30700 29721.44150 30549.16050 30284.03450 30016.16900 30846.04600 30580.92000 30313.05450 29991.90600 29724.28750 29453.93800 30286.63350 30019.01500 29748.66550 30583.51900 30315.90050 30045.55100
30547.43900 30282.31300 30014.44750 30844.94150 30579.81550 30311.95000 31144.58850 30879.46250 30611.59700 30284.91200 30017.29350 29746.94400 30582.41450 30314.79600 30044.44650 30882.06150 30614.44300 30344.09350 30019.86300 29749.76450 29476.94300 30317.36550 30047.26700 29774.44550 30617.01250 30346.91400 30074.09250
30580.71600 30313.09750 30042.74800 30880.97750 30613.35900 30343.00950 31183.37150 30915.75300 30645.40350 30315.66700 30045.56850 29772.74700 30615.92850 30345.83000 30073.00850 30918.32250 30648.22400 30375.40250 30048.10950 29775.54250 29500.26300 30348.37100 30075.80400 29800.52450 30650.76500 30378.19800 30102.91850
30614.25200 30344.15350 30071.33200 30917.25900 30647.16050 30374.33900 31222.38450 30952.28600 30679.46450 30346.69450 30074.12750 29798.84800 30649.70150 30377.13450 30101.85500 30954.82700 30682.26000 30406.98050 30076.64100 29801.61900 29523.89350 30379.64800 30104.62600 29826.90050 30684.77350 30409.75150 30132.02600
30648.04650 30375.47950 30100.20000 30953.78250 30681.21550 30405.93600 31261.62450 30989.05750 30713.77800 30377.99300 30102.97100 29825.24550 30683.72900 30408.70700 30130.98150 30991.57100 30716.54900 30438.82350 30105.45700 29827.99250 29547.83450 30411.19300 30133.72850 29853.57050 30719.03500 30441.57050 30161.41250
30682.09600 30407.07400 30129.34850 30990.54700 30715.52500 30437.79950 31301.08950 31026.06750 30748.34200 30409.56000 30132.09550 29851.93750 30718.01100 30440.54650 30160.38850 31028.55350 30751.08900 30470.93100 30134.55500 29854.66150 29572.08400 30443.00600 30163.11250 29880.53500 30753.54850 30473.65500 30191.07750
30716.39800 30438.93350 30158.77550 31027.54800 30750.08350 30469.92550 31340.77600 31063.31150 30783.15350 30441.39300 30161.49950 29878.92200 30752.54300 30472.64950 30190.07200 31065.77100 30785.87750 30503.30000 30163.93250 29881.62300 29596.63950 30475.08250 30192.77300 29907.78950 30788.31050 30506.00100 30221.01750
30750.95150 30471.05800 30188.48050 31064.78450 30784.89100 30502.31350 31380.68150 31100.78800 30818.21050 30473.49100 30191.18150 29906.19800 30787.32400 30505.01450 30220.03100 31103.22100 30820.91150 30535.92800 30193.58950 29908.87700 29621.50150 30507.42250 30222.71000 29935.33450 30823.31950 30538.60700 30251.23150
30785.75200 30503.44250 30218.45900 31102.25300 30819.94350 30534.96000 31420.80300 31138.49350 30853.51000 30505.85050 30221.13800 29933.76250 30822.35150 30537.63900 30250.26350 31140.90150 30856.18900 30568.81350 30223.52050 29936.41900 29646.66500 30540.02150 30252.92000 29963.16600 30858.57150 30571.47000 30281.71600
30820.80000 30536.08750 30248.71200 31139.95200 30855.23950 30567.86400 31461.13950 31176.42700 30889.05150 30538.47000 30251.36850 29961.61450 30857.62200 30570.52050 30280.76650 31178.80950 30891.70800 30601.95400 30253.72650 29964.25000 29672.13050 30572.87850 30283.40200 29991.28250 30894.06600 30604.58950 30312.47000
30856.08950 30568.98800 30279.23400 31177.87800 30890.77650 30601.02250 31501.68500 31214.58350 30924.82950 30571.34600 30281.86950 29989.75000 30893.13450 30603.65800 30311.53850 31216.94150 30927.46500 30635.34550 30284.20400 29992.36500 29697.89500 30605.99250 30314.15350 30019.68350 30929.79950 30637.96050 30343.49050
30891.62050 30602.14400 30310.02450 31216.02800 30926.55150 30634.43200 31542.43950 31252.96300 30960.84350 30604.47850 30312.63950 30018.16950 30928.88600 30637.04700 30342.57700 31255.29750 30963.45850 30668.98850 30314.95050 30020.76350 29723.95750 30639.35800 30345.17100 30048.36500 30965.76950 30671.58250 30374.77650
30927.39100 30635.55200 30341.08200 31254.40050 30962.56150 30668.09150 31583.40000 31291.56100 30997.09100 30637.86300 30343.67600 30046.87000 30964.87250 30670.68550 30373.87950 31293.87200 30999.68500 30702.87900 30345.96400 30049.44450 29750.31600 30672.97350 30376.45400 30077.32550 31001.97300 30705.45350 30406.32500
30963.39650 30669.20950 30372.40350 31292.99200 30998.80500 30701.99900 31624.56150 31330.37450 31033.56850 30671.49750 30374.97800 30075.84950 31001.09300 30704.57350 30405.44500 31332.66250 31036.14300 30737.01450 30377.24350 30078.40400 29776.96800 30706.83900 30407.99950 30106.56350 31038.40850 30739.56900 30438.13300
30999.63450 30703.11500 30403.98650 31331.79950 31035.28000 30736.15150 31665.92200 31369.40250 31070.27400 30705.38050 30406.54100 30105.10500 31037.54550 30738.70600 30437.27000 31371.66800 31072.82850 30771.39250 30408.78450 30107.64000 29803.91150 30740.94950 30439.80500 30136.07650 31075.07200 30773.92750 30470.19900
31036.10500 30737.26550 30435.82950 31370.82150 31071.98200 30770.54600 31707.48050 31408.64100 31107.20500 30739.50900 30438.36450 30134.63600 31074.22550 30773.08100 30469.35250 31410.88450 31109.74000 30806.01150 30440.58700 30137.15250 29831.14600 30775.30350 30471.86900 30165.86250 31111.96250 30808.52800 30502.52150
31072.80300 30771.65850 30467.93000 31410.05450 31108.91000 30805.18150 31749.23200 31448.08750 31144.35900 30773.88100 30470.44650 30164.44000 31111.13250 30807.69800 30501.69150 31450.31000 31146.87550 30840.86900 30472.64800 30166.93750 29858.66800 30809.89950 30504.18900 30195.91950 31149.07700 30843.36650 30535.09700
31109.72700 30806.29250 30500.28600 31449.49550 31146.06100 30840.05450 31791.17400 31487.73950 31181.73300 30808.49400 30502.78350 30194.51400 31148.26250 30842.55200 30534.28250 31489.94100 31184.23050 30875.96100 30504.96450 30196.99350 29886.47600 30844.73300 30536.76200 30226.24450 31186.41150 30878.44050 30567.92300
31146.87400 30841.16350 30532.89400 31489.14250 31183.43200 30875.16250 31833.30400 31527.59350 31219.32400 30843.34450 30535.37350 30224.85600 31185.61300 30877.64200 30567.12450 31529.77450 31221.80350 30911.28600 30537.53400 30227.31800 29914.56800 30879.80250 30569.58650 30256.83650 31223.96400 30913.74800 30600.99800
31184.24100 30876.27000 30565.75250 31528.99200 31221.02100 30910.50350 31875.61850 31567.64750 31257.13000 30878.43050 30568.21450 30255.46450 31223.18150 30912.96550 30600.21550 31569.80800 31259.59200 30946.84200 30570.35550 30257.90900 29942.94200 30915.10650 30602.66000 30287.69300 31261.73300 30949.28650 30634.31950
31221.82600 30911.61000 30598.86000 31569.04100 31258.82500 30946.07500 31918.11500 31607.89900 31295.14900 30913.75100 30601.30450 30286.33750 31260.96600 30948.51950 30633.55250 31610.04000 31297.59350 30982.62650 30603.42550 30288.76450 29971.59600 30950.64050 30635.97950 30318.81100 31299.71450 30985.05350 30667.88500
31259.62650 30947.18000 30632.21300 31609.28700 31296.84050 30981.87350 31960.79050 31648.34400 31333.37700 30949.30100 30634.64000 30317.47150 31298.96150 30984.30050 30667.13200 31650.46500 31335.80400 31018.63550 30636.74250 30319.88200 30000.52800 30986.40300 30669.54250 30350.18850 31337.90650 31021.04600 30701.69200
31297.63800 30982.97700 30665.80850 31649.72700 31335.06600 31017.89750 32003.64100 31688.98000 31371.81150 30985.07950 30668.21900 30348.86500 31337.16850 31020.30800 30700.95400 31691.08250 31374.22200 31054.86800 30670.30300 30351.25900 30029.73450 31022.39200 30703.34800 30381.82350 31376.30600 31057.26200 30735.73750
31335.86100 31019.00050 30699.64650 31690.35900 31373.49850 31054.14450 32046.66400 31729.80350 31410.44950 31021.08450 30702.04050 30380.51600 31375.58250 31056.53850 30735.01400 31731.88750 31412.84350 31091.31900 30704.10550 30382.89400 30059.21600 31058.60350 30737.39200 30413.71400 31414.90850 31093.69700 30770.01900
31374.29000 31055.24600 30733.72150 31731.17900 31412.13500 31090.61050 32089.85750 31770.81350 31449.28900 31057.31100 30736.09950 30412.42150 31414.20000 31092.98850 30769.31050 31772.87850 31451.66700 31127.98900 30738.14750 30414.78350 30088.96800 31095.03650 30771.67250 30445.85700 31453.71500 31130.35100 30804.53550
31412.92250 31091.71100 30768.03300 31772.18350 31450.97200 31127.29400 32133.21600 31812.00450 31488.32650 31093.75900 30770.39500 30444.57950 31453.02000 31129.65600 30803.84050 31814.05250 31490.68850 31164.87300 30772.42500 30446.92600 30118.98900 31131.68600 30806.18700 30478.25000 31492.71850 31167.21950 30839.28250
31451.75750 31128.39350 30802.57800 31813.37150 31490.00750 31164.19200 32176.73900 31853.37500 31527.55950 31130.42350 30804.92450 30476.98750 31492.03750 31166.53850 30838.60150 31855.40500 31529.90600 31201.96900 30806.93800 30479.31900 30149.27750 31168.55200 30840.93300 30510.89150 31531.91950 31204.30050 30874.25900
31490.79000 31165.29100 30837.35400 31854.73800 31529.23900 31201.30200 32220.42100 31894.92200 31566.98500 31167.30450 30839.68550 30509.64400 31531.25250 31203.63350 30873.59200 31896.93550 31569.31650 31239.27500 30841.68200 30511.96050 30179.83050 31205.63000 30875.90850 30543.77850 31571.31300 31241.59150 30909.46150
31530.01950 31202.40050 30872.35900 31896.28200 31568.66300 31238.62150 32264.26050 31936.64150 31606.60000 31204.39700 30874.67550 30542.54550 31570.65950 31240.93800 30908.80800 31938.63800 31608.91650 31276.78650 30876.65550 30544.84750 30210.64650 31242.91800 30911.11000 30576.90900 31610.89650 31279.08850 30944.88750
31569.44050 31239.71900 30907.58900 31937.99800 31608.27650 31276.14650 32308.25350 31978.53200 31646.40200 31241.69900 30909.89100 30575.69000 31610.25650 31278.44850 30944.24750 31980.51200 31648.70400 31314.50300 30911.85450 30577.97750 30241.72200 31280.41200 30946.53500 30610.27950 31650.66750 31316.79050 30980.53500
31609.05200 31277.24400 30943.04300 31979.88500 31648.07700 31313.87600 32352.39700 32020.58900 31686.38800 31279.20750 30945.33050 30609.07500 31650.04050 31316.16350 30979.90800 32022.55250 31688.67550 31352.42000 30947.27800 30611.34850 30273.05600 31318.11100 30982.18150 30643.88900 31690.62300 31354.69350 31016.40100
31648.85000 31314.97300 30978.71750 32021.93850 31688.06150 31351.80600 32396.68700 32062.81000 31726.55450 31316.92050 30980.99100 30642.69850 31690.00900 31354.07950 31015.78700 32064.75750 31728.82800 31390.53550 30982.92350 30644.95800 30304.64550 31356.01200 31018.04650 30677.73400 31730.76050 31392.79500 31052.48250
31688.83200 31352.90250 31014.61000 32064.15650 31728.22700 31389.93450 32441.12100 32105.19150 31766.89900 31354.83500 31016.86950 30676.55700 31730.15950 31392.19400 31051.88150 32107.12400 31769.15850 31428.84600 31018.78650 30678.80300 30336.48750 31394.11100 31054.12750 30711.81200 31771.07550 31431.09200 31088.77650
31728.99600 31391.03050 31050.71800 32106.53600 31768.57050 31428.25800 32485.69650 32147.73100 31807.41850 31392.94750 31052.96400 30710.64850 31770.48750 31430.50400 31088.18850 32149.64800 31809.66450 31467.34900 31054.86600 30712.88150 30368.58100 31432.40600 31090.42150 30746.12100 31811.56650 31469.58200 31125.28150
31769.33750 31429.35400 31087.03850 32149.07200 31809.08850 31466.77300 32530.40850 32190.42500 31848.10950 31431.25600 31089.27150 30744.97100 31810.99050 31469.00600 31124.70550 32192.32700 31850.34250 31506.04200 31091.15900 30747.19050 30400.92300 31470.89350 31126.92500 30780.65750 31852.23000 31508.26150 31161.99400
31809.85400 31467.86950 31123.56900 32191.76400 31849.77950 31505.47900 32575.25500 32233.27050 31888.97000 31469.75700 31125.78850 30779.52100 31851.66700 31507.69850 31161.43100 32235.15800 31891.18950 31544.92200 31127.66200 30781.72800 30433.51050 31509.57200 31163.63800 30815.42050 31893.06300 31547.12900 31198.91150
31850.54300 31506.57450 31160.30700 32234.60650 31890.63800 31544.37050 32620.23150 32276.26300 31929.99550 31508.44800 31162.51400 30814.29650 31892.51150 31546.57750 31198.36000 32278.13650 31932.20250 31583.98500 31164.37300 30816.49100 30466.34200 31548.43650 31200.55450 30850.40550 31934.06150 31586.17950 31236.03050
31891.40050 31545.46650 31197.24900 32277.59700 31931.66300 31583.44550 32665.33500 32319.40100 31971.18350 31547.32550 31199.44350 30849.29450 31933.52200 31585.64000 31235.49100 32321.26000 31973.37800 31623.22900 31201.28900 30851.47650 30499.41500 31587.48550 31237.67300 30885.61150 31975.22350 31625.41100 31273.34950
31932.42350 31584.54150 31234.39250 32320.73250 31972.85050 31622.70150 32710.56250 32362.68050 32012.53150 31586.38700 31236.57450 30884.51300 31974.69600 31624.88350 31272.82200 32364.52600 32014.71350 31662.65200 31238.40650 30886.68250 30532.72550 31626.71550 31274.99150 30921.03450 32016.54550 31664.82150 31310.86450
31973.61000 31623.79750 31271.73600 32364.01050 32014.19800 31662.13650 32755.91050 32406.09800 32054.03650 31625.62950 31273.90550 30919.94850 32016.03000 31664.30600 31310.34900 32407.93000 32056.20600 31702.24900 31275.72400 30922.10650 30566.27250 31666.12450 31312.50700 30956.67300 32058.02450 31704.40700 31348.57300
32014.95600 31663.23200 31309.27500 32407.42600 32055.70200 31701.74500 32801.37450 32449.65050 32095.69350 31665.05050 31311.43300 30955.59900 32057.52050 31703.90300 31348.06900 32451.46900 32097.85150 31742.01750 31313.23850 30957.74500 30600.05350 31705.70850 31350.21500 30992.52350 32099.65700 31744.16350 31386.47200
32056.45850 31702.84100 31347.00700 32450.97650 32097.35900 31741.52500 32846.95250 32493.33500 32137.50100 31704.64650 31349.15300 30991.46150 32099.16450 31743.67100 31385.97950 32495.14050 32139.64700 31781.95550 31350.94600 30993.59600 30634.06450 31745.46400 31388.11400 31028.58250 32141.44000 31784.09000 31424.55850
32098.11400 31742.62050 31384.92900 32494.65850 32139.16500 31781.47350 32892.64000 32537.14650 32179.45500 31744.41350 31387.06350 31027.53200 32140.95800 31783.60800 31424.07650 32538.93950 32181.58950 31822.05800 31388.84350 31029.65600 30668.30400 31785.38800 31426.20050 31064.84850 32183.36950 31824.18200 31462.83000
32139.92050 31782.57050 31423.03900 32538.46900 32181.11900 31821.58750 32938.43350 32581.08350 32221.55200 31784.35050 31425.16300 31063.81100 32182.89900 31823.71150 31462.35950 32582.86350 32223.67600 31862.32400 31426.93100 31065.92400 30702.77100 31825.47950 31464.47250 31101.31950 32225.44400 31864.43700 31501.28400
32181.87250 31822.68500 31461.33300 32582.40450 32223.21700 31861.86500 32984.33000 32625.14250 32263.79050 31824.45300 31463.44600 31100.29300 32224.98500 31863.97800 31500.82500 32626.91050 32265.90350 31902.75050 31465.20150 31102.39450 30737.45900 31865.73350 31502.92650 31137.99100 32267.65900 31904.85200 31539.91650
32223.97000 31862.96300 31499.81000 32626.46200 32265.45500 31902.30200 33030.32600 32669.31900 32306.16600 31864.71850 31501.91150 31136.97600 32267.21050 31904.40350 31539.46800 32671.07450 32308.26750 31943.33200 31503.65550 31139.06750 30772.36900 31906.14750 31541.55950 31174.86100 32310.01150 31945.42350 31578.72500
32266.20650 31903.39950 31538.46400 32670.63650 32307.82950 31942.89400 33076.41700 32713.61000 32348.67450 31905.14350 31540.55550 31173.85700 32309.57350 31944.98550 31578.28700 32715.35400 32350.76600 31984.06750 31542.28750 31175.93800 30807.49600 31946.71750 31580.36800 31211.92600 32352.49800 31986.14850 31617.70650
32308.58100 31943.99300 31577.29450 32714.92650 32350.33850 31983.64000 33122.60000 32758.01200 32391.31350 31945.72500 31579.37550 31210.93350 32352.07050 31985.72100 31617.27900 32759.74400 32393.39450 32024.95250 31581.09600 31213.00400 30842.83800 31987.44150 31619.34950 31249.18350 32395.11500 32027.02300 31656.85700
32351.08900 31984.73950 31616.29750 32759.32700 32392.97750 32024.53550 33168.87100 32802.52150 32434.07950 31986.46000 31618.36800 31248.20200 32394.69800 32026.60600 31656.44000 32804.24200 32436.15000 32065.98400 31620.07800 31250.26300 30878.39350 32028.31600 31658.50100 31286.63150 32437.86000 32068.04500 31696.17550
32393.72750 32025.63550 31655.46950 32803.83550 32435.74350 32065.57750 33215.22700 32847.13500 32476.96900 32027.34550 31657.53050 31285.66100 32437.45350 32067.63850 31695.76900 32848.84500 32479.03000 32107.16050 31659.22900 31287.71100 30914.15750 32069.33700 31697.81900 31324.26550 32480.72850 32109.21050 31735.65700
32436.49350 32066.67850 31694.80900 32848.44850 32478.63350 32106.76400 33261.66450 32891.84950 32519.98000 32068.37700 31696.85900 31323.30550 32480.33200 32108.81400 31735.26050 32893.54800 32522.03000 32148.47650 31698.54750 31325.34650 30950.12800 32110.50250 31737.30150 31362.08300 32523.71850 32150.51750 31775.29900
32479.38250 32107.86450 31734.31100 32893.16100 32521.64300 32148.08950 33308.17750 32936.65950 32563.10600 32109.55300 31736.35200 31361.13350 32523.33150 32150.13050 31774.91200 32938.34800 32565.14700 32189.92850 31738.02950 31363.16550 30986.30300 32151.80800 31776.94400 31400.08150 32566.82450 32191.96050 31815.09800
32522.39250 32149.19150 31773.97300 32937.97150 32564.77050 32189.55200 33354.76500 32981.56400 32606.34550 32150.86900 31776.00500 31399.14250 32566.44800 32191.58400 31814.72150 32983.24150 32608.37750 32231.51500 31777.67200 31401.16550 31022.67900 32193.25100 31816.74450 31438.25800 32610.04450 32233.53800 31855.05150
32565.51950 32190.65550 31813.79300 32982.87500 32608.01100 32231.14850 33401.42200 33026.55800 32649.69550 32192.32250 31815.81600 31437.32950 32609.67800 32233.17150 31854.68500 33028.22500 32651.71850 32273.23200 31817.47250 31439.34300 31059.25450 32234.82800 31856.69850 31476.61000 32653.37500 32275.24550 31895.15700
32608.75950 32232.25300 31853.76650 33027.86800 32651.36150 32272.87500 33448.14450 33071.63800 32693.15150 32233.90950 31855.78000 31475.69150 32653.01800 32274.88850 31894.80000 33073.29450 32695.16500 32315.07650 31857.42700 31477.69600 31096.02400 32276.53550 31896.80450 31515.13250 32696.81200 32317.08100 31935.40900
32652.10950 32273.98000 31893.89150 33072.94700 32694.81750 32314.72900 33494.92950 33116.80000 32736.71150 32275.62700 31895.89600 31514.22400 32696.46450 32316.73350 31935.06150 33118.44700 32738.71600 32357.04400 31897.53300 31516.22000 31132.98700 32318.37050 31937.05750 31553.82450 32740.35300 32359.04000 31975.80700
32695.56650 32315.83550 31934.16350 33118.10900 32738.37800 32356.70600 33541.77250 33162.04150 32780.36950 32317.47250 31936.15950 31552.92650 32740.01500 32358.70200 31975.46900 33163.67850 32782.36550 32399.13250 31937.78750 31554.91400 31170.13950 32360.33000 31977.45650 31592.68200 32783.99350 32401.12000 32016.34550
32739.12650 32357.81350 31974.58050 33163.34950 32782.03650 32398.80350 33588.67000 33207.35700 32824.12400 32359.44150 31976.56800 31591.79350 32783.66450 32400.79100 32016.01650 33208.98500 32826.11150 32441.33700 31978.18550 31593.77250 31207.47850 32402.40850 32017.99550 31631.70150 32827.72900 32443.31600 32057.02200
32782.78600 32399.91250 32015.13800 33208.66550 32825.79200 32441.01750 33635.61800 33252.74450 32867.97000 32401.53000 32017.11700 31630.82300 32827.40950 32442.99650 32056.70250 33254.36200 32869.94900 32483.65500 32018.72600 31632.79400 31245.00200 32444.60550 32058.67350 31670.88150 32871.55800 32485.62600 32097.83400
32826.54000 32442.12700 32055.83300 33254.05200 32869.63900 32483.34500 33682.61200 33298.19900 32911.90500 32443.73600 32057.80400 31670.01200 32871.24800 32485.31600 32097.52400 33299.80800 32913.87600 32526.08400 32059.40400 31671.97450 31282.70500 32486.91600 32099.48650 31710.21700 32915.47600 32528.04650 32138.77700
32870.38800 32484.45600 32096.66400 33299.50650 32913.57450 32525.78250 33729.64950 33343.71750 32955.92550 32486.05600 32098.62650 31709.35700 32915.17450 32527.74500 32138.47550 33345.31750 32957.88800 32568.61850 32100.21750 31711.31150 31320.58650 32529.33600 32140.43000 31749.70500 32959.47900 32570.57300 32179.84800
32914.32450 32526.89500 32137.62550 33345.02500 32957.59550 32568.32600 33776.72550 33389.29600 33000.02650 32528.48600 32139.58000 31748.85500 32959.18650 32570.28050 32179.55550 33390.88700 33001.98100 32611.25600 32141.16250 31750.80200 31358.64300 32571.86300 32181.50250 31789.34350 33003.56350 32613.20300 32221.04400
32958.34550 32569.43950 32178.71450 33390.60300 33001.69700 32610.97200 33823.83600 33434.93000 33044.20500 32571.02200 32180.66150 31788.50250 33003.27950 32612.91900 32220.76000 33436.51250 33046.15200 32653.99300 32182.23600 31790.44200 31396.87100 32614.49350 32222.69950 31829.12850 33047.72650 32655.93250 32262.36150
33002.44750 32612.08700 32219.92800 33436.23750 33045.87700 32653.71800 33870.97700 33480.61650 33088.45750 32613.66150 32221.86750 31828.29650 33047.45150 32655.65750 32262.08650 33482.19100 33090.39700 32696.82600 32223.43300 31830.22850 31435.26700 32657.22300 32264.01850 31869.05700 33091.96250 32698.75800 32303.79650
33046.62850 32654.83450 32261.26350 33481.92450 33090.13050 32696.55950 33918.14550 33526.35150 33132.78050 32656.40000 32263.19550 31868.23400 33091.69600 32698.49150 32303.53000 33527.91700 33134.71250 32739.75100 32264.75300 31870.15850 31473.82950 32700.04900 32305.45450 31909.12550 33136.27000 32741.67550 32345.34650
33090.88200 32697.67750 32302.71600 33527.65850 33134.45400 32739.49250 33965.33550 33572.13100 33177.16950 32699.23500 32304.64050 31908.31150 33136.01150 32741.41700 32345.08800 33573.68850 33179.09400 32782.76500 32306.19050 31910.22950 31512.55400 32742.96700 32347.00600 31949.33050 33180.64400 32784.68300 32387.00750
33135.20650 32740.61200 32344.28300 33573.43850 33178.84400 32782.51500 34012.54500 33617.95050 33221.62150 32742.16200 32346.20100 31948.52550 33180.39400 32784.43300 32386.75750 33619.50050 33223.53950 32825.86400 32347.74250 31950.43600 31551.43750 32785.97450 32388.66800 31989.66950 33225.08100 32827.77450 32428.77600
33179.59750 32783.63650 32385.96100 33619.25900 33223.29800 32825.62250 34059.76850 33663.80750 33266.13200 32785.17800 32387.87150 31988.87300 33224.83950 32827.53300 32428.53450 33665.34900 33268.04250 32869.04400 32389.40550 31990.77650 31590.47700 32829.06700 32430.43800 32030.13850 33269.57650 32870.94750 32470.64800
33224.05100 32826.74450 32427.74600 33665.11550 33267.80900 32868.81050 34107.00300 33709.69650 33310.69800 32828.27850 32429.64950 32029.35000 33269.34300 32870.71400 32470.41450 33711.23050 33312.60150 32912.30200 32431.17600 32031.24700 31629.66900 32872.24050 32472.31150 32070.73350 33314.12800 32914.19900 32512.62100
33268.56350 32869.93450 32469.63500 33711.00450 33312.37550 32912.07600 34154.24300 33755.61400 33355.31450 32871.46100 32471.53200 32069.95400 33313.90200 32913.97300 32512.39500 33757.14050 33357.21150 32955.63350 32473.05150 32071.84450 31669.01100 32915.49250 32514.28550 32111.45200 33358.73100 32957.52400 32554.69050
33313.13100 32913.20200 32511.62400 33756.92300 33356.99400 32955.41600 34201.48550 33801.55650 33399.97850 32914.72150 32513.51450 32110.68100 33358.51350 32957.30650 32554.47300 33803.07600 33401.86900 32999.03550 32515.02650 32112.56550 31708.50000 32958.81850 32556.35750 32152.29200 33403.38100 33000.92000 32596.85450
33357.75050 32956.54350 32553.71000 33802.86600 33401.65900 32998.82550 34248.72600 33847.51900 33444.68550 32958.05550 32555.59450 32151.52900 33403.17100 33000.71000 32596.64450 33849.03100 33446.57000 33042.50450 32557.09950 32153.40650 31748.13100 33002.21500 32598.52200 32193.24650 33448.07500 33044.38200 32639.10650
33402.41650 32999.95550 32595.89000 33848.82950 33446.36850 33042.30300 34295.96000 33893.49900 33489.43350 33001.46050 32597.76750 32192.49200 33447.87350 33044.18050 32638.90500 33895.00400 33491.31100 33086.03550 32599.26600 32194.36400 31787.90300 33045.67900 32640.77700 32234.31600 33492.80950 33087.90750 32681.44650
33447.12700 33043.43400 32638.15850 33894.81000 33491.11700 33085.84150 34343.18400 33939.49100 33534.21550 33044.93250 32640.03050 32233.56950 33492.61550 33087.71350 32681.25250 33940.98950 33536.08750 33129.62650 32641.52200 32235.43500 31827.81100 33089.20500 32683.11800 32275.49400 33537.57900 33131.49200 32723.86800
33491.87650 33086.97450 32680.51350 33940.80250 33535.90050 33129.43950 34390.39300 33985.49100 33579.03000 33088.46600 32682.37900 32274.75500 33537.39200 33131.30500 32723.68100 33986.98250 33580.89550 33173.27150 32683.86400 32276.61450 31867.85200 33132.79000 32725.54050 32316.77800 33582.38050 33175.13100 32766.36850
33536.66150 33130.57450 32722.95050 33986.80350 33580.71650 33173.09250 34437.58300 34031.49600 33623.87200 33132.05950 32724.81000 32316.04750 33582.20150 33174.95200 32766.18950 34032.98100 33625.73150 33216.96900 32726.28900 32317.90150 31908.02300 33176.43100 32768.04350 32358.16500 33627.21050 33218.82300 32808.94450
33581.47800 33174.22850 32765.46600 34032.80850 33625.55900 33216.79650 34484.74900 34077.49950 33668.73700 33175.70750 32767.32000 32357.44150 33627.03800 33218.65050 32808.77200 34078.97850 33670.59100 33260.71250 32768.79250 32359.29000 31948.31950 33220.12300 32810.62050 32399.65000 33672.06350 33262.56100 32851.59050
33626.32300 33217.93550 32808.05700 34078.81400 33670.42650 33260.54800 34531.88850 34123.50100 33713.62250 33219.40800 32809.90550 32398.93500 33671.89900 33262.39650 32851.42600 34124.97350 33715.47100 33304.50050 32811.37150 32400.77850 31988.74050 33263.86250 32853.26950 32441.23150 33716.93700 33306.34400 32894.30600
33671.19100 33261.68850 32850.71800 34124.81550 33715.31300 33304.34250 34578.99550 34169.49300 33758.52250 33263.15450 32852.56150 32440.52350 33716.77900 33306.18600 32894.14800 34170.95900 33760.36600 33348.32800 32854.02200 32442.36100 32029.28000 33307.64650 32895.98550 32482.90450 33761.82650 33350.16550 32937.08450
33716.07850 33305.48550 32893.44750 34170.80800 33760.21500 33348.17700 34626.06550 34215.47250 33803.43450 33306.94600 32895.28500 32482.20400 33761.67550 33350.01450 32936.93350 34216.93300 33805.27200 33392.19100 32896.74000 32484.03650 32069.93600 33351.46950 32938.76600 32524.66550 33806.72700 33394.02350 32979.92300
33760.98300 33349.32200 32936.24100 34216.78950 33805.12850 33392.04750 34673.09600 34261.43500 33848.35400 33350.77700 32938.07350 32523.97300 33806.58350 33393.88000 32979.77950 34262.89000 33850.18650 33436.08600        nan        nan        nan        nan        nan        nan        nan        nan        nan
