       nan        nan        nan        nan        nan        nan        nan        nan        nan  346.75164        nan        nan        nan        nan        nan        nan        nan        nan  346.78631  347.30309        nan        nan        nan        nan        nan        nan        nan
 346.71379        nan        nan  346.27237        nan        nan        nan        nan        nan  346.74845  347.26512        nan  346.30694  346.82229        nan        nan        nan        nan  346.81785  347.33901  347.77129  346.37617  346.89600  347.32717        nan        nan        nan
 346.67266  347.18909        nan  346.22514  346.74024        nan  345.85618  346.37019        nan  346.74203  347.26296  347.69505  346.29433  346.81392  347.24488  345.92522  346.44370  346.87375  346.84621  347.37392  347.81755  346.39825  346.92459  347.36707  346.02892  346.55414  346.99568
 346.62813  347.14872  347.58052  346.17139  346.69061  347.12127  345.78658  346.30465  346.73435  346.73225  347.25961  347.70294  346.27523  346.80120  347.24336  345.89020  346.41500  346.85617  346.87135  347.40773  347.86594  346.41397  346.94893  347.40594  346.02862  346.56240  347.01839
 346.58000  347.10689  347.54984  346.11098  346.63645  347.07819  345.70622  346.23046  346.67117  346.71897  347.25489  347.71270  346.24958  346.78404  347.24061  345.84449  346.37770  346.83320  346.89310  347.44028  347.91597  346.42323  346.96893  347.44333  346.01774  346.56217  347.03545
 346.52811  347.06343  347.52074  346.04384  346.57767  347.03369  345.61571  346.14821  346.60311  346.70204  347.24863  347.72379  346.21728  346.76234  347.23617  345.78872  346.33243  346.80509  346.91134  347.47140  347.96707  346.42600  346.98449  347.47877  345.99692  346.55403  347.04708
 346.47226  347.01812  347.49265  345.96995  346.51423  346.98738  345.51569  346.05853  346.53044  346.68128  347.24060  347.73561  346.17836  346.73606  347.22963  345.72355  346.27978  346.77206  346.92590  347.50082  348.01865  346.42227  346.99552  347.51185  345.96682  346.53857  347.05353
 346.41229  346.97074  347.46498  345.88936  346.44612  346.93887  345.40676  345.96197  346.45334  346.65653  347.23056  347.74758  346.13286  346.70516  347.22061  345.64958  346.22028  346.73430  346.93662  347.52831  348.07014  346.41211  347.00200  347.54219  345.92805  346.51630  347.05497
 346.34807  346.92108  347.43717  345.80219  346.37339  346.88786  345.28949  345.85900  346.37195  346.62766  347.21829  347.75915  346.08090  346.66967  347.20882  345.56738  346.15440  346.69195  346.94337  347.55360  348.12100  346.39562  347.00392  347.56952  345.88116  346.48766  347.05158
 346.27948  346.86892  347.40870  345.70858  346.29608  346.83407  345.16440  345.75005  346.28634  346.59456  347.20355  347.76981  346.02262  346.62961  347.19399  345.47745  346.08252  346.64512  346.94603  347.57644  348.17073  346.37294  347.00126  347.59359  345.82666  346.45300  347.04346
 346.20644  346.81408  347.37906  345.60872  346.21425  346.77728  345.03192  345.63544  346.19658  346.55713  347.18612  347.77909  345.95820  346.58501  347.17592  345.38024  346.00496  346.59389  346.94448  347.59658  348.21891  346.34420  346.99405  347.61422  345.76495  346.41263  347.03072
 346.12891  346.75635  347.34784  345.50279  346.12795  346.71730  344.89248  345.51544  346.10270  346.51530  347.16579  347.78658  345.88778  346.53591  347.15445  345.27611  345.92195  346.53830  346.93864  347.61382  348.26513  346.30959  346.98232  347.63126  345.69643  346.36677  347.01341
 346.04683  346.69556  347.31467  345.39096  346.03723  346.65399  344.74642  345.39027  346.00472  346.46903  347.14238  347.79192  345.81156  346.48235  347.12942  345.16544  345.83373  346.47838  346.92845  347.62794  348.30905  346.26924  346.96606  347.64458  345.62141  346.31563  346.99161
 345.96022  346.63159  347.27922  345.27343  345.94213  346.58719  344.59406  345.26014  345.90265  346.41830  347.11573  347.79483  345.72968  346.42434  347.10074  345.04852  345.74044  346.41417  346.91387  347.63877  348.35038  346.22328  346.94530  347.65407  345.54018  346.25935  346.96532
 345.86906  346.56428  347.24122  345.15037  345.84269  346.51682  344.43570  345.12516  345.79648  346.36306  347.08567  347.79501  345.64231  346.36191  347.06830  344.92560  345.64222  346.34567  346.89485  347.64618  348.38887  346.17189  346.92009  347.65968  345.45298  346.19808  346.93459
 345.77336  346.49350  347.20043  345.02192  345.73893  346.44277  344.27156  344.98545  345.68623  346.30333  347.05211  347.79226  345.54959  346.29510  347.03202  344.79693  345.53920  346.27291  346.87138  347.65002  348.42431  346.11516  346.89041  347.66131  345.36004  346.13191  346.89944
 345.67314  346.41919  347.15664  344.88823  345.63089  346.36498  344.10186  344.84114  345.57188  346.23911  347.01492  347.78638  345.45163  346.22391  346.99185  344.66270  345.43145  346.19588  346.84343  347.65016  348.45651  346.05321  346.85626  347.65892  345.26153  346.06091  346.85989
 345.56841  346.34121  347.10968  344.74944  345.51857  346.28339  343.92682  344.69229  345.45345  346.17039  346.97399  347.77720  345.34856  346.14835  346.94773  344.52309  345.31905  346.11461  346.81100  347.64653  348.48530  345.98613  346.81769  347.65245  345.15761  345.98519  346.81595
 345.45922  346.25951  347.05941  344.60565  345.40200  346.19793  343.74659  344.53896  345.33092  346.09719  346.92928  347.76459  345.24048  346.06845  346.89961  344.37824  345.20208  346.02908  346.77408  347.63904  348.51056  345.91402  346.77468  347.64187  345.04842  345.90478  346.76762
 345.34556  346.17404  347.00571  344.45699  345.28120  346.10858  343.56131  344.38124  345.20431  346.01952  346.88071  347.74843  345.12747  345.98422  346.84746  344.22831  345.08060  345.93933  346.73270  347.62761  348.53216  345.83698  346.72727  347.62714  344.93412  345.81977  346.71492
 345.22747  346.08472  346.94845  344.30354  345.15620  346.01530  343.37113  344.21917  345.07361  345.93738  346.82819  347.72858  345.00966  345.89569  346.79124  344.07342  344.95465  345.84533  346.68681  347.61216  348.55000  345.75506  346.67544  347.60823  344.81479  345.73016  346.65786
 345.10500  345.99152  346.88757  344.14540  345.02699  345.91805  343.17619  344.05281  344.93883  345.85082  346.77171  347.70501  344.88707  345.80283  346.73092  343.91368  344.82427  345.74711  346.63646  347.59267  348.56401  345.66834  346.61921  347.58510  344.69054  345.63603  346.59645
 344.97815  345.89440  346.82298  343.98265  344.89361  345.81682  342.97657  343.88220  344.80000  345.75983  346.71121  347.67761  344.75982  345.70570  346.66650  343.74920  344.68953  345.64468  346.58164  347.56909  348.57410  345.57688  346.55860  347.55777  344.56147  345.53742  346.53069
 344.84697  345.79332  346.75461  343.81536  344.75605  345.71157  342.77239  343.70738  344.65709  345.66444  346.64666  347.64633  344.62794  345.60427  346.59793  343.58005  344.55044  345.53804  346.52237  347.54138  348.58020  345.48072  346.49361  347.52617  344.42765  345.43435  346.46060
 344.71147  345.68827  346.68241  343.64360  344.61436  345.60233  342.56373  343.52839  344.51013  345.56466  346.57804  347.61111  344.49152  345.49860  346.52523  343.40632  344.40705  345.42720  346.45865  347.50948  348.58226  345.37995  346.42424  347.49032  344.28915  345.32685  346.38617
 344.57168  345.57923  346.60635  343.46744  344.46854  345.48905  342.35069  343.34528  344.35913  345.46053  346.50531  347.57189  344.35060  345.38866  346.44837  343.22810  344.25940  345.31218  346.39049  347.47340  348.58023  345.27458  346.35051  347.45019  344.14606  345.21497  346.30743
 344.42765  345.46617  346.52636  343.28694  344.31859  345.37173  342.13333  343.15805  344.20410  345.35204  346.42846  347.52863  344.20522  345.27448  346.36733  343.04544  344.10751  345.19296  346.31791  347.43310  348.57407  345.16466  346.27243  347.40578  343.99843  345.09871  346.22437
 344.27937  345.34911  346.44242  343.10215  344.16457  345.25038  341.91173  342.96677  344.04503  345.23924  346.34748  347.48133  344.05545  345.15610  346.28214  342.85841  343.95141  345.06959  346.24092  347.38857  348.56375  345.05027  346.19002  347.35709  343.84631  344.97812  346.13702
 344.12690  345.22800  346.35451  342.91311  344.00645  345.12499  341.68595  342.77147  343.88198  345.12213  346.26236  347.42992  343.90133  345.03349  346.19277  342.66710  343.79114  344.94207  346.15954  347.33978  348.54923  344.93140  346.10327  347.30410  343.68978  344.85321  346.04537
 343.97025  345.10287  346.26261  342.71990  343.84429  344.99557  341.45608  342.57218  343.71495  345.00073  346.17308  347.37440  343.74289  344.90669  346.09922  342.47154  343.62672  344.81041  346.07377  347.28674  348.53047  344.80811  346.01221  347.24681  343.52888  344.72404  345.94945
 343.80947  344.97371  346.16671  342.52256  343.67809  344.86213  341.22216  342.36892  343.54394  344.87510  346.07966  347.31474  343.58021  344.77573  346.00151  342.27179  343.45821  344.67462  345.98365  347.22944  348.50748  344.68044  345.91685  347.18523  343.36364  344.59061  345.84926
 343.64455  344.84052  346.06676  342.32112  343.50788  344.72464  340.98425  342.16175  343.36897  344.74520  345.98207  347.25093  343.41329  344.64061  345.89962  342.06789  343.28560  344.53472  345.88917  347.16786  348.48022  344.54842  345.81720  347.11935  343.19414  344.45294  345.74482
 343.47554  344.70331  345.96279  342.11562  343.33367  344.58314  340.74240  341.95067  343.19007  344.61109  345.88033  347.18295  343.24218  344.50134  345.79358  341.85991  343.10893  344.39073  345.79034  347.10200  348.44867  344.41207  345.71327  347.04917  343.02038  344.31107  345.63613
 343.30248  344.56208  345.85477  341.90614  343.15550  344.43764  340.49667  341.73573  343.00727  344.47278  345.77444  347.11081  343.06693  344.35796  345.68339  341.64789  342.92825  344.24267  345.68722  347.03185  348.41283  344.27146  345.60508  346.97470  342.84246  344.16502  345.52322
 343.12536  344.41683  345.74271  341.69267  342.97337  344.28813  340.24711  341.51697  342.82057  344.33030  345.66438  347.03447  342.88756  344.21046  345.56902  341.43189  342.74356  344.09054  345.57979  346.95743  348.37267  344.12658  345.49264  346.89592  342.66039  344.01481  345.40609
 342.94424  344.26758  345.62660  341.47530  342.78730  344.13464  339.99378  341.29440  342.63000  344.18367  345.55019  346.95394  342.70411  344.05888  345.45052  341.21193  342.55491  343.93438  345.46807  346.87874  348.32821  343.97748  345.37597  346.81288  342.47421  343.86048  345.28478
 342.75914  344.11434  345.50643  341.25404  342.59734  343.97716  339.73670  341.06806  342.43557  344.03291  345.43186  346.86923  342.51663  343.90325  345.32790  340.98807  342.36231  343.77420  345.35209  346.79577  348.27942  343.82418  345.25508  346.72556  342.28395  343.70204  345.15928
 342.57008  343.95714  345.38224  341.02894  342.40351  343.81574  339.47595  340.83801  342.23733  343.87804  345.30940  346.78034  342.32513  343.74356  345.20116  340.76034  342.16581  343.61003  345.23186  346.70853  348.22630  343.66673  345.13000  346.63396  342.08968  343.53953  345.02962
 342.37710  343.79596  345.25400  340.80002  342.20582  343.65038  339.21154  340.60423  342.03528  343.71910  345.18283  346.68725  342.12967  343.57986  345.07031  340.52880  341.96542  343.44186  345.10741  346.61703  348.16886  343.50514  345.00074  346.53810  341.89140  343.37295  344.89581
 342.18021  343.63083  345.12173  340.56735  342.00430  343.48108  338.94355  340.36680  341.82944  343.55609  345.05214  346.58996  341.93026  343.41215  344.93536  340.29347  341.76118  343.26974  344.97873  346.52127  348.10708  343.33945  344.86732  346.43800  341.68917  343.20236  344.75787
 341.97946  343.46177  344.98542  340.33095  341.79898  343.30787  338.67200  340.12572  341.61985  343.38905  344.91737  346.48850  341.72695  343.24048  344.79633  340.05440  341.55312  343.09368  344.84588  346.42126  348.04098  343.16969  344.72975  346.33365  341.48302  343.02776  344.61582
 341.77485  343.28881  344.84510  340.09084  341.58988  343.13077  338.39694  339.88105  341.40653  343.21799  344.77850  346.38286  341.51977  343.06484  344.65325  339.81164  341.34126  342.91371  344.70885  346.31702  347.97054  342.99588  344.58806  346.22508  341.27299  342.84918  344.46968
 341.56644  343.11193  344.70078  339.84708  341.37702  342.94980  338.11842  339.63280  341.18951  343.04295  344.63558  346.27304  341.30873  342.88526  344.50610  339.56521  341.12563  342.72984  344.56768  346.20855  347.89578  342.81805  344.44226  346.11228  341.05911  342.66666  344.31946
 341.35424  342.93118  344.55246  339.59971  341.16045  342.76498  337.83647  339.38101  340.96881  342.86395  344.48860  346.15907  341.09391  342.70179  344.35493  339.31517  340.90628  342.54210  344.42237  346.09587  347.81670  342.63624  344.29238  345.99528  340.84142  342.48022  344.16519
 341.13828  342.74658  344.40016  339.34874  340.94017  342.57632  337.55115  339.12573  340.74446  342.68101  344.33759  346.04094  340.87530  342.51442  344.19974  339.06153  340.68322  342.35052  344.27296  345.97898  347.73331  342.45047  344.13843  345.87409  340.61995  342.28987  344.00689
 340.91860  342.55814  344.24389  339.09425  340.71625  342.38387  337.26249  338.86697  340.51649  342.49417  344.18257  345.91868  340.65296  342.32321  344.04056  338.80437  340.45649  342.15512  344.11947  345.85791  347.64561  342.26078  343.98045  345.74874  340.39475  342.09567  343.84459
 340.69523  342.36589  344.08368  338.83623  340.48866  342.18761  336.97053  338.60477  340.28493  342.30345  344.02355  345.79229  340.42691  342.12815  343.87740  338.54370  340.22612  341.95593  343.96191  345.73266  347.55361  342.06719  343.81843  345.61922  340.16584  341.89762  343.67829
 340.46818  342.16984  343.91952  338.57474  340.25748  341.98760  336.67531  338.33917  340.04980  342.10886  343.86054  345.66177  340.19718  341.92928  343.71028  338.27956  339.99214  341.75296  343.80030  345.60325  347.45732  341.86972  343.65243  345.48556  339.93325  341.69576  343.50803
 340.23751  341.97003  343.75145  338.30981  340.02270  341.78385  336.37688  338.07020  339.81112  341.91045  343.69358  345.52716  339.96381  341.72663  343.53923  338.01198  339.75457  341.54625  343.63469  345.46971  347.35675  341.66842  343.48244  345.34778  339.69702  341.49011  343.33382
 340.00323  341.76647  343.57949  338.04148  339.78438  341.57638  336.07527  337.79790  339.56895  341.70824  343.52269  345.38846  339.72683  341.52023  343.36426  337.74102  339.51346  341.33583  343.46510  345.33204  347.25192  341.46332  343.30851  345.20588  339.45722  341.28073  343.15570
 339.76538  341.55919  343.40364  337.76979  339.54254  341.36522  335.77053  337.52230  339.32329  341.50226  343.34787  345.24568  339.48628  341.31011  343.18540  337.46671  339.26884  341.12171  343.29152  345.19026  347.14282  341.25443  343.13064  345.05990  339.21383  341.06760  342.97367
 339.52399  341.34822  343.22393  337.49478  339.29722  341.15040  335.46271  337.24344  339.07419  341.29253  343.16916  345.09885  339.24219  341.09628  343.00267  337.18908  339.02073  340.90393  343.11400  345.04439  347.02948  341.04179  342.94887  344.90985  338.96691  340.85078  342.78778
 339.27907  341.13357  343.04038  337.21647  339.04842  340.93193  335.15182  336.96135  338.82167  341.07907  342.98656  344.94798  338.99459  340.87877  342.81609  336.90818  338.76917  340.68252  342.93256  344.89444  346.91190  340.82544  342.76321  344.75575  338.71650  340.63030  342.59804
 339.03069  340.91528  342.85301  336.93491  338.79620  340.70986  334.83793  336.67606  338.56577  340.86193  342.80012  344.79309  338.74352  340.65763  342.62568  336.62404  338.51420  340.45750  342.74724  344.74046  346.79012  340.60540  342.57371  344.59761  338.46263  340.40618  342.40448
 338.77886  340.69337  342.66185  336.65013  338.54059  340.48419  334.52107  336.38762  338.30651  340.64114  342.60986  344.63419  338.48901  340.43287  342.43148  336.33670  338.25584  340.22890  342.55804  344.58243  346.66413  340.38171  342.38038  344.43548  338.20533  340.17845  342.20712
 338.52362  340.46788  342.46690  336.36218  338.28162  340.25498  334.20128  336.09606  338.04393  340.41671  342.41579  344.47131  338.23110  340.20452  342.23350  336.04620  337.99413  339.99675  342.36501  344.42039  346.53396  340.15439  342.18324  344.26936  337.94465  339.94715  342.00601
 338.26501  340.23882  342.26822  336.07108  338.01930  340.02223  333.87859  335.80140  337.77805  340.18869  342.21794  344.30449  337.96982  339.97261  342.03178  335.75256  337.72909  339.76109  342.16816  344.25438  346.39962  339.92348  341.98233  344.09926  337.68061  339.71230  341.80113
 338.00304  340.00623  342.06581  335.77688  337.75369  339.78599  333.55307  335.50371  337.50894  339.95709  342.01635  344.13370  337.70520  339.73719  341.82633  335.45586  337.46079  339.52194  341.96752  344.08439  346.26113  339.68901  341.77767  343.92524  337.41326  339.47394  341.59256
 337.73775  339.77014  341.85968  335.47960  337.48482  339.54627  333.22472  335.20300  337.23658  339.72195  341.81102  343.95901  337.43728  339.49826  341.61719  335.15610  337.18922  339.27933  341.76313  343.91045  346.11850  339.45102  341.56929  343.74728  337.14262  339.23209  341.38029
 337.46920  339.53058  341.64991  335.17930  337.21271  339.30311  332.89363  334.89931  336.96104  339.48332  341.60200  343.78041  337.16610  339.25586  341.40436  334.85334  336.91445  339.03330  341.55501  343.73261  345.97177  339.20952  341.35721  343.56544  336.86874  338.98680  341.16437
 337.19740  339.28756  341.43646  334.87602  336.93741  339.05655  332.55979  334.59268  336.68233  339.24120  341.38930  343.59794  336.89169  339.01005  341.18791  334.54760  336.63648  338.78386  341.34318  343.55086  345.82094  338.96457  341.14149  343.37974  336.59164  338.73809  340.94481
 336.92239  339.04113  341.21940  334.56977  336.65893  338.80660  332.22328  334.28315  336.40052  338.99565  341.17296  343.41163  336.61409  338.76082  340.96784  334.23894  336.35539  338.53108  341.12769  343.36524  345.66604  338.71618  340.92211  343.19018  336.31138  338.48600  340.72166
 336.64420  338.79132  340.99874  334.26061  336.37734  338.55331  331.88412  333.97076  336.11561  338.74667  340.95300  343.22148  336.33332  338.50822  340.74418  333.92737  336.07117  338.27494  340.90854  343.17577  345.50709  338.46440  340.69913  342.99680  336.02798  338.23055  340.49493
 336.36288  338.53816  340.77451  333.94857  336.09264  338.29669  331.54236  333.65554  335.82765  338.49433  340.72946  343.02754  336.04944  338.25229  340.51696  333.61297  335.78389  338.01552  340.68579  342.98249  345.34410  338.20926  340.47258  342.79963  335.74148  337.97179  340.26467
 336.07843  338.28167  340.54674  333.63368  335.80487  338.03679  331.19803  333.33754  335.53667  338.23863  340.50234  342.82980  335.76246  337.99305  340.28621  333.29575  335.49357  337.75283  340.45944  342.78541  345.17710  337.95077  340.24247  342.59869  335.45192  337.70974  340.03089
 335.79093  338.02189  340.31546  333.31601  335.51410  337.77364  330.85118  333.01678  335.24270  337.97961  340.27171  342.62833  335.47244  337.73054  340.05197  332.97574  335.20024  337.48690  340.22955  342.58456  345.00611  337.68901  340.00886  342.39401  335.15933  337.44444  339.79363
 335.50039  337.75886  340.08069  332.99556  335.22033  337.50726  330.50185  332.69331  334.94578  337.71733  340.03757  342.42313  335.17941  337.46480  339.81427  332.65301  334.90395  337.21778  339.99613  342.37996  344.83117  337.42398  339.77176  342.18562  334.86376  337.17592  339.55291
 335.20686  337.49262  339.84248  332.67240  334.92361  337.23770  330.15009  332.36718  334.64596  337.45180  339.79996  342.21423  334.88340  337.19584  339.57311  332.32758  334.60474  336.94549  339.75923  342.17167  344.65229  337.15572  339.53120  341.97355  334.56524  336.90423  339.30879
 334.91036  337.22317  339.60083  332.34655  334.62396  336.96498  329.79593  332.03840  334.34326  337.18305  339.55891  342.00166  334.58446  336.92372  339.32856  331.99950  334.30263  336.67008  339.51886  341.95967  344.46949  336.88428  339.28722  341.75782  334.26381  336.62938  339.06129
 334.61093  336.95057  339.35580  332.01805  334.32144  336.68915  329.43940  331.70702  334.03772  336.91112  339.31445  341.78545  334.28261  336.64846  339.08064  331.66880  333.99766  336.39155  339.27506  341.74402  344.28279  336.60968  339.03987  341.53846  333.95949  336.35143  338.81041
 334.30862  336.67484  339.10740  331.68695  334.01607  336.41023  329.08056  331.37309  333.72938  336.63605  339.06662  341.56562  333.97789  336.37009  338.82935  331.33552  333.68988  336.10997  339.02787  341.52475  344.09224  336.33195  338.78914  341.31551  333.65234  336.07039  338.55623
 334.00346  336.39602  338.85566  331.35328  333.70790  336.12825  328.71944  331.03665  333.41826  336.35787  338.81544  341.34221  333.67036  336.08867  338.57478  330.99970  333.37932  335.82536  338.77731  341.30187  343.89784  336.05115  338.53509  341.08899  333.34240  335.78631  338.29875
 333.69548  336.11415  338.60064  331.01709  333.39695  335.84326  328.35610  330.69772  333.10443  336.07663  338.56095  341.11523  333.36003  335.80420  338.31691  330.66139  333.06601  335.53775  338.52342  341.07543  343.69964  335.76728  338.27775  340.85893  333.02969  335.49924  338.03803
 333.38472  335.82926  338.34234  330.67840  333.08327  335.55527  327.99056  330.35635  332.78789  335.79233  338.30318  340.88474  333.04695  335.51675  338.05581  330.32062  332.75001  335.24720  338.26624  340.84544  343.49765  335.48042  338.01715  340.62537  332.71427  335.20919  337.77408
 333.07121  335.54138  338.08081  330.33726  332.76690  335.26435  327.62286  330.01258  332.46871  335.50504  338.04215  340.65075  332.73116  335.22633  337.79149  329.97743  332.43132  334.95372  338.00578  340.61194  343.29190  335.19057  337.75333  340.38832  332.39615  334.91620  337.50694
 332.75502  335.25055  337.81609  329.99373  332.44786  334.97051  327.25306  329.66645  332.14691  335.21479  337.77792  340.41329  332.41269  334.93298  337.52399  329.63186  332.11001  334.65735  337.74211  340.37497  343.08243  334.89778  337.48631  340.14783  332.07540  334.62032  337.23665
 332.43615  334.95680  337.54817  329.64782  332.12620  334.67380  326.88118  329.31799  331.82252  334.92159  337.51049  340.17240  332.09159  334.63675  337.25335  329.28396  331.78611  334.35814  337.47523  340.13454  342.86925  334.60209  337.21614  339.90393  331.75204  334.32157  336.96324
 332.11466  334.66018  337.27714  329.29958  331.80197  334.37425  326.50728  328.96726  331.49560  334.62551  337.23993  339.92810  331.76789  334.33767  336.97959  328.93376  331.45966  334.05611  337.20520  339.89071  342.65240  334.30354  336.94286  339.65665  331.42611  334.02001  336.68674
 331.79058  334.36071  337.00300  328.94905  331.47518  334.07188  326.13140  328.61428  331.16618  334.32657  336.96626  339.68043  331.44162  334.03577  336.70276  328.58130  331.13070  333.75131  336.93204  339.64350  342.43190  334.00215  336.66647  339.40601  331.09766  333.71565  336.40719
 331.46395  334.05845  336.72580  328.59627  331.14590  333.76676  325.75357  328.25910  330.83429  334.02482  336.68950  339.42942  331.11286  333.73110  336.42288  328.22664  330.79925  333.44376  336.65579  339.39293  342.20780  333.69798  336.38704  339.15207  330.76671  333.40855  336.12464
 331.13481  333.75340  336.44554  328.24129  330.81413  333.45889  325.37385  327.90177  330.49997  333.72027  336.40969  339.17510  330.78159  333.42367  336.14000  327.86979  330.46538  333.13353  336.37648  339.13904  341.98011  333.39104  336.10459  338.89483  330.43333  333.09875  335.83911
 330.80319  333.44562  336.16231  327.88413  330.47995  333.14834  324.99225  327.54230  330.16327  333.41299  336.12689  338.91751  330.44790  333.11355  335.85415  327.51081  330.12911  332.82062  336.09416  338.88187  341.74888  333.08140  335.81916  338.63436  330.09753  332.78625  335.55063
 330.46915  333.13515  335.87611  327.52485  330.14337  332.83512  324.60884  327.18076  329.82422  333.10299  335.84110  338.65668  330.11179  332.80075  335.56537  327.14975  329.79047  332.50510  335.80884  338.62145  341.51412  332.76907  335.53079  338.37066  329.75936  332.47114  335.25925
 330.13271  332.82201  335.58698  327.16349  329.80444  332.51930  324.22365  326.81717  329.48286  332.79032  335.55240  338.39264  329.77333  332.48534  335.27369  326.78661  329.44952  332.18697  335.52059  338.35782  341.27588  332.45411  335.23951  338.10379  329.41886  332.15342  334.96499
 329.79391  332.50626  335.29496  326.80007  329.46321  332.20088  323.83672  326.45158  329.13923  332.47503  335.26078  338.12543  329.43254  332.16733  334.97914  326.42147  329.10629  331.86630  335.22941  338.09100  341.03416  332.13653  334.94535  337.83376  329.07607  331.83314  334.66790
 329.45280  332.18792  335.00008  326.43465  329.11969  331.87993  323.44810  326.08403  328.79338  332.15713  334.96629  337.85507  329.08946  331.84676  334.68175  326.05436  328.76082  331.54312  334.93536  337.82104  340.78904  331.81641  334.64836  337.56063  328.73103  331.51035  334.36802
 329.10940  331.86703  334.70238  326.06727  328.77395  331.55646  323.05782  325.71456  328.44532  331.83668  334.66898  337.58161  328.74415  331.52369  334.38160  325.68532  328.41316  331.21746  334.63848  337.54796  340.54052  331.49376  334.34858  337.28443  328.38379  331.18506  334.06538
 328.76378  331.54365  334.40190  325.69796  328.42601  331.23053  322.66593  325.34322  328.09512  331.51372  334.36888  337.30509  328.39663  331.19813  334.07868  325.31439  328.06333  330.88937  334.33879  337.27181  340.28864  331.16861  334.04603  337.00518  328.03436  330.85735  333.76002
 328.41596  331.21778  334.09868  325.32676  328.07591  330.90217  322.27247  324.97003  327.74281  331.18826  334.06602  337.02553  328.04694  330.87014  333.77304  324.94161  327.71138  330.55889  334.03634  336.99261  340.03343  330.84102  333.74075  336.72292  327.68282  330.52722  333.45198
 328.06597  330.88949  333.79274  324.95372  327.72370  330.57142  321.87748  324.59505  327.38842  330.86037  333.76045  336.74296  327.69514  330.53975  333.46473  324.56702  327.35735  330.22604  333.73116  336.71040  339.77493  330.51102  333.43280  336.43769  327.32918  330.19472  333.14128
 327.71387  330.55880  333.48412  324.57888  327.36942  330.23831  321.48100  324.21830  327.03199  330.53007  333.45219  336.45744  327.34124  330.20699  333.15377  324.19066  327.00128  329.89087  333.42329  336.42522  339.51317  330.17866  333.12219  336.14953  326.97349  329.85990  332.82798
 327.35968  330.22577  333.17288  324.20227  327.01309  329.90289  321.08307  323.83983  326.67358  330.19743  333.14129  336.16899  326.98530  329.87192  332.84021  323.81258  326.64321  329.55343  333.11278  336.13711  339.24820  329.84396  332.80897  335.85848  326.61580  329.52280  332.51211
 327.00346  329.89040  332.85903  323.82395  326.65478  329.56520  320.68373  323.45969  326.31321  329.86244  332.82778  335.87764  326.62736  329.53457  332.52410  323.43281  326.28318  329.21374  332.79964  335.84611  338.98003  329.50698  332.49319  335.56456  326.25613  329.18345  332.19370
 326.64525  329.55278  332.54264  323.44394  326.29450  329.22527  320.28303  323.07791  325.95093  329.52518  332.51172  335.58344  326.26745  329.19497  332.20544  323.05139  325.92123  328.87185  332.48394  335.55224  338.70871  329.16774  332.17486  335.26782  325.89454  328.84188  331.87281
 326.28507  329.21291  332.22371  323.06229  325.93233  328.88315  319.88101  322.69455  325.58678  329.18567  332.19312  335.28643  325.90563  328.85318  331.88431  322.66838  325.55741  328.52781  332.16569  335.25555  338.43428  328.82630  331.85406  334.96831  325.53106  328.49816  331.54946
 325.92297  328.87084  331.90230  322.67904  325.56826  328.53886  319.47770  322.30962  325.22079  328.84396  331.87204  334.98663  325.54191  328.50921  331.56072  322.28380  325.19174  328.18164  331.84495  334.95607  338.15676  328.48267  331.53077  334.66603  325.16573  328.15230  331.22369
 325.55901  328.52662  331.57845  322.29424  325.20237  328.19247  319.07315  321.92318  324.85301  328.50008  331.54850  334.68410  325.17636  328.16313  331.23472  321.89769  324.82426  327.83338  331.52176  334.65384  337.87620  328.13693  331.20509  334.36105  324.79860  327.80436  330.89554
 325.19319  328.18027  331.25218  321.90791  324.83467  327.84398  318.66739  321.53526  324.48347  328.15407  331.22255  334.37885  324.80900  327.81496  330.90634  321.51011  324.45504  327.48309  331.19613  334.34890  337.59261  327.78908  330.87701  334.05339  324.42969  327.45436  330.56505
 324.82559  327.83185  330.92356  321.52012  324.46523  327.49347  318.26048  321.14592  324.11223  327.80597  330.89422  334.07093  324.43988  327.46474  330.57563  321.12108  324.08409  327.13079  330.86814  334.04129  337.30607  327.43919  330.54661  333.74310  324.05907  327.10236  330.23228
 324.45621  327.48138  330.59259  321.13087  324.09407  327.14095  317.85244  320.75517  323.73930  327.45583  330.56356  333.76039  324.06904  327.11252  330.24263  320.73066  323.71146  326.77652  330.53779  333.73103  337.01658  327.08729  330.21389  333.43022  323.68676  326.74838  329.89723
 324.08514  327.12892  330.25935  320.74024  323.72122  326.78647  317.44334  320.36308  323.36476  327.10369  330.23060  333.44726  323.69652  326.75832  329.90737  320.33888  323.33720  326.42034  330.20515  333.41819  336.72420  326.73340  329.87891  333.11477  323.31280  326.39248  329.55998
 323.71238  326.77449  329.92385  320.34825  323.34675  326.43008  317.03318  319.96966  322.98862  326.74956  329.89539  333.13157  323.32235  326.40221  329.56990  319.94576  322.96134  326.06227  329.87024  333.10279  336.42896  326.37760  329.54173  332.79681  322.93724  326.03469  329.22053
 323.33798  326.41814  329.58614  319.95495  322.97069  326.07181  316.62202  319.57498  322.61092  326.39352  329.55796  332.81337  322.94659  326.04423  329.23025  319.55138  322.58392  325.70236  329.53311  332.78485  336.13088  326.01991  329.20235  332.47637  322.56012  325.67505  328.87894
 322.96199  326.05992  329.24625  319.56037  322.59308  325.71169  316.20992  319.17908  322.23171  326.03560  329.21835  332.49269  322.56927  325.68438  328.88846  319.15577  322.20499  325.34064  329.19379  332.46445  335.83003  325.66035  328.86083  332.15349  322.18147  325.31360  328.53526
 322.58445  325.69985  328.90424  319.16456  322.21394  325.34978  315.79690  318.78197  321.85104  325.67582  328.87661  332.16958  322.19043  325.32274  328.54458  318.75895  321.82458  324.97717  328.85234  332.14161  335.52643  325.29900  328.51722  331.82820  321.80135  324.95040  328.18952
 322.20538  325.33798  328.56013  318.76755  321.83335  324.98611  315.38299  318.38372  321.46893  325.31424  328.53276  331.84406  321.81011  324.95934  328.19864  318.36098  321.44274  324.61197  328.50878  331.81635  335.22011  324.93587  328.17153  331.50055  321.41978  324.58545  327.84175
 321.82484  324.97436  328.21396  318.36939  321.45131  324.62071  314.96825  317.98436  321.08543  324.95089  328.18685  331.51618  321.42835  324.59420  327.85067  317.96189  321.05949  324.24508  328.16314  331.48874  334.91112  324.57100  327.82383  331.17057  321.03680  324.21882  327.49200
 321.44287  324.60901  327.86578  317.97012  321.06789  324.25364  314.55271  317.58393  320.70058  324.58581  327.83893  331.18599  321.04519  324.22739  327.50074  317.56173  320.67490  323.87656  327.81549  331.15880  334.59950  324.20446  327.47414  330.83832  320.65247  323.85055  327.14032
 321.05951  324.24198  327.51563  317.56978  320.68311  323.88494  314.13642  317.18247  320.31443  324.21905  327.48903  330.85352  320.66068  323.85893  327.14886  317.16053  320.28899  323.50644  327.46587  330.82657  334.28529  323.83627  327.12251  330.50382  320.26683  323.48067  326.78673
 320.67479  323.87332  327.16355  317.16840  320.29702  323.51463  313.71940  316.78002  319.92701  323.85066  327.13720  330.51881  320.27486  323.48886  326.79508  316.75834  319.90181  323.13475  327.11429  330.49210  333.96852  323.46646  326.76898  330.16711  319.87990  323.10923  326.43128
 320.28876  323.50305  326.80956  316.76604  319.90966  323.14276  313.30171  316.37661  319.53834  323.48064  326.78345  330.18188  319.88775  323.11723  326.43945  316.35518  319.51338  322.76153  326.76081  330.15543  333.64923  323.09509  326.41359  329.82824  319.49173  322.73625  326.07400
 319.90145  323.13122  326.45372  316.36272  319.52107  322.76938  312.88338  315.97230  319.14849  323.10907  326.42786  329.84281  319.49942  322.74409  326.08201  315.95112  319.12377  322.38684  326.40546  329.81659  333.32747  322.72220  326.05638  329.48725  319.10236  322.36179  325.71495
 319.51293  322.75788  326.09608  315.95849  319.13129  322.39451  312.46445  315.56712  318.75749  322.73598  326.07045  329.50161  319.10988  322.36946  325.72278  315.54618  318.73300  322.01071  326.04829  329.47562  333.00328  322.34781  325.69738  329.14417  318.71183  321.98589  325.35416
 319.12319  322.38305  325.73665  315.55338  318.74035  322.01821  312.04496  315.16111  318.36539  322.36139  325.71125  329.15833  318.71918  321.99339  325.36182  315.14041  318.34113  321.63319  325.68934  329.13257  332.67667  321.97198  325.33665  328.79904  318.32020  321.60859  324.99167
 318.73231  322.00679  325.37550  315.14745  318.34831  321.64052  311.62494  314.75429  317.97221  321.98538  325.35033  328.81301  318.32738  321.61592  324.99916  314.73384  317.94817  321.25429  325.32865  328.78748  332.34772  321.59473  324.97421  328.45191  317.92747  321.22991  324.62752
 318.34033  321.62913  325.01265  314.74072  317.95520  321.26146  311.20446  314.34674  317.57801  321.60795  324.98770  328.46570  317.93449  321.23709  324.63485  314.32651  317.55419  320.87408  324.96626  328.44038  332.01646  321.21614  324.61012  328.10283  317.53372  320.84992  324.26176
 317.94726  321.25012  324.64815  314.33324  317.56105  320.88109  310.78351  313.93848  317.18281  321.22917  324.62342  328.11642  317.54058  320.85693  324.26892  313.91847  317.15921  320.49259  324.60220  328.09132  331.68291  320.83621  324.24441  327.75181  317.13896  320.46865  323.89441
 317.55316  320.86978  324.28204  313.92504  317.16592  320.49945  310.36218  313.52953  316.78667  320.84905  324.25752  327.76521  317.14566  320.47550  323.90141  313.50974  316.76327  320.10986  324.23653  327.74033  331.34712  320.45499  323.87711  327.39892  316.74324  320.08613  323.52553
 317.15807  320.48816  323.91435  313.51616  316.76983  320.11656  309.94047  313.11996  316.38961  320.46766  323.89004  327.41213  316.74980  320.09282  323.53237  313.10039  316.36643  319.72594  323.86927  327.38746  331.00914  320.07254  323.50828  327.04418  316.34661  319.70241  323.15516
 316.76203  320.10531  323.54513  313.10666  316.37283  319.73248  309.51843  312.70979  315.99169  320.08502  323.52104  327.05721  316.35302  319.70895  323.16184  312.69043  315.96870  319.34085  323.50049  327.03275  330.66900  319.68888  323.13795  326.68764  315.94910  319.31752  322.78332
 316.36507  319.72126  323.17442  312.69656  315.97496  319.34724  309.09611  312.29906  315.59293  319.70119  323.15053  326.70050  315.95536  319.32392  322.78985  312.27992  315.57015  318.95465  323.13020  326.67623  330.32674  319.30406  322.76617  326.32934  315.55075  318.93152  322.41007
 315.96725  319.33606  322.80226  312.28590  315.57626  318.96089  308.67354  311.88782  315.19338  319.31620  322.77857  326.34202  315.55687  318.93776  322.41645  311.86888  315.17080  318.56736  322.75844  326.31795  329.98241  318.91811  322.39297  325.96932  315.15160  318.54443  322.03544
 315.56859  318.94974  322.42869  311.87473  315.17677  318.57346  308.25075  311.47611  314.79308  318.93008  322.40520  325.98182  315.15757  318.55053  322.04168  311.45736  314.77069  318.17904  322.38527  325.95796  329.63605  318.53108  322.01839  325.60762  314.75170  318.15630  321.65949
 315.16913  318.56234  322.05374  311.46306  314.77652  318.18499  307.82779  311.06394  314.39207  318.54288  322.03045  325.61996  314.75752  318.16225  321.66557  311.04540  314.36987  317.78972  322.01073  325.59628  329.28769  318.14300  321.64247  325.24428  314.35107  317.76717  321.28223
 314.76892  318.17390  321.67747  311.05097  314.37556  317.79554  307.40469  310.65138  313.99038  318.15464  321.65437  325.25645  314.35676  317.77299  321.28818  310.63303  313.96837  317.39944  321.63484  325.23297  328.93738  317.75393  321.26527  324.87935  313.94976  317.37708  320.90373
 314.36799  317.78446  321.29991  310.63846  313.97392  317.40511  306.98148  310.23845  313.58805  317.76540  321.27700  324.89135  313.95531  317.38275  320.90952  310.22029  313.56623  317.00823  321.25766  324.86805  328.58516  317.36388  320.88680  324.51285  313.54781  316.98606  320.52400
 313.96639  317.39407  320.92110  310.22560  313.57165  317.01378  306.55822  309.82521  313.18514  317.37520  320.89837  324.52469  313.55323  316.99160  320.52967  309.80723  313.16349  316.61616  320.87923  324.50158  328.23107  316.97292  320.50712  324.14485  313.14526  316.59416  320.14311
 313.56415  317.00276  320.54108  309.81241  313.16878  316.62157  306.13493  309.41168  312.78166  316.98408  320.51854  324.15652  313.15055  316.59957  320.14864  309.39388  312.76020  316.22324  320.49958  324.13360  327.87514  316.58107  320.12628  323.77536  312.74215  316.20142  319.76108
 313.16132  316.61058  320.15990  309.39893  312.76536  316.22852  305.71165  308.99789  312.37767  316.59208  320.13754  323.78688  312.74730  316.20670  319.76647  308.98027  312.35638  315.82951  320.11876  323.76413  327.51744  316.18838  319.74429  323.40444  312.33851  315.80788  319.37796
 312.75793  316.21756  319.77758  308.98519  312.36141  315.83466  305.28842  308.58390  311.97319  316.19924  319.75539  323.41580  312.34354  315.81302  319.38322  308.56645  311.95208  315.43503  319.73680  323.39323  327.15798  315.79488  319.36121  323.03213  311.93438  315.41356  318.99379
 312.35401  315.82373  319.39417  308.57125  311.95698  315.44005  304.86527  308.16973  311.56828  315.80559  319.37216  323.04334  311.93928  315.41858  318.99892  308.15246  311.54733  315.03984  319.35375  323.02094  326.79681  315.40062  318.97708  322.65846  311.52981  315.01854  318.60860
 311.94962  315.42914  319.00972  308.15714  311.55211  315.04472  304.44225  307.75542  311.16296  315.41118  318.98788  322.66952  311.53459  315.02343  318.61360  307.73832  311.14219  314.64395  318.96964  322.64730  326.43399  315.00563  318.59194  322.28349  311.12483  314.62282  318.22245
 311.54478  315.03385  318.62427  307.74289  311.14685  314.64872  304.01938  307.34103  310.75728  315.01606  318.60260  322.29441  311.12949  314.62759  318.22733  307.32409  310.73667  314.24743  318.58453  322.27234  326.06955  314.60997  318.20582  321.90725  310.71949  314.22646  317.83536
 311.13954  314.63786  318.23784  307.32853  310.74121  314.25208  303.59671  306.92656  310.35128  314.62024  318.21633  321.91800  310.72403  314.23110  317.84012  306.90980  310.33083  313.85030  318.19843  321.89611  325.70350  314.21365  317.81877  321.52977  310.31380  313.82949  317.44738
 310.73394  314.24124  317.85049  306.91412  310.33525  313.85482  303.17426  306.51207  309.94498  314.22378  317.82914  321.54038  310.31822  313.83401  317.45200  306.49546  309.92469  313.45260  317.81141  321.51865  325.33594  313.81672  317.43083  321.15110  309.90782  313.43195  317.05854
 310.32799  313.84401  317.46223  306.49968  309.92899  313.45700  302.75208  306.09760  309.53843  313.82672  317.44105  321.16157  309.91213  313.43636  317.06305  306.08115  309.51830  313.05438  317.42348  321.14000  324.96686  313.41922  317.04203  320.77128  309.50159  313.03388  316.66890
 309.92178  313.44622  317.07315  306.08525  309.52250  313.05867  302.33021  305.68317  309.13168  313.42909  317.05212  320.78161  309.50579  313.03818  316.67329  305.66687  309.11169  312.65567  317.03471  320.76020  324.59633  313.02120  316.65242  320.39035  309.09514  312.63533  316.27848
 309.51530  313.04790  316.68324  305.67087  309.11578  312.65985  301.90867  305.26883  308.72474  313.03093  316.66237  320.40054  309.09923  312.63951  316.28275  305.25269  308.70491  312.25651  316.64512  320.37929  324.22438  312.62269  316.26204  320.00836  308.68852  312.23633  315.88733
 309.10861  312.64910  316.29257  305.25658  308.70889  312.26058  301.48750  304.85461  308.31768  312.63228  316.27186  320.01841  308.69249  312.24039  315.89149  304.83862  308.29799  311.85695  316.25475  319.99731  323.85104  312.22372  315.87093  319.62533  308.28174  311.83691  315.49548
 308.70174  312.24985  315.90117  304.84240  308.30186  311.86090  301.06674  304.44055  307.91051  312.23318  315.88061  319.63525  308.28561  311.84086  315.49952  304.42471  307.89097  311.45700  315.86366  319.61430  323.47639  311.82434  315.47912  319.24132  307.87487  311.43712  315.10298
 308.29473  311.85020  315.50908  304.42838  307.89473  311.46085  300.64641  304.02669  307.50326  311.83368  315.48867  319.25111  307.87863  311.44096  315.10691  304.01099  307.48388  311.05673  315.47187  319.23031  323.10044  311.42459  315.08665  318.85637  307.46792  311.03698  314.70986
 307.88763  311.45017  315.11634  304.01456  307.48754  311.06048  300.22657  303.61306  307.09601  311.43380  315.09608  318.86603  307.47158  311.04073  314.71370  303.59750  307.07677  310.65617  315.07942  318.84537  322.72324  311.02450  314.69357  318.47051  307.06095  310.63656  314.31618
 307.48045  311.04981  314.72300  303.60097  307.08032  310.65981  299.80724  303.19969  306.68877  311.03358  314.70287  318.48003  307.06450  310.64020  314.31990  303.18427  306.66966  310.25535  314.68636  318.45952  322.34482  310.62411  314.29991  318.08378  306.65398  310.23588  313.92195
 307.07325  310.64916  314.32907  303.18764  306.67311  310.25888  299.38845  302.78662  306.28157  310.63307  314.30908  318.09318  306.65743  310.23941  313.92557  302.77134  306.26259  309.85431  314.29272  318.07280  321.96523  310.22346  313.90572  317.69622  306.24706  309.83498  313.52722
 306.66607  310.24825  313.93462  302.77461  306.26594  309.85774  298.97025  302.37390  305.87446  310.23230  313.91477  317.70549  306.25041  309.83841  313.53073  302.35875  305.85562  309.45308  313.89855  317.68526  321.58452  309.82260  313.51103  317.30788  305.84021  309.43389  313.13205
 306.25893  309.84713  313.53966  302.36193  305.85887  309.45641  298.55265  301.96154  305.46746  309.83132  313.51996  317.31703  305.84347  309.43721  313.13545  301.94653  305.44875  309.05172  313.50387  317.29693  321.20272  309.42154  313.11588  316.91879  305.43348  309.03265  312.73644
 305.85187  309.44581  313.14426  301.94961  305.45191  309.05495  298.13571  301.54959  305.06062  309.43014  313.12469  316.92781  305.43663  309.03588  312.73974  301.53470  305.04205  308.65024  313.10873  316.90785  320.81987  309.02033  312.72031  316.52900  305.02690  308.63131  312.34046
 305.44492  309.04437  312.74843  301.53770  305.04511  308.65337  297.71944  301.13809  304.65398  309.02882  312.72900  316.53790  305.02996  308.63444  312.34367  301.12333  304.63553  308.24870  312.71318  316.51807  320.43601  308.61903  312.32436  316.13854  304.62052  308.22990  311.94414
 305.03814  308.64281  312.35224  301.12622  304.63850  308.25174  297.30389  300.72706  304.24757  308.62740  312.33293  316.14732  304.62349  308.23293  311.94724  300.71243  304.22925  307.84713  312.31724  316.12762  320.05119  308.21765  311.92807  315.74745  304.21436  307.82845  311.54750
 304.63156  308.24120  311.95571  300.71523  304.23212  307.85007  296.88909  300.31654  303.84142  308.22591  311.93653  315.75612  304.21723  307.83139  311.55051  300.30203  303.82323  307.44556  311.92096  315.73655  319.66545  307.81623  311.53146  315.35577  303.80846  307.42701  311.15061
 304.22519  307.83954  311.55886  300.30475  303.82601  307.44841  296.47506  299.90657  303.43557  307.82438  311.53981  315.36433  303.81124  307.42986  311.15353  299.89218  303.41750  307.04403  311.52437  315.34489  319.27882  307.41482  311.13461  314.96356  303.40285  307.02561  310.75349
 303.81909  307.43789  311.16176  299.89481  303.42019  307.04679  296.06185  299.49718  303.03006  307.42285  311.14283  314.97199  303.40555  307.02837  310.75631  299.48291  303.01211  306.64259  311.12751  314.95267  318.89135  307.01345  310.73751  314.57082  302.99758  306.62428  310.35618
 303.41329  307.03629  310.76443  299.48546  303.01472  306.64526  295.64949  299.08841  302.62492  307.02138  310.74563  314.57915  303.00019  306.62695  310.35891  299.07425  302.60709  306.24126  310.73043  314.55995  318.50308  306.61215  310.34023  314.17763  302.59268  306.22307  309.95871
 303.00783  306.63478  310.36693  299.07671  302.60961  306.24384  295.23801  298.68028  302.22019  306.61997  310.34824  314.18584  302.59519  306.22565  309.96135  298.66624  302.20248  305.84008  310.33317  314.16677  318.11405  306.21097  309.94279  313.78399  302.18818  305.82201  309.56114
 302.60273  306.23337  309.96926  298.66861  302.20491  305.84258  294.82744  298.27284  301.81590  306.21869  309.95070  313.79210  302.19062  305.82451  309.56369  298.25891  301.79830  305.43910  309.93574  313.77315  317.72429  305.80994  309.54525  313.38997  301.78412  305.42114  309.16348
 302.19805  305.83212  309.57149  298.26121  301.80066  305.44151  294.41782  297.86611  301.41209  305.81755  309.55305  313.39797  301.78647  305.42356  309.16595  297.85229  301.39461  305.03833  309.53820  313.37913  317.33385  305.40910  309.14762  312.99560  301.38053  305.02049  308.76579
 301.79380  305.43107  309.17365  297.85451  301.39688  305.04066  294.00917  297.46013  301.00879  305.41661  309.15532  313.00349  301.38280  305.02281  308.76817  297.44642  300.99141  304.63783  309.14058  312.98477  316.94277  305.00847  308.74996  312.60092  300.97745  304.62010  308.36810
 301.39003  305.03022  308.77577  297.44855  300.99360  304.64007  293.60153  297.05493  300.60603  305.01588  308.75755  312.60870  300.97963  304.62234  308.37040  297.04133  300.58877  304.23763  308.74293  312.59010  316.55109  304.60811  308.35230  312.20596  300.57491  304.22001  307.97045
 300.98678  304.62966  308.37789  297.04339  300.59088  304.23979  293.19492  296.65055  300.20386  304.61542  308.35979  312.21364  300.57702  304.22217  307.97266  296.63705  300.18670  303.83776  308.34528  312.19515  316.15886  304.20804  307.95467  311.81077  300.17295  303.82024  307.57287
 300.58406  304.22939  307.98006  296.63904  300.18874  303.83984  292.78939  296.24702  299.80230  304.21526  307.96206  311.81835  300.17498  303.82233  307.57500  296.23362  299.78525  303.43826  307.94765  311.79997  315.76610  303.80831  307.55712  311.41538  299.77160  303.42085  307.17540
 300.18193  303.82945  307.58230  296.23553  299.78721  303.44026  292.38496  295.84436  299.40139  303.81542  307.56441  311.42286  299.77355  303.42285  307.17745  295.83107  299.38444  303.03916  307.55011  311.40458  315.37285  303.40893  307.15967  311.01982  299.37089  303.02186  306.77807
 299.78041  303.42988  307.18465  295.83290  299.38633  303.04109  291.98166  295.44263  299.00117  303.41596  307.16687  311.02720  299.37278  303.02378  306.78004  295.42943  298.98432  302.64050  307.15267  311.00904  314.97917  303.00996  306.76237  310.62416  298.97087  302.62330  306.38094
 299.37954  303.03071  306.78714  295.43119  298.98612  302.64234  291.57953  295.04183  298.60165  303.01689  306.76947  310.63144  298.97267  302.62515  306.38283  295.02873  298.58491  302.24232  306.75537  310.61337  314.58508  302.61142  306.36526  310.22839  298.57155  302.22522  305.98401
 298.97934  302.63198  306.38984  295.03042  298.58664  302.24409  291.17859  294.64201  298.20289  302.61826  306.37226  310.23558  298.57328  302.22699  305.98582  294.62901  298.18624  301.84463  306.35826  310.21762  314.19063  302.21337  305.96836  309.83259  298.17298  301.82764  305.58735
 298.57987  302.23374  305.99274  294.63063  298.18791  301.84634  290.77888  294.24321  297.80491  302.22012  305.97528  309.83969  298.17465  301.82934  305.58909  294.23030  297.78837  301.44751  305.96138  309.82184  313.79586  301.81581  305.57173  309.43679  297.77520  301.43061  305.19098
 298.18114  301.83600  305.59592  294.23185  297.78995  301.44913  290.38043  293.84544  297.40775  301.82247  305.57855  309.44378  297.77679  301.43224  305.19264  293.83262  297.39130  301.05095  305.56474  309.42603  313.40080  301.41880  305.17538  309.04101  297.37822  301.03415  304.79493
 297.78320  301.43881  305.19938  293.83411  297.39283  301.05251  289.98326  293.44876  297.01144  301.42537  305.18211  309.04792  297.37975  301.03571  304.79653  293.43603  296.99508  300.65501  305.16840  309.03027  313.00551  301.02237  304.77936  308.64531  296.98210  300.63831  304.39926
 297.38607  301.04219  304.80318  293.43744  296.99653  300.65650  289.58741  293.05317  296.61600  301.02884  304.78600  308.65212  296.98355  300.63979  304.40079  293.04052  296.59974  300.25972  304.77239  308.63456  312.60999  300.62654  304.38371  308.24970  296.58685  300.24310  304.00398
 296.98979  300.64619  304.40735  293.04188  296.60113  300.26114  289.19290  292.65872  296.22149  300.63294  304.39027  308.25643  296.58824  300.24453  304.00544  292.64616  296.20532  299.86511  304.37674  308.23897  312.21432  300.23136  303.98846  307.85424  296.19251  299.84859  303.60914
 296.59440  300.25084  304.01192  292.64746  296.20664  299.86647  288.79978  292.26544  295.82793  300.23767  303.99493  307.86088  296.19383  299.84994  303.61053  292.25296  295.81185  299.47121  303.98149  307.84352  311.81852  299.83686  303.59364  307.45897  295.79912  299.45478  303.21478
 296.19991  299.85617  303.61692  292.25419  295.81310  299.47250  288.40805  291.87336  295.43534  299.84309  303.60003  307.46551  295.80037  299.45607  303.21610  291.86096  295.41935  299.07807        nan        nan        nan        nan        nan        nan        nan        nan        nan
