       nan        nan        nan        nan        nan        nan        nan        nan        nan  313.42026        nan        nan        nan        nan        nan        nan        nan        nan  313.44952  313.87342        nan        nan        nan        nan        nan        nan        nan
 313.38877        nan        nan  313.01671        nan        nan        nan        nan        nan  313.41803  313.84184        nan  313.04590  313.46871        nan        nan        nan        nan  313.47660  313.90429  314.25720  313.10434  313.53101  313.88308        nan        nan        nan
 313.35498  313.77863        nan  312.97791  313.40053        nan  312.66692  313.08870        nan  313.41354  313.84105  314.19382  313.03632  313.46281  313.81473  312.72521  313.15085  313.50207  313.50149  313.93483  314.29770  313.12406  313.55636  313.91836  312.81277  313.24422  313.60549
 313.31880  313.74605  314.09861  312.93416  313.36037  313.71206  312.61016  313.03548  313.38644  313.40669  313.83978  314.20243  313.02184  313.45386  313.81562  312.69765  313.12878  313.48979  313.52411  313.96498  314.34062  313.13897  313.57876  313.95348  312.81454  313.25342  313.62736
 313.28007  313.71281  314.07517  312.88535  313.31700  313.67844  312.54493  312.97563  313.33629  313.39740  313.83791  314.21325  313.00238  313.44178  313.81617  312.66170  313.10015  313.47372  313.54442  313.99465  314.38555  313.14904  313.59813  313.98804  312.80804  313.25616  313.64521
 313.23868  313.67874  314.05370  312.83143  313.27035  313.64433  312.47176  312.90967  313.28279  313.38555  313.83533  314.22582  312.97792  313.42653  313.81601  312.61791  313.06548  313.45407  313.56230  314.02369  314.43198  313.15421  313.61440  314.02163  312.79379  313.25292  313.65921
 313.19447  313.64370  314.03372  312.77240  313.22042  313.60938  312.39118  312.83810  313.22612  313.37100  313.83183  314.23963  312.94846  313.40804  313.81473  312.56681  313.02527  313.43097  313.57761  314.05191  314.47943  313.15451  313.62752  314.05388  312.77236  313.24421  313.66954
 313.14735  313.60752  314.01473  312.70831  313.16719  313.57326  312.30368  312.76138  313.16639  313.35366  313.82728  314.25419  312.91405  313.38633  313.81204  312.50889  312.97995  313.40455  313.59028  314.07911  314.52741  313.15001  313.63746  314.08450  312.74423  313.23042  313.67630
 313.09720  313.57004  313.99625  312.63926  313.11072  313.53568  312.20975  312.67991  313.10370  313.33344  313.82146  314.26903  312.87480  313.36140  313.80765  312.44464  312.92990  313.37492  313.60020  314.10509  314.57548  313.14079  313.64419  314.11321  312.70990  313.21192  313.67964
 313.04396  313.53108  313.97782  312.56539  313.05102  313.49639  312.10981  312.59402  313.03809  313.31023  313.81418  314.28370  312.83085  313.33326  313.80134  312.37449  312.87544  313.34215  313.60726  314.12962  314.62320  313.12697  313.64773  314.13980  312.66975  313.18899  313.67962
 312.98756  313.49047  313.95903  312.48686  312.98816  313.45521  312.00425  312.50400  312.96961  313.28398  313.80526  314.29782  312.78233  313.30194  313.79292  312.29881  312.81681  313.30627  313.61140  314.15252  314.67023  313.10870  313.64808  314.16413  312.62417  313.16188  313.67633
 312.92797  313.44807  313.93951  312.40380  312.92216  313.41195  311.89339  312.41005  312.89824  313.25465  313.79453  314.31107  312.72939  313.26746  313.78226  312.21791  312.75423  313.26733  313.61255  314.17359  314.71621  313.08608  313.64525  314.18604  312.57344  313.13077  313.66979
 312.86518  313.40372  313.91896  312.31640  312.85305  313.36649  311.77757  312.31237  312.82403  313.22218  313.78183  314.32310  312.67216  313.22984  313.76920  312.13209  312.68785  313.22535  313.61066  314.19268  314.76088  313.05927  313.63925  314.20544  312.51787  313.09584  313.66007
 312.79915  313.35729  313.89709  312.22478  312.78087  313.31869  311.65702  312.21108  312.74694  313.18658  313.76703  314.33369  312.61079  313.18910  313.75367  312.04162  312.61783  313.18034  313.60569  314.20964  314.80398  313.02836  313.63009  314.22223  312.45767  313.05720  313.64718
 312.72992  313.30867  313.87367  312.12911  312.70565  313.26847  311.53199  312.10632  312.66699  313.14780  313.74999  314.34259  312.54540  313.14527  313.73558  311.94668  312.54426  313.13230  313.59762  314.22433  314.84530  312.99348  313.61778  314.23635  312.39305  313.01495  313.63115
 312.65747  313.25778  313.84851  312.02950  312.62739  313.21575  311.40269  311.99818  312.58417  313.10588  313.73062  314.34964  312.47611  313.09834  313.71486  311.84750  312.46723  313.08126  313.58643  314.23665  314.88467  312.95472  313.60232  314.24772  312.32420  312.96918  313.61198
 312.58183  313.20448  313.82142  311.92608  312.54612  313.16047  311.26929  311.88672  312.49847  313.06078  313.70881  314.35465  312.40301  313.04833  313.69145  311.74422  312.38681  313.02721  313.57210  314.24649  314.92191  312.91219  313.58374  314.25631  312.25125  312.91996  313.58968
 312.50299  313.14872  313.79226  311.81894  312.46184  313.10255  311.13194  311.77201  312.40989  313.01250  313.68448  314.35748  312.32621  312.99525  313.66530  311.63698  312.30306  312.97015  313.55462  314.25375  314.95691  312.86596  313.56202  314.26208  312.17434  312.86733  313.56429
 312.42100  313.09043  313.76089  311.70819  312.37457  313.04196  310.99080  311.65411  312.31843  312.96106  313.65755  314.35804  312.24579  312.93910  313.63638  311.52593  312.21603  312.91009  313.53398  314.25838  314.98953  312.81609  313.53718  314.26497  312.09360  312.81135  313.53578
 312.33585  313.02955  313.72724  311.59390  312.28431  312.97867  310.84597  311.53306  312.22409  312.90648  313.62798  314.35619  312.16182  312.87989  313.60463  311.41116  312.12578  312.84703  313.51019  314.26032  315.01969  312.76266  313.50921  314.26496  312.00911  312.75207  313.50416
 312.24756  312.96603  313.69117  311.47616  312.19108  312.91263  310.69757  311.40891  312.12685  312.84873  313.59570  314.35186  312.07436  312.81763  313.57004  311.29278  312.03233  312.78096  313.48324  314.25948  315.04730  312.70573  313.47813  314.26202  311.92099  312.68950  313.46946
 312.15616  312.89982  313.65263  311.35504  312.09488  312.84382  310.54570  311.28169  312.02672  312.78786  313.56066  314.34497  311.98350  312.75232  313.53259  311.17089  311.93571  312.71190  313.45313  314.25585  315.07227  312.64534  313.44392  314.25613  311.82928  312.62370  313.43166
 312.06168  312.83089  313.61155  311.23060  311.99572  312.77221  310.39044  311.15143  311.92372  312.72385  313.52283  314.33545  311.88925  312.68397  313.49224  311.04554  311.83596  312.63984  313.41986  314.24936  315.09455  312.58154  313.40661  314.24726  311.73408  312.55468  313.39076
 311.96410  312.75920  313.56787  311.10290  311.89361  312.69779  310.23186  311.01814  311.81782  312.65673  313.48219  314.32325  311.79170  312.61259  313.44899  310.91681  311.73310  312.56478  313.38343  314.24000  315.11407  312.51438  313.36619  314.23541  311.63544  312.48246  313.34677
 311.86347  312.68475  313.52153  310.97197  311.78855  312.62053  310.07005  310.88190  311.70904  312.58649  313.43870  314.30831  311.69085  312.53817  313.40280  310.78477  311.62717  312.48675  313.34386  314.22771  315.13079  312.44389  313.32266  314.22053  311.53343  312.40708  313.29971
 311.75978  312.60748  313.47249  310.83787  311.68056  312.54043  309.90505  310.74268  311.59739  312.51315  313.39232  314.29059  311.58679  312.46074  313.35367  310.64948  311.51817  312.40572  313.30114  314.21248  315.14465  312.37010  313.27603  314.20264  311.42807  312.32854  313.24955
 311.65308  312.52740  313.42072  310.70066  311.56964  312.45748  309.73694  310.60053  311.48285  312.43673  313.34304  314.27006  311.47952  312.38028  313.30160  310.51097  311.40613  312.32170  313.25527  314.19429  315.15563  312.29305  313.22629  314.18171  311.31944  312.24687  313.19631
 311.54336  312.44449  313.36619  310.56036  311.45581  312.37167  309.56575  310.45547  311.36545  312.35722  313.29085  314.24667  311.36909  312.29681  313.24656  310.36931  311.29107  312.23470  313.20627  314.17310  315.16368  312.21276  313.17346  314.15774  311.20756  312.16208  313.14000
 311.43064  312.35874  313.30886  310.41700  311.33906  312.28298  309.39155  310.30751  311.24518  312.27465  313.23574  314.22041  311.25552  312.21033  313.18855  310.22453  311.17302  312.14474  313.15413  314.14892  315.16880  312.12926  313.11754  314.13072  311.09249  312.07420  313.08062
 311.31494  312.27012  313.24872  310.27063  311.21940  312.19141  309.21438  310.15669  311.12206  312.18902  313.17768  314.19124  311.13885  312.12085  313.12758  310.07668  311.05198  312.05182  313.09887  314.12172  315.17091  312.04258  313.05852  314.10061  310.97425  311.98323  313.01817
 311.19628  312.17865  313.18574  310.12129  311.09687  312.09699  309.03427  310.00301  310.99610  312.10035  313.11666  314.15914  311.01911  312.02839  313.06362  309.92580  310.92798  311.95591  313.04049  314.09149  315.17003  311.95274  312.99644  314.06746  310.85287  311.88920  312.95265
 311.07466  312.08430  313.11990  309.96899  310.97145  311.99967  308.85127  309.84650  310.86729  312.00863  313.05269  314.12410  310.89631  311.93294  312.99668  309.77191  310.80104  311.85706  312.97899  314.05820  315.16611  311.85976  312.93126  314.03121  310.72839  311.79211  312.88406
 310.95010  311.98709  313.05120  309.81375  310.84316  311.89947  308.66542  309.68719  310.73565  311.91388  312.98575  314.08609  310.77049  311.83451  312.92675  309.61506  310.67117  311.75526  312.91438  314.02187  315.15915  311.76366  312.86300  313.99189  310.60085  311.69199  312.81243
 310.82263  311.88700  312.97961  309.65564  310.71202  311.79640  308.47674  309.52508  310.60117  311.81613  312.91585  314.04511  310.64168  311.73311  312.85384  309.45527  310.53837  311.65051  312.84667  313.98248  315.14913  311.66446  312.79169  313.94949  310.47025  311.58884  312.73773
 310.69225  311.78404  312.90513  309.49465  310.57802  311.69045  308.28529  309.36020  310.46390  311.71536  312.84296  314.00114  310.50988  311.62875  312.77795  309.29259  310.40269  311.54284  312.77587  313.94002  315.13603  311.56218  312.71730  313.90399  310.33664  311.48268  312.66000
 310.55897  311.67820  312.82776  309.33081  310.44119  311.58162  308.09107  309.19255  310.32382  311.61161  312.76710  313.95417  310.37512  311.52144  312.69906  309.12702  310.26412  311.43223  312.70198  313.89450  315.11984  311.45684  312.63986  313.85541  310.20004  311.37351  312.57921
 310.42283  311.56950  312.74748  309.16416  310.30153  311.46993  307.89415  309.02218  310.18094  311.50487  312.68826  313.90419  310.23743  311.41119  312.61719  308.95861  310.12270  311.31871  312.62501  313.84589  315.10055  311.34845  312.55937  313.80374  310.06047  311.26137  312.49541
 310.28381  311.45792  312.66428  308.99471  310.15906  311.35536  307.69452  308.84909  310.03528  311.39516  312.60644  313.85119  310.09683  311.29801  312.53234  308.78737  309.97841  311.20228  312.54495  313.79420  315.07814  311.23703  312.47583  313.74898  309.91795  311.14625  312.40857
 310.14195  311.34348  312.57817  308.82248  310.01379  311.23794  307.49224  308.67329  309.88685  311.28249  312.52165  313.79517  309.95332  311.18189  312.44450  308.61334  309.83129  311.08294  312.46185  313.73944  315.05262  311.12261  312.38925  313.69112  309.77252  311.02817  312.31870
 309.99725  311.22617  312.48914  308.64751  309.86573  311.11766  307.28732  308.49481  309.73566  311.16687  312.43387  313.73612  309.80695  311.06287  312.35369  308.43654  309.68136  310.96072  312.37567  313.68158  315.02395  311.00519  312.29964  313.63018  309.62419  310.90714  312.22582
 309.84974  311.10602  312.39720  308.46980  309.71489  310.99452  307.07980  308.31367  309.58172  311.04832  312.34313  313.67404  309.65771  310.94094  312.25990  308.25700  309.52863  310.83561  312.28645  313.62066  314.99216  310.88477  312.20700  313.56614  309.47297  310.78319  312.12993
 309.69943  310.98301  312.30233  308.28939  309.56129  310.86855  306.86969  308.12988  309.42505  310.92683  312.24941  313.60892  309.50562  310.81612  312.16315  308.07472  309.37311  310.70763  312.19420  313.55665  314.95722  310.76141  312.11135  313.49902  309.31891  310.65632  312.03105
 309.54631  310.85715  312.20454  308.10629  309.40494  310.73974  306.65702  307.94346  309.26565  310.80243  312.15273  313.54076  309.35073  310.68841  312.06343  307.88976  309.21481  310.57679  312.09889  313.48954  314.91913  310.63508  312.01269  313.42881  309.16199  310.52653  311.92916
 309.39044  310.72847  312.10384  307.92054  309.24586  310.60811  306.44184  307.75444  309.10355  310.67512  312.05309  313.46958  309.19302  310.55784  311.96076  307.70211  309.05377  310.44310  312.00058  313.41937  314.87790  310.50584  311.91103  313.35552  309.00227  310.39386  311.82430
 309.23179  310.59695  312.00022  307.73213  309.08405  310.47365  306.22414  307.56282  308.93875  310.54494  311.95048  313.39534  309.03254  310.42441  311.85513  307.51182  308.88998  310.30656  311.89924  313.34611  314.83350  310.37366  311.80638  313.27915  308.83974  310.25830  311.71645
 309.07041  310.46261  311.89369  307.54111  308.91954  310.33639  306.00398  307.36863  308.77126  310.41186  311.84493  313.31807  308.86928  310.28812  311.74655  307.31888  308.72347  310.16720  311.79491  313.26977  314.78595  310.23859  311.69873  313.19971  308.67444  310.11987  311.60564
 308.90630  310.32547  311.78425  307.34747  308.75233  310.19632  305.78135  307.17189  308.60110  310.27593  311.73643  313.23776  308.70329  310.14898  311.63503  307.12335  308.55425  310.02502  311.68757  313.19037  314.73524  310.10062  311.58813  313.11719  308.50638  309.97860  311.49187
 308.73947  310.18551  311.67191  307.15126  308.58243  310.05346  305.55630  306.97260  308.42830  310.13713  311.62499  313.15442  308.53455  310.00703  311.52058  306.92523  308.38235  309.88004  311.57724  313.10790  314.68137  309.95978  311.47455  313.03161  308.33560  309.83449  311.37515
 308.56995  310.04277  311.55667  306.95249  308.40987  309.90783  305.32883  306.77081  308.25284  309.99551  311.51062  313.06804  308.36311  309.86227  311.40321  306.72454  308.20777  309.73226  311.46395  313.02236  314.62434  309.81609  311.35801  312.94296  308.16208  309.68754  311.25549
 308.39774  309.89724  311.43853  306.75117  308.23466  309.75941  305.09899  306.56651  308.07477  309.85105  311.39332  312.97863  308.18896  309.71469  311.28291  306.52131  308.03053  309.58170  311.34768  312.93376  314.56415  309.66954  311.23852  312.85125  307.98587  309.53779  311.13290
 308.22287  309.74894  311.31751  306.54733  308.05681  309.60825  304.86679  306.35973  307.89407  309.70378  311.27311  312.88619  308.01214  309.56433  311.15971  306.31555  307.85064  309.42836  311.22845  312.84210  314.50080  309.52017  311.11611  312.75650  307.80696  309.38524  311.00738
 308.04535  309.59788  311.19360  306.34100  307.87635  309.45433  304.63226  306.15049  307.71078  309.55370  311.14999  312.79074  307.83266  309.41120  311.03362  306.10729  307.66814  309.27228  311.10628  312.74739  314.43428  309.36798  310.99076  312.65869  307.62541  309.22990  310.87896
 307.86520  309.44407  311.06683  306.13218  307.69328  309.29769  304.39541  305.93881  307.52492  309.40084  311.02396  312.69226  307.65054  309.25530  310.90463  305.89655  307.48302  309.11344  310.98118  312.64965  314.36461  309.21300  310.86250  312.55786  307.44120  309.07180  310.74764
 307.68242  309.28751  310.93718  305.92089  307.50761  309.13830  304.15628  305.72470  307.33648  309.24520  310.89505  312.59076  307.46579  309.09665  310.77275  305.68336  307.29532  308.95189  310.85314  312.54886  314.29178  309.05523  310.73133  312.45399  307.25438  308.91095  310.61342
 307.49705  309.12824  310.80469  305.70718  307.31939  308.97622  303.91487  305.50819  307.14549  309.08681  310.76326  312.48627  307.27844  308.93527  310.63802  305.46772  307.10503  308.78761  310.72220  312.44504  314.21580  308.89470  310.59728  312.34710  307.06494  308.74735  310.47633
 307.30909  308.96626  310.66934  305.49103  307.12859  308.81143  303.67123  305.28929  306.95197  308.92567  310.62859  312.37877  307.08849  308.77116  310.50042  305.24967  306.91219  308.62063  310.58836  312.33820  314.13668  308.73141  310.46033  312.23719  306.87291  308.58103  310.33638
 307.11856  308.80156  310.53115  305.27249  306.93526  308.64396  303.42537  305.06803  306.75594  308.76180  310.49106  312.26827  306.89598  308.60435  310.35997  305.02922  306.71682  308.45096  310.45162  312.22834  314.05441  308.56539  310.32052  312.12428  306.67833  308.41200  310.19358
 306.92548  308.63418  310.39014  305.05157  306.73941  308.47381  303.17732  304.84442  306.55740  308.59521  310.35069  312.15479  306.70091  308.43484  310.21668  304.80641  306.51892  308.27863  310.31200  312.11547  313.96899  308.39664  310.17785  312.00836  306.48119  308.24028  310.04792
 306.72987  308.46413  310.24631  304.82829  306.54105  308.30101  302.92709  304.61849  306.35638  308.42592  310.20747  312.03833  306.50331  308.26266  310.07056  304.58123  306.31851  308.10362  310.16953  311.99961  313.88045  308.22519  310.03233  311.88945  306.28152  308.06587  309.89944
 306.53174  308.29141  310.09966  304.60267  306.34020  308.12556  302.67471  304.39025  306.15289  308.25394  310.06142  311.91889  306.30320  308.08781  309.92164  304.35372  306.11562  307.92598  310.02420  311.88075  313.78875  308.05106  309.88398  311.76756  306.07934  307.88880  309.74813
 306.33112  308.11605  309.95022  304.37473  306.13687  307.94748  302.42020  304.15972  305.94695  308.07930  309.91255  311.79648  306.10058  307.91030  309.76989  304.12390  305.91025  307.74569  309.87603  311.75891  313.69395  307.87424  309.73281  311.64270  305.87466  307.70909  309.59403
 306.12801  307.93805  309.79798  304.14449  305.93108  307.76677  302.16359  303.92692  305.73856  307.90198  309.76089  311.67112  305.89549  307.73017  309.61536  303.89179  305.70244  307.56280  309.72503  311.63410  313.59602  307.69478  309.57882  311.51487  305.66751  307.52674  309.43713
 305.92243  307.75743  309.64296  303.91197  305.72286  307.58347  301.90490  303.69188  305.52778  307.72204  309.60642  311.54281  305.68793  307.54741  309.45805  303.65742  305.49220  307.37731  309.57121  311.50632  313.49497  307.51267  309.42204  311.38409  305.45792  307.34179  309.27746
 305.71441  307.57421  309.48519  303.67720  305.51221  307.39758  301.64414  303.45460  305.31458  307.53947  309.44917  311.41157  305.47794  307.36205  309.29798  303.42078  305.27953  307.18923  309.41460  311.37558  313.39082  307.32793  309.26248  311.25037  305.24587  307.15422  309.11501
 305.50396  307.38840  309.32466  303.44018  305.29917  307.20912  301.38136  303.21513  305.09901  307.35428  309.28916  311.27739  305.26551  307.17410  309.13515  303.18193  305.06447  306.99859  309.25519  311.24192  313.28357  307.14059  309.10015  311.11371  305.03143  306.96408  308.94982
 305.29110  307.20001  309.16140  303.20095  305.08373  307.01810  301.11656  302.97346  304.88107  307.16650  309.12640  311.14030  305.05069  306.98359  308.96957  302.94087  304.84704  306.80539  309.09302  311.10531  313.17322  306.95067  308.93507  310.97414  304.81458  306.77137  308.78188
 305.07586  307.00908  308.99539  302.95953  304.86594  306.82453  300.84977  302.72964  304.66079  306.97615  308.96088  311.00030  304.83347  306.79050  308.80127  302.69762  304.62724  306.60966  308.92808  310.96578  313.05979  306.75816  308.76724  310.83165  304.59536  306.57611  308.61123
 304.85823  306.81558  308.82668  302.71593  304.64578  306.62844  300.58101  302.48365  304.43818  306.78323  308.79264  310.85740  304.61389  306.59489  308.63026  302.45221  304.40510  306.41141  308.76040  310.82334  312.94329  306.56310  308.59669  310.68627  304.37377  306.37832  308.43787
 304.63825  306.61956  308.65526  302.47018  304.42330  306.42985  300.31031  302.23555  304.21327  306.58778  308.62169  310.71161  304.39197  306.39676  308.45655  302.20467  304.18065  306.21066  308.58999  310.67800  312.82371  306.36551  308.42343  310.53800  304.14986  306.17802  308.26181
 304.41594  306.42104  308.48117  302.22229  304.19851  306.22876  300.03769  301.98535  303.98607  306.38979  308.44803  310.56295  304.16771  306.19611  308.28015  301.95500  303.95389  306.00742  308.41686  310.52977  312.70107  306.16539  308.24746  310.38685  303.92362  305.97521  308.08307
 304.19130  306.22002  308.30438  301.97230  303.97143  306.02519  299.76317  301.73306  303.75659  306.18929  308.27169  310.41142  303.94115  305.99298  308.10108  301.70322  303.72485  305.80171  308.24102  310.37867  312.57537  305.96277  308.06882  310.23284  303.69508  305.76993  307.90166
 303.96437  306.01651  308.12494  301.72022  303.74207  305.81917  299.48678  301.47871  303.52486  305.98630  308.09268  310.25703  303.71230  305.78738  307.91935  301.44938  303.49355  305.59355  308.06251  310.22471  312.44665  305.75767  307.88751  310.07599  303.46428  305.56219  307.71761
 303.73516  305.81055  307.94285  301.46606  303.51045  305.61069  299.20853  301.22232  303.29089  305.78083  307.91101  310.09981  303.48118  305.57932  307.73499  301.19348  303.26000  305.38296  307.88132  310.06789  312.31489  305.55009  307.70355  309.91629  303.23121  305.35200  307.53092
 303.50370  305.60215  307.75814  301.20986  303.27660  305.39979  298.92846  300.96391  303.05473  305.57291  307.72669  309.93977  303.24781  305.36883  307.54800  300.93555  303.02423  305.16995  307.69748  309.90823  312.18010  305.34006  307.51695  309.75377  302.99591  305.13938  307.34162
 303.26998  305.39131  307.57080  300.95163  303.04054  305.18649  298.64657  300.70349  302.81635  305.36254  307.53975  309.77690  303.01221  305.15591  307.35839  300.67560  302.78625  304.95454  307.51100  309.74576  312.04231  305.12761  307.32773  309.58844  302.75838  304.92435  307.14972
 303.03405  305.17806  307.38086  300.69139  302.80227  304.97079  298.36291  300.44111  302.57582  305.14975  307.35020  309.61124  302.77440  304.94060  307.16620  300.41367  302.54610  304.73676  307.32190  309.58047  311.90151  304.91274  307.13591  309.42031  302.51868  304.70695  306.95523
 302.79592  304.96242  307.18834  300.42918  302.56184  304.75272  298.07749  300.17677  302.33313  304.93456  307.15805  309.44278  302.53441  304.72291  306.97143  300.14977  302.30378  304.51661  307.13018  309.41238  311.75773  304.69548  306.94151  309.24941  302.27679  304.48717  306.75818
 302.55561  304.74442  306.99325  300.16501  302.31924  304.53230  297.79033  299.91049  302.08829  304.71699  306.96333  309.27156  302.29225  304.50285  306.77410  299.88392  302.05932  304.29412  306.93589  309.24151  311.61097  304.47585  306.74452  309.07574  302.03274  304.26502  306.55856
 302.31314  304.52405  306.79561  299.89890  302.07451  304.30954  297.50146  299.64230  301.84135  304.49704  306.76603  309.09757  302.04794  304.28044  306.57421  299.61615  301.81273  304.06930  306.73901  309.06787  311.46125  304.25385  306.54499  308.89931  301.78656  304.04056  306.35641
 302.06853  304.30134  306.59543  299.63087  301.82766  304.08446  297.21090  299.37222  301.59232  304.27475  306.56620  308.92084  301.80149  304.05571  306.37180  299.34648  301.56404  303.84218  306.53958  308.89148  311.30857  304.02952  306.34292  308.72013  301.53828  303.81378  306.15175
 301.82179  304.07631  306.39272  299.36094  301.57871  303.85708  296.91867  299.10027  301.34120  304.05012  306.36383  308.74137  301.55295  303.82867  306.16688  299.07493  301.31326  303.61277  306.33761  308.71235  311.15295  303.80288  306.13833  308.53824  301.28790  303.58469  305.94458
 301.57296  303.84899  306.18750  299.08914  301.32769  303.62741  296.62480  298.82648  301.08804  303.82319  306.15896  308.55919  301.30232  303.59934  305.95946  298.80153  301.06043  303.38109  306.13311  308.53049  310.99440  303.57393  305.93124  308.35364  301.03544  303.35335  305.73494
 301.32205  303.61938  305.97980  298.81550  301.07461  303.39549  296.32932  298.55086  300.83284  303.59396  305.95158  308.37431  301.04962  303.36774  305.74956  298.52628  300.80556  303.14716  305.92612  308.34593  310.83293  303.34270  305.72166  308.16635  300.78094  303.11974  305.52282
 301.06908  303.38751  305.76963  298.54001  300.81950  303.16132  296.03223  298.27344  300.57563  303.36246  305.74173  308.18674  300.79488  303.13389  305.53720  298.24924  300.54867  302.91101  305.71663  308.15867  310.66857  303.10922  305.50962  307.97638  300.52442  302.88389  305.30827
 300.81407  303.15338  305.55700  298.26274  300.56238  302.92493  295.73358  297.99424  300.31643  303.12871  305.52941  307.99650  300.53812  302.89781  305.32241  297.97040  300.28978  302.67264  305.50467  307.96873  310.50131  302.87350  305.29512  307.78375  300.26588  302.64582  305.09127
 300.55706  302.91704  305.34195  297.98367  300.30326  302.68634  295.43337  297.71328  300.05527  302.89273  305.31466  307.80360  300.27936  302.65952  305.10519  297.68979  300.02891  302.43208  305.29027  307.77614  310.33119  302.63555  305.07820  307.58848  300.00536  302.40557  304.87187
 300.29803  302.67849  305.12446  297.70284  300.04217  302.44556  295.13165  297.43059  299.79215  302.65452  305.09747  307.60807  300.01862  302.41904  304.88556  297.40744  299.76610  302.18936  305.07343  307.58089  310.15820  302.39541  304.85886  307.39058  299.74288  302.16314  304.65009
 300.03704  302.43775  304.90459  297.42027  299.77913  302.20261  294.82841  297.14617  299.52710  302.41413  304.87789  307.40992  299.75591  302.17638  304.66355  297.12336  299.50133  301.94449  304.85418  307.38302  309.98237  302.15309  304.63714  307.19006  299.47845  301.91854  304.42592
 299.77409  302.19485  304.68233  297.13599  299.51416  301.95753  294.52370  296.86008  299.26016  302.17156  304.65591  307.20915  299.49128  301.93158  304.43917  296.83760  299.23467  301.69749  304.63252  307.18254  309.80371  301.90860  304.41303  306.98696  299.21211  301.67182  304.19940
 299.50922  301.94981  304.45771  296.85002  299.24729  301.71031  294.21754  296.57232  298.99132  301.92683  304.43156  307.00580  299.22472  301.68464  304.21244  296.55015  298.96611  301.44837  304.40850  306.97946  309.62224  301.66199  304.18658  306.78128  298.94387  301.42297  303.97054
 299.24242  301.70263  304.23074  296.56236  298.97852  301.46099  293.90994  296.28290  298.72063  301.67998  304.20487  306.79988  298.95628  301.43559  303.98337  296.26106  298.69569  301.19718  304.18212  306.77381  309.43796  301.41325  303.95777  306.57303  298.67375  301.17204  303.73938
 298.97375  301.45335  304.00144  296.27307  298.70790  301.20959  293.60094  295.99187  298.44809  301.43101  303.97584  306.59140  298.68596  301.18445  303.75200  295.97033  298.42341  300.94390  303.95340  306.56559  309.25089  301.16242  303.72666  306.36225  298.40178  300.91903  303.50591
 298.70321  301.20199  303.76984  295.98214  298.43542  300.95612  293.29055  295.69924  298.17373  301.17996  303.74450  306.38040  298.41379  300.93124  303.51833  295.67800  298.14931  300.68859  303.72236  306.35483  309.06106  300.90951  303.49325  306.14894  298.12798  300.66397  303.27016
 298.43082  300.94856  303.53595  295.68962  298.16113  300.70061  292.97882  295.40503  297.89758  300.92682  303.51086  306.16686  298.13980  300.67599  303.28239  295.38409  297.87341  300.43125  303.48901  306.14155  308.86848  300.65455  303.25756  305.93313  297.85237  300.40689  303.03217
 298.15661  300.69309  303.29979  295.39552  297.88504  300.44307  292.66574  295.10927  297.61965  300.67165  303.27496  305.95084  297.86400  300.41871  303.04420  295.08861  297.59574  300.17191  303.25340  305.92577  308.67317  300.39755  303.01961  305.71483  297.57498  300.14778  302.79193
 297.88060  300.43560  303.06139  295.09986  297.60718  300.18355  292.35134  294.81197  297.33997  300.41444  303.03679  305.73231  297.58641  300.15942  302.80377  294.79160  297.31629  299.91057  303.01551  305.70749  308.47513  300.13854  302.77943  305.49406  297.29581  299.88669  302.54947
 297.60281  300.17610  302.82075  294.80267  297.32756  299.92203  292.03566  294.51317  297.05855  300.15522  302.79640  305.51134  297.30707  299.89815  302.56114  294.49307  297.03512  299.64729  302.77539  305.48675  308.27439  299.87755  302.53703  305.27085  297.01491  299.62364  302.30483
 297.32326  299.91462  302.57790  294.50396  297.04620  299.65856  291.71871  294.21289  296.77544  299.89402  302.55379  305.28792  297.02599  299.63491  302.31631  294.19306  296.75224  299.38206  302.53306  305.26357  308.07097  299.61458  302.29243  305.04520  296.73229  299.35864  302.05801
 297.04198  299.65119  302.33287  294.20378  296.76314  299.39316  291.40052  293.91114  296.49063  299.63085  302.30899  305.06207  296.74320  299.36974  302.06930  293.89158  296.46766  299.11491  302.28852  305.03794  307.86488  299.34966  302.04565  304.81715  296.44797  299.09171  301.80902
 296.75899  299.38582  302.08567  293.90213  296.47840  299.12584  291.08112  293.60796  296.20416  299.36574  302.06202  304.83382  296.45871  299.10264  301.82015  293.58865  296.18141  298.84586  302.04181  304.80991  307.65615  299.08283  301.79672  304.58670  296.16199  298.82289  301.55791
 296.47431  299.11852  301.83632  293.59903  296.19198  298.85663  290.76052  293.30336  295.91605  299.09871  301.81289  304.60317  296.17256  298.83365  301.56887  293.28431  295.89353  298.57495  301.79294  304.57949  307.44477  298.81410  301.54566  304.35388  295.87435  298.55219  301.30469
 296.18797  298.84934  301.58484  293.29452  295.90392  298.58553  290.43876  292.99737  295.62632  298.82978  301.56163  304.37015  295.88475  298.56278  301.31547  292.97857  295.60401  298.30217  301.54192  304.34669  307.23079  298.54346  301.29247  304.11871  295.58508  298.27963  301.04937
 295.89998  298.57829  301.33126  292.98862  295.61425  298.31259  290.11585  292.69001  295.33500  298.55897  301.30826  304.13480  295.59531  298.29005  301.05998  292.67145  295.31290  298.02757  301.28881  304.11154  307.01422  298.27098  301.03720  303.88121  295.29421  298.00523  300.79198
 295.61036  298.30537  301.07559  292.68135  295.32298  298.03783  289.79181  292.38131  295.04210  298.28630  301.05280  303.89711  295.30429  298.01550  300.80244  292.36299  295.02021  297.75116  301.03359  303.87406  306.79507  297.99667  300.77985  303.64140  295.00177  297.72903  300.53255
 295.31916  298.03064  300.81787  292.37273  295.03014  297.76126  289.46668  292.07128  294.74766  298.01182  300.79528  303.65712  295.01169  297.73914  300.54285  292.05320  294.72597  297.47296  300.77630  303.63427  306.57336  297.72054  300.52046  303.39930  294.70775  297.45103  300.27108
 295.02638  297.75410  300.55809  292.06280  294.73574  297.48291  289.14048  291.75996  294.45169  297.73550  300.53571  303.41484  294.71752  297.46098  300.28122  291.74211  294.43020  297.19300  300.51696  303.39218  306.34912  297.44262  300.25903  303.15492  294.41221  297.17127  300.00762
 294.73204  297.47578  300.29630  291.75155  294.43982  297.20280  288.81322  291.44737  294.15422  297.45741  300.27411  303.17029  294.42183  297.18106  300.01760  291.42974  294.13292  296.91130  300.25560  303.14783  306.12236  297.16293  299.99561  302.90830  294.11516  296.88976  299.74217
 294.43618  297.19569  300.03251  291.43904  294.14239  296.92095  288.48494  291.13352  293.85526  297.17755  300.01051  302.92349  294.12463  296.89941  299.75200  291.11612  293.83416  296.62788  299.99222  302.90123  305.89310  296.88150  299.73020  302.65946  293.81662  296.60653  299.47476
 294.13882  296.91387  299.76674  291.12527  293.84349  296.63739  288.15566  290.81845  293.55485  296.89596  299.74494  302.67448  293.82595  296.61604  299.48445  290.80127  293.53394  296.34277  299.72686  302.65240  305.66137  296.59834  299.46283  302.40840  293.51661  296.32160  299.20541
 293.83997  296.63032  299.49901  290.81028  293.54313  296.35213  287.82541  290.50218  293.25302  296.61263  299.47739  302.42325  293.52580  296.33096  299.21495  290.48521  293.23229  296.05599  299.45954  302.40136  305.42717  296.31348  299.19352  302.15516  293.21517  296.03501  298.93414
 293.53965  296.34509  299.22935  290.49408  293.24133  296.06521  287.49419  290.18473  292.94976  296.32761  299.20792  302.16985  293.22421  296.04423  298.94355  290.16796  292.92922  295.76755  299.19028  302.14814  305.19054  296.02696  298.92230  301.89977  292.91231  295.74676  298.66099
 293.23792  296.05820  298.95779  290.17671  292.93813  295.77664  287.16205  289.86613  292.64513  296.04092  298.93654  301.91429  292.92122  295.75584  298.67025  289.84957  292.62477  295.47750  298.91911  301.89276  304.95151  295.73877  298.64918  301.64223  292.60806  295.45687  298.38597
 292.93477  295.76965  298.68433  289.85817  292.63353  295.48644  286.82900  289.54639  292.33913  295.75258  298.66326  301.65659  292.61683  295.46581  298.39508  289.53003  292.31894  295.18584  298.64603  301.63523  304.71006  295.44895  298.37418  301.38256  292.30244  295.16539  298.10909
 292.63022  295.47947  298.40901  289.53851  292.32758  295.19465  286.49507  289.22554  292.03179  295.46261  298.38811  301.39677  292.31107  295.17420  298.11807  289.20938  292.01177  294.89260  298.37108  301.37558  304.46625  295.15753  298.09734  301.12080  291.99546  294.87232  297.83038
 292.32432  295.18770  298.13185  289.21773  292.02028  294.90128  286.16028  288.90361  291.72314  295.17103  298.11112  301.13486  292.00397  294.88099  297.83924  288.88765  291.70329  294.59781  298.09429  301.11384  304.22008  294.86453  297.81868  300.85697  291.68718  294.57770  297.54988
 292.01707  294.89435  297.85286  288.89587  291.71167  294.60636  285.82465  288.58062  291.41320  294.87788  297.83230  300.87087  291.69556  294.58624  297.55861  288.56485  291.39352  294.30148  297.81566  300.85002  303.97159  294.56996  297.53821  300.59108  291.37759  294.28153  297.26760
 291.70851  294.59946  297.57209  288.57294  291.40177  294.30990  285.48822  288.25660  291.10199  294.58318  297.55169  300.60484  291.38584  294.28995  297.27619  288.24101  291.08247  294.00365  297.53524  300.58416  303.72079  294.27386  297.25597  300.32317  291.06673  293.98387  296.98357
 291.39865  294.30302  297.28953  288.24899  291.09060  294.01195  285.15100  287.93156  290.78954  294.28693  297.26930  300.33678  291.07486  293.99216  296.99204  287.91616  290.77018  293.70434  297.25304  300.31625  303.46769  293.97626  296.97197  300.05325  290.75463  293.68471  296.69781
 291.08753  294.00509  297.00523  287.92401  290.77819  293.71251  284.81302  287.60555  290.47587  293.98918  296.98516  300.06671  290.76263  293.69288  296.70614  287.59033  290.45667  293.40356  296.96908  300.04635  303.21234  293.67715  296.68623  299.78135  290.44129  293.38409  296.41034
 290.77517  293.70566  296.71919  287.59806  290.46455  293.41160  284.47430  287.27856  290.16099  293.68994  296.69928  299.79467  290.44917  293.39213  296.41855  287.26351  290.14195  293.10135  296.68339  299.77446  302.95474  293.37659  296.39879  299.50748  290.12675  293.08203  296.12118
 290.46157  293.40478  296.43146  287.27114  290.14973  293.10928  284.13486  286.95063  289.84496  293.38924  296.41170  299.52067  290.13453  293.08996  296.12928  286.93577  289.82607  292.79773  296.39598  299.50060  302.69492  293.07459  296.10967  299.23169  289.81104  292.77856  295.83037
 290.14679  293.10247  296.14205  286.94327  289.83372  292.80554  283.79473  286.62179  289.52778  293.08711  296.12244  299.24473  289.81869  292.78636  295.83834  286.60710  289.50903  292.49271  296.10690  299.22482  302.43291  292.77117  295.81888  298.95397  289.49417  292.47369  295.53791
 289.83082  292.79874  295.85098  286.61449  289.51657  292.50041  283.45394  286.29206  289.20946  292.78355  295.83151  298.96688  289.50172  292.48139  295.54577  286.27753  289.19086  292.18633  295.81615  298.94712  302.16872  292.46636  295.52646  298.67437  289.17618  292.16746  295.24385
 289.51371  292.49363  295.55828  286.28481  289.19829  292.19392  283.11250  285.96145  288.89006  292.47861  295.53896  298.68714  289.18361  292.17504  295.25159  285.94710  288.87161  291.87862  295.52376  298.66752  301.90238  292.16019  295.23242  298.39290  288.85708  291.85988  294.94820
 289.19548  292.18717  295.26397  285.95427  288.87893  291.88610  282.77045  285.63002  288.56958  292.17231  295.24480  298.40555  288.86441  291.86736  294.95583  285.61582  288.55127  291.56959  295.22977  298.38607  301.63392  291.85267  294.93680  298.10959  288.53691  291.55100  294.65098
 288.87615  291.87935  294.96808  285.62289  288.55848  291.57696  282.42780  285.29775  288.24805  291.86467  294.94905  298.12211  288.54412  291.55836  294.65850  285.28372  288.22988  291.25927  294.93418  298.10277  301.36335  291.54383  294.63961  297.82447  288.21568  291.24081  294.35223
 288.55575  291.57024  294.67063  285.29068  288.23699  291.26652  282.08458  284.96470  287.92549  291.55570  294.65174  297.83686  288.22278  291.24807  294.35964  284.95082  287.90746  290.94769  294.63703  297.81766  301.09070  291.23370  294.34089  297.53755  287.89342  290.92936  294.05196
 288.23429  291.25981  294.37164  284.95768  287.91446  290.95484  281.74081  284.63087  287.60194  291.24544  294.35288  297.54981  287.90042  290.93651  294.05926  284.61715  287.58403  290.63485  294.33834  297.53074  300.81600  290.92231  294.04065  297.24886  287.57015  290.61667  293.75020
 287.91180  290.94814  294.07114  284.62390  287.59093  290.64190  281.39652  284.29630  287.27740  290.93393  294.05252  297.26100  287.57705  290.62371  293.75740  284.28274  287.25964  290.32081  294.03813  297.24207  300.53927  290.60966  293.73891  296.95843  287.24590  290.30276  293.44699
 287.58832  290.63522  293.76916  284.28939  287.26643  290.32776  281.05173  283.96100  286.95192  290.62116  293.75067  296.97045  287.25270  290.30970  293.45408  283.94758  286.93428  290.00558  293.73644  296.95164  300.26052  290.29580  293.43572  296.66628  286.92070  289.98765  293.14232
 287.26384  290.32108  293.46571  283.95414  286.94097  290.01242  280.70646  283.62501  286.62551  290.30718  293.44735  296.67817  286.92739  289.99449  293.14931  283.61174  286.60799  289.68917  293.43327  296.65950  299.97979  289.98073  293.13109  296.37243  286.59456  289.67137  292.83624
 286.93843  290.00576  293.16083  283.61821  286.61459  289.69591  280.36075  283.28835  286.29819  289.99201  293.14261  296.38421  286.60116  289.67812  292.84313  283.27522  286.28081  289.37162  293.12867  296.36566  299.69711  289.66451  292.82503  296.07692  286.26751  289.35395  292.52878
 286.61208  289.68927  292.85454  283.28158  286.28731  289.37827  280.01460  282.95103  285.96999  289.67566  292.83643  296.08857  286.27401  289.36059  292.53557  282.93805  285.95273  289.05296  292.82265  296.07016  299.41250  289.34713  292.51759  295.77976  285.93959  289.03541  292.21995
 286.28482  289.37163  292.54686  282.94432  285.95913  289.05951  279.66805  282.61309  285.64095  289.35817  292.52888  295.79130  285.94599  289.04195  292.22664  282.60025  285.62380  288.73321  292.51524  295.77300  299.12597  289.02863  292.20878  295.48097  285.61080  288.71577  291.90978
 285.95669  289.05289  292.23782  282.60643  285.63011  288.73966  279.32112  282.27454  285.31107  289.03957  292.21996  295.49240  285.61711  288.72222  291.91637  282.26184  285.29404  288.41238  292.20646  295.47423  298.83756  288.70905  291.89864  295.18060  285.28118  288.39507  291.59829
 285.62770  288.73305  291.92744  282.26793  285.30026  288.41873  278.97383  281.93542  284.98038  288.71987  291.90970  295.19192  285.28740  288.40142  291.60479  281.92286  284.96348  288.09051  291.89634  295.17387  298.54729  288.38838  291.58717  294.87866  284.95075  288.07332  291.28552
 285.29789  288.41215  291.61575  281.92886  284.96961  288.09677  278.62621  281.59575  284.64891  288.39910  291.59813  294.88987  284.95687  288.07958  291.29192  281.58332  284.63213  287.76763  291.58491  294.87193  298.25520  288.06668  291.27441  294.57517  284.61953  287.75054  290.97148
 284.96726  288.09019  291.30277  281.58923  284.63817  287.77380  278.27827  281.25555  284.31669  288.07729  291.28527  294.58627  284.62557  287.75671  290.97779  281.24325  284.30002  287.44375  291.27218  294.56845  297.96130  287.74395  290.96040  294.27017  284.28756  287.42678  290.65620
 284.63585  287.76723  290.98854  281.24907  284.30597  287.44983  277.93005  280.91484  283.98375  287.75446  290.97115  294.28116  284.29351  287.43287  290.66242  280.90268  283.96719  287.11891  290.95820  294.26345  297.66561  287.42023  290.64515  293.96368  283.95486  287.10205  290.33972
 284.30369  287.44327  290.67306  280.90842  283.97306  287.12491  277.58157  280.57366  283.65010  287.43064  290.65579  293.97456  283.96072  287.10805  290.34585  280.56162  283.63364  286.79312  290.64297  293.95696  297.36817  287.09554  290.32868  293.65572  283.62144  286.77637  290.02204
 283.97080  287.11835  290.35639  280.56728  283.63942  286.79903  277.23285  280.23202  283.31576  287.10585  290.33922  293.66650  283.62722  286.78228  290.02808  280.22011  283.29941  286.46642  290.32653  293.64901  297.06901  286.76991  290.01103  293.34632  283.28733  286.44978  289.70321
 283.63720  286.79249  290.03852  280.22568  283.30511  286.47224  276.88392  279.88994  282.98076  286.78011  290.02146  293.35700  283.29303  286.45560  289.70916  279.87815  282.96453  286.13883  290.00890  293.33962  296.76813  286.44335  289.69221  293.03551  282.95257  286.12229  289.38323
 283.30291  286.46571  289.71950  279.88365  282.97014  286.14457  276.53479  279.54746  282.64514  286.45345  289.70254  293.04608  282.95819  286.12803  289.38911  279.53580  282.62901  285.81037  289.69011  293.02881  296.46558  286.11591  289.37226  292.72331  282.61718  285.79394  289.06215
 282.96797  286.13804  289.39934  279.54121  282.63454  285.81603  276.18549  279.20460  282.30891  286.12591  289.38249  292.73378  282.62271  285.79960  289.06794  279.19305  282.29288  285.48106  289.37019  292.71661  296.16138  285.78759  289.05120  292.40975  282.28117  285.46474  288.73998
 282.63240  285.80951  289.07808  279.19839  282.29834  285.48665  275.83606  278.86138  281.97210  285.79750  289.06134  292.42012  282.28663  285.47032  288.74569  278.84996  281.95617  285.15095  289.04915  292.40305  295.85556  285.45843  288.72905  292.09485  281.94458  285.13472  288.41676
 282.29623  285.48013  288.75574  278.85521  281.96155  285.15645  275.48650  278.51782  281.63473  285.46825  288.73910  292.10512  281.94995  285.14022  288.42239  278.50651  281.61890  284.82004  288.72703  292.08816  295.54815  285.12846  288.40585  291.77864  281.60742  284.80392  288.09251
 281.95946  285.14995  288.43234  278.51169  281.62420  284.82547  275.13683  278.17396  281.29683  285.13818  288.41580  291.78882  281.61273  284.80934  288.09806  278.16276  281.28110  284.48838  288.40385  291.77196  295.23916  284.79769  288.08162  291.46116  281.26974  284.47235  287.76725
 281.62214  284.81897  288.10791  278.16787  281.28632  284.49372  274.78710  277.82980  280.95842  284.80732  288.09147  291.47124  281.27496  284.47769  287.77272  277.81872  280.94279  284.15597  288.07965  291.45448  294.92863  284.46616  287.75638  291.14242  280.93154  284.14004  287.44102
 281.28429  284.48724  287.78249  277.82375  280.94794  284.16124  274.43732  277.48539  280.61953  284.47571  287.76614  291.15241  280.93669  284.14530  287.44640  277.47442  280.60399  283.82286  287.75443  291.13575  294.61660  284.13388  287.43016  290.82245  280.59286  283.80702  287.11383
 280.94593  284.15476  287.45608  277.47938  280.60907  283.82805  274.08751  277.14073  280.28019  284.14334  287.43984  290.83236  280.59793  283.81221  287.11915  277.12987  280.26474  283.48905  287.42824  290.81578  294.30306  283.80090  287.10299  290.50128  280.25371  283.47330  286.78571
 280.60708  283.82158  287.12873  277.13476  280.26975  283.49417  273.73769  276.79587  279.94041  283.81027  287.11257  290.51109  280.25872  283.47842  286.79095  276.78511  279.92506  283.15459  287.10109  290.49461  293.98807  283.46723  286.77489  290.17893  279.91414  283.13893  286.45670
 280.26779  283.48770  286.80045  276.78994  279.92999  283.15964  273.38790  276.45081  279.60022  283.47651  286.78438  290.18865  279.91907  283.14398  286.46187  276.44016  279.58496  282.81949  286.77301  290.17226  293.67164  283.13289  286.44590  289.85545  279.57415  282.80392  286.12682
 279.92806  283.15317  286.47128  276.44492  279.58982  282.82446  273.03815  276.10559  279.25966  283.14209  286.45530  289.86508  279.57901  282.80889  286.13191  276.09505  279.24448  282.48378  286.44404  289.84878  293.35381  282.79792  286.11603  289.53083  279.23378  282.46830  285.79608
 279.58792  282.81800  286.14123  276.09973  279.24927  282.48868  272.68847  275.76023  278.91874  282.80703  286.12535  289.54038  279.23857  282.47320  285.80110  275.74979  278.90365  282.14749  286.11419  289.52417  293.03460  282.46233  285.78531  289.20512  278.89304  282.13209  285.46453
 279.24739  282.48223  285.81034  275.75441  278.90837  282.15232  272.33887  275.41475  278.57748  282.47135  285.79455  289.21459  278.89777  282.13693  285.46948  275.40441  278.56247  281.81063  285.78350  289.19847  292.71405  282.12616  285.45377  288.87836  278.55197  281.79533  285.13218
 278.90650  282.14587  285.47863  275.40896  278.56713  281.81539  271.98938  275.06918  278.23591  282.13510  285.46293  288.88773  278.55663  281.80009  285.13706  275.05894  278.22100  281.47325  285.45198  288.87170  292.39217  281.78942  285.12144  288.55055  278.21060  281.45803  284.79907
 278.56529  281.80895  285.14613  275.06343  278.22559  281.47795  271.64004  274.72354  277.89407  281.79828  285.13051  288.55984  278.21519  281.46273  284.80388  274.71340  277.87923  281.13536  285.11966  288.54389  292.06899  281.45216  284.78835  288.22173  277.86893  281.12022  284.46521
 278.22377  281.47151  284.81287  274.71782  277.88376  281.13999  271.29085  274.37785  277.55197  281.46094  284.79734  288.23094  277.87346  281.12485  284.46996  274.36781  277.53721  280.79698  284.78659  288.21508  291.74456  281.11439  284.45451  287.89193  277.52701  280.78193  284.13065
 277.88196  281.13356  284.47887  274.37217  277.54167  280.80155  270.94184  274.03215  277.20963  281.12309  284.46341  287.90106  277.53147  280.78650  284.13533  274.02220  277.19496  280.45817  284.45277  287.88527  291.41888  280.77613  284.11995  287.56117  277.18485  280.44319  283.79540
 277.53990  280.79512  284.14416  274.02650  277.19936  280.46267  270.59304  273.68644  276.86709  280.78475  284.12878  287.57022  277.18925  280.44769  283.80001  273.67659  276.85249  280.11891  284.11824  287.55452  291.09199  280.43742  283.78471  287.22949  276.84248  280.10401  283.45948
 277.19760  280.45624  283.80876  273.68083  276.85683  280.12335  270.24447  273.34077  276.52437  280.44596  283.79347  287.23846  276.84681  280.10845  283.46402  273.33101  276.50985  279.77926  283.78302  287.22283  290.76392  280.09827  283.44881  286.89690  276.49993  279.76444  283.12293
 276.85510  280.11693  283.47271  273.33519  276.51412  279.78363  269.89615  272.99515  276.18149  280.10675  283.45749  286.90579  276.50421  279.76881  283.12742  272.98548  276.16704  279.43922  283.44714  286.89024  290.43470  279.75873  283.11227  286.56344  276.15722  279.42447  282.78578
 276.51241  279.77721  283.13602  272.98960  276.17126  279.44354  269.54811  272.64960  275.83847  279.76712  283.12087  286.57225  276.16143  279.42879  282.79020  272.64002  275.82410  279.09884  283.11062  286.55678  290.10436  279.41880  282.77514  286.22913  275.81437  279.08417  282.44805
 276.16957  279.43711  282.79873  272.64409  275.82826  279.10310  269.20036  272.30415  275.49535  279.42712  282.78367  286.23787  275.81853  279.08843  282.45241  272.29466  275.48106  278.75813  282.77350  286.22248  289.77292  279.07852  282.43742  285.89402  275.47141  278.74353  282.10977
 275.82659  279.09668  282.46087  272.29867  275.48516  278.76233  268.85293  271.95883  275.15215  279.08678  282.44587  285.90268  275.47551  278.74773  282.11407  271.94943  275.13793  278.41713  282.43580  285.88736  289.44042  278.73792  282.09915  285.55811  275.12837  278.40260  281.77096
 275.48350  278.75591  282.12245  271.95338  275.14197  278.42127  268.50585  271.61365  274.80890  278.74610  282.10753  285.56669  275.13241  278.40674  281.77520  271.60434  274.79474  278.07585  282.09755  285.55145  289.10688  278.39702  281.76035  285.22144  274.78527  278.06139  281.43165
 275.14034  278.41485  281.78351  271.60823  274.79873  278.07993  268.15914  271.26865  274.46560  278.40513  281.76866  285.22995  274.78926  278.06548  281.43583  271.25942  274.45152  277.73432  281.75877  285.21477  288.77233  278.05584  281.42106  284.88403  274.44214  277.71993  281.09187
 274.79711  278.07352  281.44407  271.26326  274.45545  277.73835  267.81281  270.92384  274.12231  278.06388  281.42930  284.89247  274.44607  277.72396  281.09599  270.91470  274.10829  277.39258  281.41949  284.87736  288.43680  277.71441  281.08129  284.54592  274.09899  277.37826  280.75165
 274.45386  277.73194  281.10417  270.91849  274.11217  277.39655  267.46690  270.57925  273.77902  277.72239  281.08946  284.55429  274.10287  277.38223  280.75572  270.57019  273.76507  277.05064  281.07975  284.53926  288.10032  277.37277  280.74108  284.20713  273.75586  277.03638  280.41101
 274.11059  277.39014  280.76382  270.57393  273.76890  277.05455  267.12142  270.23491  273.43579  277.38068  280.74918  284.21544  273.75969  277.04030  280.41502  270.22593  273.42190  276.70853  280.73955  284.20047  287.76292  277.03092  280.40046  283.86770  273.41277  276.69434  280.06998
 273.76734  277.04814  280.42306  270.22962  273.42568  276.71239  266.77641  269.89084  273.09262  277.03877  280.40849  283.87593  273.41654  276.69821  280.07394  269.88194  273.07880  276.36628        nan        nan        nan        nan        nan        nan        nan        nan        nan
