       nan        nan        nan        nan        nan        nan        nan        nan        nan 26640.76800        nan        nan        nan        nan        nan        nan        nan        nan 26637.85200 26594.88900        nan        nan        nan        nan        nan        nan        nan
26644.02050        nan        nan 26682.76650        nan        nan        nan        nan        nan 26641.10450 26598.14150        nan 26679.85050 26636.88750        nan        nan        nan        nan 26635.26950 26591.94300 26556.15300 26674.01550 26630.68900 26594.89900        nan        nan        nan
26647.61650 26604.65350        nan 26686.88550 26643.92250        nan 26719.33150 26676.36850        nan 26641.78150 26598.45500 26562.66500 26681.05050 26637.72400 26601.93400 26713.49650 26670.17000 26634.38000 26633.02150 26589.14900 26552.40500 26672.29050 26628.41800 26591.67400 26704.73650 26660.86400 26624.12000
26651.56800 26608.24150 26572.45150 26691.62300 26648.29650 26612.50650 26725.42000 26682.09350 26646.30350 26642.80800 26598.93550 26562.19150 26682.86300 26638.99050 26602.24650 26716.66000 26672.78750 26636.04350 26631.11350 26586.51300 26548.54250 26671.16850 26626.56800 26588.59750 26704.96550 26660.36500 26622.39450
26655.88950 26612.01700 26575.27300 26696.99050 26653.11800 26616.37400 26732.49350 26688.62100 26651.87700 26644.19500 26599.59450 26561.62400 26685.29600 26640.69550 26602.72500 26720.79900 26676.19850 26638.22800 26629.55500 26584.04650 26544.60750 26670.65600 26625.14750 26585.70850 26706.15900 26660.65050 26621.21150
26660.59450 26615.99400 26578.02350 26702.99550 26658.39500 26620.42450 26740.49950 26695.89900 26657.92850 26645.95450 26600.44600 26561.00700 26688.35550 26642.84700 26603.40800 26725.85950 26680.35100 26640.91200 26628.35650 26581.76400 26540.64650 26670.75750 26624.16500 26583.04750 26708.26150 26661.66900 26620.55150
26665.69850 26620.19000 26580.75100 26709.63800 26664.12950 26624.69050 26749.38700 26703.87850 26664.43950 26648.10050 26601.50800 26560.39050 26692.04000 26645.44750 26604.33000 26731.78900 26685.19650 26644.07900 26627.53100 26579.68600 26536.70850 26671.47050 26623.62550 26580.64800 26711.21950 26663.37450 26620.39700
26671.21500 26624.62250 26583.50500 26716.91550 26670.32300 26629.20550 26759.10550 26712.51300 26671.39550 26650.64550 26602.80050 26559.82300 26696.34600 26648.50100 26605.52350 26738.53600 26690.69100 26647.71350 26627.09050 26577.83200 26532.84150 26672.79100 26623.53250 26578.54200 26714.98100 26665.72250 26620.73200
26677.15500 26629.31000 26586.33250 26724.81900 26676.97400 26633.99650 26769.60900 26721.76400 26678.78650 26653.60000 26604.34150 26559.35100 26701.26400 26652.00550 26607.01500 26746.05400 26696.79550 26651.80500 26627.04700 26576.22450 26529.09050 26674.71100 26623.88850 26576.75450 26719.50100 26668.67850 26621.54450
26683.52800 26634.26950 26589.27900 26733.33700 26684.07850 26639.08800 26780.85500 26731.59650 26686.60600 26656.97500 26606.15250 26559.01850 26706.78400 26655.96150 26608.82750 26754.30200 26703.47950 26656.34550 26627.40950 26574.88450 26525.49650 26677.21850 26624.69350 26575.30550 26724.73650 26672.21150 26622.82350
26690.34100 26639.51850 26592.38450 26742.45600 26691.63350 26644.49950 26792.80700 26741.98450 26694.85050 26660.77550 26608.25050 26558.86250 26712.89050 26660.36550 26610.97750 26763.24150 26710.71650 26661.32850 26628.18700 26573.83100 26522.09650 26680.30200 26625.94600 26574.21150 26730.65300 26676.29700 26624.56250
26697.59800 26645.07300 26595.68500 26752.16050 26699.63550 26650.24750 26805.42950 26752.90450 26703.51650 26665.00950 26610.65350 26558.91900 26719.57200 26665.21600 26613.48150 26772.84100 26718.48500 26666.75050 26629.38700 26573.08400 26518.92400 26683.94950 26627.64650 26573.48650 26737.21850 26680.91550 26626.75550
26705.30400 26650.94800 26599.21350 26762.43600 26708.08000 26656.34550 26818.69550 26764.33950 26712.60500 26669.68150 26613.37850 26559.21850 26726.81350 26670.51050 26616.35050 26783.07300 26726.77000 26672.61000 26631.01450 26572.65950 26516.00700 26688.14650 26629.79150 26573.13900 26744.40600 26686.05100 26629.39850
26713.46100 26657.15800 26602.99800 26773.27000 26716.96700 26662.80700 26832.57800 26776.27500 26722.11500 26674.79400 26616.43900 26559.78650 26734.60300 26676.24800 26619.59550 26793.91100 26735.55600 26678.90350 26633.07500 26572.57350 26513.37100 26692.88400 26632.38250 26573.18000 26752.19200 26691.69050 26632.48800
26722.06800 26663.71300 26607.06050 26784.64650 26726.29150 26669.63900 26847.05400 26788.69900 26732.04650 26680.34900 26619.84750 26560.64500 26742.92750 26682.42600 26623.22350 26805.33500 26744.83350 26685.63100 26635.57100 26572.83750 26511.03550 26698.14950 26635.41600 26573.61400 26760.55700 26697.82350 26636.02150
26731.12750 26670.62600 26611.42350 26796.55600 26736.05450 26676.85200 26862.10500 26801.60350 26742.40100 26686.34950 26623.61600 26561.81400 26751.77800 26689.04450 26627.24250 26817.32700 26754.59350 26692.79150 26638.50550 26573.46500 26509.02050 26703.93400 26638.89350 26574.44900 26769.48300 26704.44250 26639.99800
26740.63900 26677.90550 26616.10350 26808.98750 26746.25400 26684.45200 26877.71400 26814.98050 26753.17850 26692.79500 26627.75450 26563.31000 26761.14350 26696.10300 26631.65850 26829.87000 26764.82950 26700.38500 26641.88050 26574.46550 26507.34100 26710.22900 26642.81400 26575.68950 26778.95550 26711.54050 26644.41600
26750.60100 26685.56050 26621.11600 26821.92950 26756.88900 26692.44450 26893.86450 26828.82400 26764.37950 26699.68650 26632.27150 26565.14700 26771.01500 26703.60000 26636.47550 26842.95000 26775.53500 26708.41050 26645.69700 26575.84650 26506.01150 26717.02550 26647.17500 26577.34000 26788.96050 26719.11000 26649.27500
26761.01300 26693.59800 26626.47350 26835.37400 26767.95900 26700.83450 26910.54450 26843.12950 26776.00500 26707.02350 26637.17300 26567.33800 26781.38450 26711.53400 26641.69900 26856.55500 26786.70450 26716.86950 26649.95650 26577.61750 26505.04200 26724.31750 26651.97850 26579.40300 26799.48800 26727.14900 26654.57350
26771.87450 26702.02400 26632.18900 26849.31300 26779.46250 26709.62750 26927.74250 26857.89200 26788.05700 26714.80750 26642.46850 26569.89300 26792.24600 26719.90700 26647.33150 26870.67550 26798.33650 26725.76100 26654.66000 26579.78500 26504.44500 26732.09850 26657.22350 26581.88350 26810.52800 26735.65300 26660.31300
26783.18450 26710.84550 26638.27000 26863.74100 26791.40200 26718.82650 26945.44850 26873.10950 26800.53400 26723.03700 26648.16200 26572.82200 26803.59350 26728.71850 26653.37850 26885.30100 26810.42600 26735.08600 26659.80800 26582.35400 26504.22800 26740.36450 26662.91050 26584.78450 26822.07200 26744.61800 26666.49200
26794.94100 26720.06600 26644.72600 26878.65050 26803.77550 26728.43550 26963.65300 26888.77800 26813.43800 26731.71200 26654.25800 26576.13200 26815.42150 26737.96750 26659.84150 26900.42400 26822.97000 26744.84400 26665.40000 26585.32950 26504.39800 26749.10950 26669.03900 26588.10750 26834.11200 26754.04150 26673.11000
26807.14400 26729.69000 26651.56400 26894.03600 26816.58200 26738.45600 26982.34950 26904.89550 26826.76950 26740.83200 26660.76150 26579.83000 26827.72400 26747.65350 26666.72200 26916.03750 26835.96700 26755.03550 26671.43700 26588.71600 26504.96300 26758.32900 26675.60800 26591.85500 26846.64250 26763.92150 26680.16850
26819.79250 26739.72200 26658.79050 26909.89300 26829.82250 26748.89100 27001.53050 26921.46000 26840.52850 26750.39750 26667.67650 26583.92350 26840.49800 26757.77700 26674.02400 26932.13550 26849.41450 26765.66150 26677.91900 26592.51800 26505.92850 26768.01950 26682.61850 26596.02900 26859.65700 26774.25600 26687.66650
26832.88550 26750.16450 26666.41150 26926.21800 26843.49700 26759.74400 27021.19000 26938.46900 26854.71600 26760.40700 26675.00600 26588.41650 26853.73950 26768.33850 26681.74900 26948.71150 26863.31050 26776.72100 26684.84600 26596.73850 26507.30000 26778.17850 26690.07100 26600.63250 26873.15050 26785.04300 26695.60450
26846.42150 26761.02050 26674.43100 26943.00550 26857.60450 26771.01500 27041.32200 26955.92100 26869.33150 26770.86050 26682.75300 26593.31450 26867.44450 26779.33700 26689.89850 26965.76100 26877.65350 26788.21500 26692.21800 26601.38050 26509.08150 26788.80200 26697.96450 26605.66550 26887.11850 26796.28100 26703.98200
26860.40000 26772.29250 26682.85400 26960.25300 26872.14550 26782.70700 27061.92250 26973.81500 26884.37650 26781.75750 26690.92000 26598.62100 26881.61050 26790.77300 26698.47400 26983.28000 26892.44250 26800.14350 26700.03550 26606.44650 26511.27750 26799.88850 26706.29950 26611.13050 26901.55800 26807.96900 26712.80000
26874.81900 26783.98150 26691.68250 26977.95700 26887.11950 26794.82050 27082.98700 26992.14950 26899.85050 26793.09700 26699.50800 26604.33900 26896.23500 26802.64600 26707.47700 27001.26500 26907.67600 26812.50700 26708.29650 26611.93850 26513.88950 26811.43450 26715.07650 26617.02750 26916.46450 26820.10650 26722.05750
26889.68000 26796.09100 26700.92200 26996.11550 26902.52650 26807.35750 27104.51100 27010.92200 26915.75300 26804.87950 26708.52150 26610.47250 26911.31500 26814.95700 26716.90800 27019.71050 26923.35250 26825.30350 26717.00350 26617.85900 26516.92400 26823.43900 26724.29450 26623.35950 26931.83450 26832.69000 26731.75500
26904.98100 26808.62300 26710.57400 27014.72500 26918.36700 26820.31800 27126.49200 27030.13400 26932.08500 26817.10500 26717.96050 26617.02550 26926.84900 26827.70450 26726.76950 27038.61600 26939.47150 26838.53650 26726.15600 26624.21050 26520.38250 26835.90000 26733.95450 26630.12650 26947.66700 26845.72150 26741.89350
26920.72100 26821.57650 26720.64150 27033.78450 26934.64000 26833.70500 27148.92550 27049.78100 26948.84600 26829.77200 26727.82650 26623.99850 26942.83550 26840.89000 26737.06200 27057.97650 26956.03100 26852.20300 26735.75200 26630.99300 26524.26750 26848.81550 26744.05650 26637.33100 26963.95650 26859.19750 26752.47200
26936.90050 26834.95500 26731.12700 27053.29050 26951.34500 26847.51700 27171.81050 27069.86500 26966.03700 26842.88050 26738.12150 26631.39600 26959.27050 26854.51150 26747.78600 27077.79050 26973.03150 26866.30600 26745.79350 26638.21000 26528.58150 26862.18350 26754.60000 26644.97150 26980.70350 26873.12000 26763.49150
26953.51700 26848.75800 26742.03250 27073.24150 26968.48250 26861.75700 27195.14200 27090.38300 26983.65750 26856.43000 26748.84650 26639.21800 26976.15450 26868.57100 26758.94250 27098.05500 26990.47150 26880.84300 26756.27900 26645.86050 26533.32600 26876.00350 26765.58500 26653.05050 26997.90400 26887.48550 26774.95100
26970.57200 26862.98850 26753.36000 27093.63700 26986.05350 26876.42500 27218.91950 27111.33600 27001.70750 26870.42100 26760.00250 26647.46800 26993.48600 26883.06750 26770.53300 27118.76850 27008.35000 26895.81550 26767.21000 26653.94800 26538.50400 26890.27500 26777.01300 26661.56900 27015.55750 26902.29550 26786.85150
26988.06350 26877.64500 26765.11050 27114.47350 27004.05500 26891.52050 27243.14000 27132.72150 27020.18700 26884.85250 26771.59050 26656.14650 27011.26250 26898.00050 26782.55650 27139.92900 27026.66700 26911.22300 26778.58400 26662.47200 26544.11650 26904.99400 26788.88200 26670.52650 27033.66050 26917.54850 26799.19300
27005.99150 26892.72950 26777.28550 27135.75100 27022.48900 26907.04500 27267.80150 27154.53950 27039.09550 26899.72300 26783.61100 26665.25550 27029.48250 26913.37050 26795.01500 27161.53300 27045.42100 26927.06550 26790.40300 26671.43400 26550.16500 26920.16250 26801.19350 26679.92450 27052.21300 26933.24400 26811.97500
27024.35450 26908.24250 26789.88700 27157.46600 27041.35400 26922.99850 27292.90100 27176.78900 27058.43350 26915.03450 26796.06550 26674.79650 27048.14600 26929.17700 26807.90800 27183.58100 27064.61200 26943.34300 26802.66600 26680.83500 26556.65200 26935.77750 26813.94650 26689.76350 27071.21250 26949.38150 26825.19850
27043.15400 26924.18500 26802.91600 27179.62000 27060.65100 26939.38200 27318.43900 27199.47000 27078.20100 26930.78550 26808.95450 26684.77150 27067.25150 26945.42050 26821.23750 27206.07050 27084.23950 26960.05650 26815.37350 26690.67600 26563.57850 26951.83950 26827.14200 26700.04450 27090.65850 26965.96100 26838.86350
27062.38800 26940.55700 26816.37400 27202.21000 27080.37900 26956.19600 27344.41100 27222.58000 27098.39700 26946.97600 26822.27850 26695.18100 27086.79800 26962.10050 26835.00300 27228.99900 27104.30150 26977.20400 26828.52550 26700.95800 26570.94600 26968.34750 26840.78000 26710.76800 27110.54850 26982.98100 26852.96900
27082.05550 26957.35800 26830.26050 27225.23450 27100.53700 26973.43950 27370.81700 27246.11950 27119.02200 26963.60500 26836.03750 26706.02550 27106.78400 26979.21650 26849.20450 27252.36650 27124.79900 26994.78700 26842.12000 26711.67950 26578.75350 26985.29900 26854.85850 26721.93250 27130.88150 27000.44100 26867.51500
27102.15800 26974.59050 26844.57850 27248.69450 27121.12700 26991.11500 27397.65600 27270.08850 27140.07650 26980.67300 26850.23250 26717.30650 27127.20950 26996.76900 26863.84300 27276.17100 27145.73050 27012.80450 26856.15950 26722.84450 26587.00550 27002.69600 26869.38100 26733.54200 27151.65750 27018.34250 26882.50350
27122.69300 26992.25250 26859.32650 27272.58650 27142.14600 27009.22000 27424.92500 27294.48450 27161.55850 26998.17950 26864.86450 26729.02550 27148.07300 27014.75800 26878.91900 27300.41150 27167.09650 27031.25750 26870.64250 26734.45100 26595.70100 27020.53600 26884.34450 26745.59450 27172.87450 27036.68300 26897.93300
27143.66150 27010.34650 26874.50750 27296.91100 27163.59600 27027.75700 27452.62400 27319.30900 27183.47000 27016.12450 26879.93300 26741.18300 27169.37400 27033.18250 26894.43250 27325.08700 27188.89550 27050.14550 26885.56900 26746.50100 26604.84100 27038.81850 26899.75050 26758.09050 27194.53150 27055.46350 26913.80350
27165.06250 27028.87100 26890.12100 27321.66700 27185.47550 27046.72550 27480.75100 27344.55950 27205.80950 27034.50700 26895.43900 26753.77900 27191.11150 27052.04350 26910.38350 27350.19550 27211.12750 27069.46750 26900.93950 26758.99500 26614.42700 27057.54400 26915.59950 26771.03150 27216.62800 27074.68350 26930.11550
27186.89500 27047.82700 26906.16700 27346.85250 27207.78450 27066.12450 27509.30450 27370.23650 27228.57650 27053.32750 26911.38300 26766.81500 27213.28500 27071.34050 26926.77250 27375.73700 27233.79250 27089.22450 26916.75350 26771.93250 26624.46000 27076.71100 26931.89000 26784.41750 27239.16300 27094.34200 26946.86950
27209.15950 27067.21500 26922.64700 27372.46800 27230.52350 27085.95550 27538.28450 27396.34000 27251.77200 27072.58550 26927.76450 26780.29200 27235.89400 27091.07300 26943.60050 27401.71050 27256.88950 27109.41700 26933.01100 26785.31350 26634.93950 27096.31950 26948.62200 26798.24800 27262.13600 27114.43850 26964.06450
27231.85550 27087.03450 26939.56200 27398.51200 27253.69100 27106.21850 27567.68850 27422.86750 27275.39500 27092.28100 26944.58350 26794.20950 27258.93750 27111.24000 26960.86600 27428.11400 27280.41650 27130.04250 26949.71150 26799.14050 26645.86750 27116.36800 26965.79700 26812.52400 27285.54450 27134.97350 26981.70050
27254.98250 27107.28500 26956.91100 27424.98350 27277.28600 27126.91200 27597.51600 27449.81850 27299.44450 27112.41300 26961.84200 26808.56900 27282.41400 27131.84300 26978.57000 27454.94650 27304.37550 27151.10250 26966.85600 26813.41250 26657.24400 27136.85700 26983.41350 26827.24500 27309.38950 27155.94600 26999.77750
27278.53900 27127.96800 26974.69500 27451.88200 27301.31100 27148.03800 27627.76550 27477.19450 27323.92150 27132.98200 26979.53850 26823.37000 27306.32500 27152.88150 26996.71300 27482.20850 27328.76500 27172.59650 26984.44300 26828.12950 26669.07050 27157.78600 27001.47250 26842.41350 27333.66950 27177.35600 27018.29700
27302.52600 27149.08250 26992.91400 27479.20700 27325.76350 27169.59500 27658.43700 27504.99350 27348.82500 27153.98700 26997.67350 26838.61450 27330.66800 27174.35450 27015.29550 27509.89800 27353.58450 27194.52550 27002.47300 26843.29250 26681.34650 27179.15400 27019.97350 26858.02750 27358.38400 27199.20350 27037.25750
27326.94250 27170.62900 27011.57000 27506.95700 27350.64350 27191.58450 27689.52750 27533.21400 27374.15500 27175.42850 27016.24800 26854.30200 27355.44300 27196.26250 27034.31650 27538.01350 27378.83300 27216.88700 27020.94650 26858.90150 26694.07400 27200.96100 27038.91600 26874.08850 27383.53150 27221.48650 27056.65900
27351.78800 27192.60750 27030.66150 27535.13150 27375.95100 27214.00500 27721.03850 27561.85800 27399.91200 27197.30600 27035.26100 26870.43350 27380.64950 27218.60450 27053.77700 27566.55650 27404.51150 27239.68400 27039.86300 26874.95750 26707.25200 27223.20650 27058.30100 26890.59550 27409.11350 27244.20800 27076.50250
27377.06250 27215.01750 27050.19000 27563.73050 27401.68550 27236.85800 27752.96700 27590.92200 27426.09450 27219.61950 27054.71400 26887.00850 27406.28750 27241.38200 27073.67650 27595.52400 27430.61850 27262.91300 27059.22200 26891.46000 26720.88250 27245.89000 27078.12800 26907.55050 27435.12650 27267.36450 27096.78700
27402.76550 27237.86000 27070.15450 27592.75300 27427.84750 27260.14200 27785.31300 27620.40750 27452.70200 27242.36800 27074.60600 26904.02850 27432.35550 27264.59350 27094.01600 27624.91550 27457.15350 27286.57600 27079.02400 26908.40900 26734.96500 27269.01150 27098.39650 26924.95250 27461.57150 27290.95650 27117.51250
27428.89600 27261.13400 27090.55650 27622.19700 27454.43500 27283.85750 27818.07550 27650.31350 27479.73600 27265.55200 27094.93700 26921.49300 27458.85300 27288.23800 27114.79400 27654.73150 27484.11650 27310.67250 27099.26950 26925.80550 26749.50050 27292.57050 27119.10650 26942.80150 27488.44900 27314.98500 27138.68000
27455.45400 27284.83900 27111.39500 27652.06350 27481.44850 27308.00450 27851.25350 27680.63850 27507.19450 27289.17150 27115.70750 26939.40250 27485.78100 27312.31700 27136.01200 27684.97100 27511.50700 27335.20200 27119.95650 26943.64950 26764.48900 27316.56600 27140.25900 26961.09850 27515.75600 27339.44900 27160.28850
27482.44000 27308.97600 27132.67100 27682.35200 27508.88800 27332.58300 27884.84700 27711.38300 27535.07800 27313.22500 27136.91800 26957.75750 27513.13700 27336.83000 27157.66950 27715.63200 27539.32500 27360.16450 27141.08600 26961.94100 26779.93100 27340.99800 27161.85300 26979.84300 27543.49300 27364.34800 27182.33800
27509.85250 27333.54550 27154.38500 27713.06000 27536.75300 27357.59250 27918.85300 27742.54600 27563.38550 27337.71350 27158.56850 26976.55850 27540.92100 27361.77600 27179.76600 27746.71400 27567.56900 27385.55900 27162.65900 26980.68100 26795.82800 27365.86650 27183.88850 26999.03550 27571.65950 27389.68150 27204.82850
27537.69100 27358.54600 27176.53600 27744.18850 27565.04350 27383.03350 27953.27150 27774.12650 27592.11650 27362.63650 27180.65850 26995.80550 27569.13400 27387.15600 27202.30300 27778.21700 27596.23900 27411.38600 27184.67400 26999.86900 26812.17950 27391.17150 27206.36650 27018.67700 27600.25450 27415.44950 27227.76000
27565.95600 27383.97800 27199.12500 27775.73600 27593.75800 27408.90500 27988.10300 27806.12500 27621.27200 27387.99350 27203.18850 27015.49900 27597.77350 27412.96850 27225.27900 27810.14050 27625.33550 27437.64600 27207.13050 27019.50450 26828.98600 27416.91050 27229.28450 27038.76600 27629.27750 27441.65150 27251.13300
27594.64600 27409.84100 27222.15150 27807.70250 27622.89750 27435.20800 28023.34550 27838.54050 27650.85100 27413.78300 27226.15700 27035.63850 27626.83950 27439.21350 27248.69500 27842.48250 27654.85650 27464.33800 27230.02950 27039.58800 26846.24700 27443.08600 27252.64450 27059.30350 27658.72900 27468.28750 27274.94650
27623.76050 27436.13450 27245.61600 27840.08600 27652.46000 27461.94150 28058.99750 27871.37150 27680.85300 27440.00700 27249.56550 27056.22450 27656.33250 27465.89100 27272.55000 27875.24400 27684.80250 27491.46150 27253.37050 27060.12050 26863.96450 27469.69600 27276.44600 27080.29000 27688.60750 27495.35750 27299.20150
27653.30100 27462.85950 27269.51850 27872.88800 27682.44650 27489.10550 28095.05950 27904.61800 27711.27700 27466.66450 27273.41450 27077.25850 27686.25150 27493.00150 27296.84550 27908.42300 27715.17300 27519.01700 27277.15300 27081.10200 26882.13800 27496.74000 27300.68900 27101.72500 27718.91150 27522.86050 27323.89650
27683.26550 27490.01550 27293.85950 27906.10650 27712.85650 27516.70050 28131.53000 27938.28000 27742.12400 27493.75400 27297.70300 27098.73900 27716.59500 27520.54400 27321.58000 27942.01850 27745.96750 27547.00350 27301.37800 27102.53200 26900.76850 27524.21900 27325.37300 27123.60950 27749.64250 27550.79650 27349.03300
27713.65350 27517.60250 27318.63850 27939.74000 27743.68900 27544.72500 28168.40800 27972.35700 27773.39300 27521.27750 27322.43150 27120.66800 27747.36400 27548.51800 27346.75450 27976.03200 27777.18600 27575.42250 27326.04450 27124.41100 26919.85500 27552.13100 27350.49750 27145.94150 27780.79900 27579.16550 27374.60950
27744.46500 27545.61900 27343.85550 27973.79000 27774.94400 27573.18050 28205.69300 28006.84700 27805.08350 27549.23200 27347.59850 27143.04250 27778.55700 27576.92350 27372.36750 28010.46000 27808.82650 27604.27050 27351.15150 27146.73800 26939.39850 27580.47650 27376.06300 27168.72350 27812.37950 27607.96600 27400.62650
27775.70000 27574.06650 27369.51050 28008.25450 27806.62100 27602.06500 28243.38450 28041.75100 27837.19500 27577.61950 27373.20600 27165.86650 27810.17400 27605.76050 27398.42100 28045.30400 27840.89050 27633.55100 27376.70150 27169.51550 26959.40000 27609.25600 27402.07000 27191.95450 27844.38600 27637.20000 27427.08450
27807.35750 27602.94400 27395.60450 28043.13300 27838.71950 27631.38000 28281.48050 28077.06700 27869.72750 27606.43950 27399.25350 27189.13800 27842.21500 27635.02900 27424.91350 28080.56250 27873.37650 27663.26100 27402.69200 27192.74250 26979.85950 27638.46750 27428.51800 27215.63500 27876.81500 27666.86550 27453.98250
27839.43700 27632.25100 27422.13550 28078.42600 27871.24000 27661.12450 28319.98200 28112.79600 27902.68050 27635.68950 27425.74000 27212.85700 27874.67850 27664.72900 27451.84600 28116.23450 27906.28500 27693.40200 27429.12400 27216.41700 27000.77600 27668.11300 27455.40600 27239.76500 27909.66900 27696.96200 27481.32100
27871.93850 27661.98900 27449.10600 28114.13050 27904.18100 27691.29800 28358.88550 28148.93600 27936.05300 27665.37300 27452.66600 27237.02500 27907.56500 27694.85800 27479.21700 28152.32000 27939.61300 27723.97200 27455.99700 27240.54300 27022.15150 27698.18900 27482.73500 27264.34350 27942.94400 27727.49000 27509.09850
27904.86150 27692.15450 27476.51350 28150.24850 27937.54150 27721.90050 28398.19400 28185.48700 27969.84600 27695.48550 27480.03150 27261.64000 27940.87250 27725.41850 27507.02700 28188.81800 27973.36400 27754.97250 27483.31050 27265.11650 27043.98500 27728.69750 27510.50350 27289.37200 27976.64300 27758.44900 27537.31750
27938.20500 27722.75100 27504.35950 28186.77700 27971.32300 27752.93150 28437.90300 28222.44900 28004.05750 27726.03000 27507.83600 27286.70450 27974.60200 27756.40800 27535.27650 28225.72800 28007.53400 27786.40250 27511.06550 27290.14100 27066.27800 27759.63750 27538.71300 27314.85000 28010.76350 27789.83900 27565.97600
27971.96950 27753.77550 27532.64400 28223.71750 28005.52350 27784.39200 28478.01400 28259.82000 28038.68850 27757.00500 27536.08050 27312.21750 28008.75300 27787.82850 27563.96550 28263.04950 28042.12500 27818.26200 27539.26050 27315.61450 27089.02950 27791.00850 27567.36250 27340.77750 28045.30500 27821.65900 27595.07400
28006.15450 27785.23000 27561.36700 28261.06850 28040.14400 27816.28100 28518.52550 28297.60100 28073.73800 27788.41000 27564.76400 27338.17900 28043.32400 27819.67800 27593.09300 28300.78100 28077.13500 27850.55000 27567.89650 27341.53800 27112.24050 27822.81050 27596.45200 27367.15450 28080.26750 27853.90900 27624.61150
28040.75800 27817.11200 27590.52700 28298.82900 28075.18300 27848.59800 28559.43600 28335.79000 28109.20500 27820.24450 27593.88600 27364.58850 28078.31550 27851.95700 27622.65950 28338.92250 28112.56400 27883.26650 27596.97200 27367.91050 27135.91050 27855.04300 27625.98150 27393.98150 28115.65000 27886.58850 27654.58850
28075.78100 27849.42250 27620.12500 28336.99850 28110.64000 27881.34250 28600.74600 28374.38750 28145.09000 27852.50850 27623.44700 27391.44700 28113.72600 27884.66450 27652.66450 28377.47350 28148.41200 27916.41200 27626.48800 27394.73350 27160.04050 27887.70550 27655.95100 27421.25800 28151.45300 27919.69850 27685.00550
28111.22300 27882.16150 27650.16150 28375.57700 28146.51550 27914.51550 28642.45350 28413.39200 28181.39200 27885.20250 27653.44800 27418.75500 28149.55650 27917.80200 27683.10900 28416.43300 28184.67850 27949.98550 27656.44500 27422.00600 27184.63100 27920.79900 27686.36000 27448.98500 28187.67550 27953.23650 27715.86150
28147.08350 27915.32900 27680.63600 28414.56300 28182.80850 27948.11550 28684.55850 28452.80400 28218.11100 27918.32600 27683.88700 27446.51200 28185.80550 27951.36650 27713.99150 28455.80100 28221.36200 27983.98700 27686.84150 27449.72850 27209.68150 27954.32100 27717.20800 27477.16100 28224.31650 27987.20350 27747.15650
28183.36200 27948.92300 27711.54800 28453.95700 28219.51800 27982.14300 28727.06050 28492.62150 28255.24650 27951.87750 27714.76450 27474.71750 28222.47250 27985.35950 27745.31250 28495.57600 28258.46300 28018.41600 27717.67750 27477.90100 27235.19200 27988.27250 27748.49600 27505.78700 28261.37600 28021.59950 27778.89050
28220.05800 27982.94500 27742.89800 28493.75700 28256.64400 28016.59700 28769.95750 28532.84450 28292.79750 27985.85800 27746.08150 27503.37250 28259.55700 28019.78050 27777.07150 28535.75750 28295.98100 28053.27200 27748.95350 27506.52350 27261.16350 28022.65250 27780.22250 27534.86250 28298.85300 28056.42300 27811.06300
28257.17050 28017.39400 27774.68500 28533.96400 28294.18750 28051.47850 28813.24950 28573.47300 28330.76400 28020.26600 27777.83600 27532.47600 28297.05950 28054.62950 27809.26950 28576.34500 28333.91500 28088.55500 27780.66850 27535.59550 27287.59500 28057.46200 27812.38900 27564.38850 28336.74750 28091.67450 27843.67400
28294.70000 28052.27000 27806.91000 28574.57550 28332.14550 28086.78550 28856.93550 28614.50550 28369.14550 28055.10250 27810.02950 27562.02900 28334.97800 28089.90500 27841.90450 28617.33800 28372.26500 28124.26450 27812.82300 27565.11800 27314.48850 28092.69850 27844.99350 27594.36400 28375.05850 28127.35350 27876.72400
28332.64500 28087.57200 27839.57150 28615.59200 28370.51900 28122.51850 28901.01500 28655.94200 28407.94150 28090.36550 27842.66050 27592.03100 28373.31250 28125.60750 27874.97800 28658.73550 28411.03050 28160.40100 27845.41650 27595.08950 27341.84200 28128.36350 27878.03650 27624.78900 28413.78650 28163.45950 27910.21200
28371.00600 28123.30100 27872.67150 28657.01250 28409.30750 28158.67800 28945.48700 28697.78200 28447.15250 28126.05700 27875.73000 27622.48250 28412.06350 28161.73650 27908.48900 28700.53800 28450.21100 28196.96350 27878.44900 27625.51150 27369.65800 28164.45550 27911.51800 27655.66450 28452.93000 28199.99250 27944.13900
28409.78200 28159.45500 27906.20750 28698.83750 28448.51050 28195.26300 28990.35100 28740.02400 28486.77650 28162.17400 27909.23650 27653.38300 28451.22950 28198.29200 27942.43850 28742.74300 28489.80550 28233.95200 27911.92000 27656.38350 27397.93400 28200.97550 27945.43900 27686.98950 28492.48900 28236.95250 27978.50300
28448.97200 28196.03450 27940.18100 28741.06400 28488.12650 28232.27300 29035.60450 28782.66700 28526.81350 28198.71800 27943.18150 27684.73200 28490.81000 28235.27350 27976.82400 28785.35050 28529.81400 28271.36450 27945.82950 27687.70500 27426.67200 28237.92150 27979.79700 27718.76400 28532.46200 28274.33750 28013.30450
28488.57750 28233.04100 27974.59150 28783.69350 28528.15700 28269.70750 29081.24950 28825.71300 28567.26350 28235.68900 27977.56450 27716.53150 28530.80500 28272.68050 28011.64750 28828.36100 28570.23650 28309.20350 27980.17800 27719.47700 27455.87250 28275.29400 28014.59300 27750.98850 28572.85000 28312.14900 28048.54450
28528.59550 28270.47100 28009.43800 28826.72450 28568.60000 28307.56700 29127.28300 28869.15850 28608.12550 28273.08450 28012.38350 27748.77900 28571.21350 28310.51250 28046.90800 28871.77200 28611.07100 28347.46650 28014.96350 27751.69800 27485.53400 28313.09250 28049.82700 27783.66300 28613.65100 28350.38550 28084.22150
28569.02700 28308.32600 28044.72150 28870.15650 28609.45550 28345.85100 29173.70500 28913.00400 28649.39950 28310.90600 28047.64050 27781.47650 28612.03550 28348.77000 28082.60600 28915.58400 28652.31850 28386.15450 28050.18800 27784.36950 27515.65800 28351.31750 28085.49900 27816.78750 28654.86600 28389.04750 28120.33600
28609.87150 28346.60600 28080.44200 28913.98800 28650.72250 28384.55850 29220.51450 28957.24900 28691.08500 28349.15350 28083.33500 27814.62350 28653.27000 28387.45150 28118.74000 28959.79650 28693.97800 28425.26650 28085.85000 27817.49150 27546.24450 28389.96650 28121.60800 27850.36100 28696.49300 28428.13450 28156.88750
28651.12850 28385.31000 28116.59850 28958.22050 28692.40200 28423.69050 29267.71050 29001.89200 28733.18050 28387.82500 28119.46650 27848.21950 28694.91700 28426.55850 28155.31150 29004.40700 28736.04850 28464.80150 28121.95000 27851.06300 27577.29300 28429.04200 28158.15500 27884.38500 28738.53200 28467.64500 28193.87500
28692.79650 28424.43800 28153.19100 29002.85050 28734.49200 28463.24500 29315.29300 29046.93450 28775.68750 28426.92150 28156.03450 27882.26450 28736.97550 28466.08850 28192.31850 29049.41800 28778.53100 28504.76100 28158.48700 27885.08350 27608.80400 28468.54100 28195.13750 27918.85800 28780.98350 28507.58000 28231.30050
28734.87600 28463.98900 28190.21900 29047.88000 28776.99300 28503.22300 29363.26050 29092.37350 28818.60350 28466.44150 28193.03800 27916.75850 28779.44550 28506.04200 28229.76250 29094.82600 28821.42250 28545.14300 28195.46100 27919.55400 27640.77700 28508.46500 28232.55800 27953.78100 28823.84550 28547.93850 28269.16150
28777.36650 28503.96300 28227.68350 29093.30700 28819.90350 28543.62400 29411.61300 29138.20950 28861.93000 28506.38600 28230.47900 27951.70200 28822.32650 28546.41950 28267.64250 29140.63250 28864.72550 28585.94850 28232.87250 27954.47450 27673.21250 28548.81300 28270.41500 27989.15300 28867.11900 28588.72100 28307.45900
28820.26750 28544.36050 28265.58350 29139.13050 28863.22350 28584.44650 29460.34800 29184.44100 28905.66400 28546.75400 28268.35600 27987.09400 28865.61700 28587.21900 28305.95700 29186.83450 28908.43650 28627.17450 28270.72050 27989.84450 27706.11150 28589.58350 28308.70750 28024.97450 28910.80100 28629.92500 28346.19200
28863.57750 28585.17950 28303.91750 29185.35050 28906.95250 28625.69050 29509.46650 29231.06850 28949.80650 28587.54400 28306.66800 28022.93500 28909.31700 28628.44100 28344.70800 29233.43300 28952.55700 28668.82400 28309.00450 28025.66350 27739.47300 28630.77750 28347.43650 28061.24600 28954.89350 28671.55250 28385.36200
28907.29700 28626.42100 28342.68800 29231.96650 28951.09050 28667.35750 29558.96600 29278.09000 28994.35700 28628.75750 28345.41650 28059.22600 28953.42700 28670.08600 28383.89550 29280.42650 28997.08550 28710.89500 28347.72550 28061.93300 27773.29750 28672.39500 28386.60250 28097.96700 28999.39450 28713.60200 28424.96650
28951.42500 28668.08400 28381.89350 29278.97700 28995.63600 28709.44550 29608.84750 29325.50650 29039.31600 28670.39300 28384.60050 28095.96500 28997.94500 28712.15250 28423.51700 29327.81550 29042.02300 28753.38750 28386.88200 28098.65100 27807.58500 28714.43400 28426.20300 28135.13700 29044.30450 28756.07350 28465.00750
28995.96200 28710.16950 28421.53400 29326.38250 29040.59000 28751.95450 29659.10850 29373.31600 29084.68050 28712.45100 28424.22000 28133.15400 29042.87150 28754.64050 28463.57450 29375.59750 29087.36650 28796.30050 28426.47500 28135.81950 27842.33600 28756.89550 28466.24000 28172.75650 29089.62150 28798.96600 28505.48250
29040.90550 28752.67450 28461.60850 29374.18050 29085.94950 28794.88350 29709.74900 29421.51800 29130.45200 28754.92950 28464.27400 28170.79050 29088.20450 28797.54900 28504.06550 29423.77300 29133.11750 28839.63400 28466.50250 28173.43600 27877.54900 28799.77750 28506.71100 28210.82400 29135.34600 28842.27950 28546.39250
29086.25650 28795.60100 28502.11750 29422.37200 29131.71650 28838.23300 29760.76750 29470.11200 29176.62850 28797.82950 28504.76300 28208.87600 29133.94500 28840.87850 28544.99150 29472.34050 29179.27400 28883.38700 28506.96650 28211.50250 27913.22600 28843.08200 28547.61800 28249.34150 29181.47750 28886.01350 28587.73700
29132.01450 28838.94800 28543.06100 29470.95500 29177.88850 28882.00150 29812.16400 29519.09750 29223.21050 28841.15150 28545.68750 28247.41100 29180.09200 28884.62800 28586.35150 29521.30100 29225.83700 28927.56050 28547.86550 28250.01900 27949.36750 28886.80600 28588.95950 28288.30800 29228.01500 28930.16850 28629.51700
29178.17900 28882.71500 28584.43850 29519.93100 29224.46700 28926.19050 29863.93800 29568.47400 29270.19750 28884.89300 28587.04650 28286.39500 29226.64500 28928.79850 28628.14700 29570.65200 29272.80550 28972.15400 28589.19950 28288.98350 27985.97150 28930.95150 28630.73550 28327.72350 29274.95850 28974.74250 28671.73050
29224.74800 28926.90150 28626.25000 29569.29700 29271.45050 28970.79900 29916.08750 29618.24100 29317.58950 28929.05450 28628.83850 28325.82650 29273.60350 28973.38750 28670.37550 29620.39400 29320.17800 29017.16600 28630.96800 28328.39700 28023.03900 28975.51700 28672.94600 28367.58800 29322.30750 29019.73650 28714.37850
29271.72250 28971.50650 28668.49450 29619.05350 29318.83750 29015.82550 29968.61150 29668.39550 29365.38350 28973.63600 28671.06500 28365.70700 29320.96700 29018.39600 28713.03800 29670.52500 29367.95400 29062.59600 28673.17050 28368.25900 28060.57000 29020.50150 28715.59000 28407.90100 29370.05950 29065.14800 28757.45900
29319.10150 29016.53050 28711.17250 29669.19950 29366.62850 29061.27050 30021.51100 29718.94000 29413.58200 29018.63600 28713.72450 28406.03550 29368.73400 29063.82250 28756.13350 29721.04550 29416.13400 29108.44500 28715.80750 28408.57050 28098.56400 29065.90550 28758.66850 28448.66200 29418.21700 29110.98000 28800.97350
29366.88450 29061.97300 28754.28400 29719.73350 29414.82200 29107.13300 30074.78250 29769.87100 29462.18200 29064.05600 28756.81900 28446.81250 29416.90500 29109.66800 28799.66150 29771.95400 29464.71700 29154.71050 28758.87900 28449.33050 28137.02300 29111.72800 28802.17950 28489.87200 29466.77700 29157.22850 28844.92100
29415.07100 29107.83400 28797.82750 29770.65650 29463.41950 29153.41300 30128.42800 29821.19100 29511.18450 29109.89400 28800.34550 28488.03800 29465.47950 29155.93100 28843.62350 29823.25100 29513.70250 29201.39500 28802.38300 28490.53900 28175.94500 29157.96850 28846.12450 28531.53050 29515.74000 29203.89600 28889.30200
29463.66000 29154.11150 28841.80400 29821.96650 29512.41800 29200.11050 30182.44450 29872.89600 29560.58850 29156.14900 28844.30500 28529.71100 29514.45550 29202.61150 28888.01750 29874.93350 29563.08950 29248.49550 28846.32050 28532.19600 28215.33050 29204.62700 28890.50250 28573.63700 29565.10500 29250.98050 28934.11500
29512.65100 29200.80700 28886.21300 29873.66300 29561.81900 29247.22500 30236.83150 29924.98750 29610.39350 29202.82250 28888.69800 28571.83250 29563.83450 29249.71000 28932.84450 29927.00300 29612.87850 29296.01300 28890.69200 28574.30150 28255.18000 29251.70400 28935.31350 28616.19200 29614.87250 29298.48200 28979.36050
29562.04400 29247.91950 28931.05400 29925.74550 29611.62100 29294.75550 30291.58850 29977.46400 29660.59850 29249.91350 28933.52300 28614.40150 29613.61500 29297.22450 28978.10300 29979.45800 29663.06750 29343.94600 28935.49550 28616.85550 28295.49300 29299.19700 28980.55700 28659.19450 29665.04000 29346.40000 29025.03750
29611.83850 29295.44800 28976.32650 29978.21350 29661.82300 29342.70150 30346.71500 30030.32450 29711.20300 29297.42050 28978.78050 28657.41800 29663.79550 29345.15550 29023.79300 30032.29700 29713.65700 29392.29450 28980.73200 28659.85650 28336.27050 29347.10700 29026.23150 28702.64550 29715.60850 29394.73300 29071.14700
29662.03300 29343.39300 29022.03050 30031.06550 29712.42550 29391.06300 30402.21000 30083.57000 29762.20750 29345.34450 29024.46900 28700.88300 29714.37700 29393.50150 29069.91550 30085.52150 29764.64600 29441.06000 29026.40050 28703.30650 28377.51200 29395.43300 29072.33900 28746.54450 29766.57750 29443.48350 29117.68900
29712.62750 29391.75200 29068.16600 30084.30100 29763.42550 29439.83950 30458.07150 30137.19600 29813.61000 29393.68350 29070.58950 28744.79500 29765.35700 29442.26300 29116.46850 30139.12750 29816.03350 29490.23900 29072.50100 28747.20400 28419.21600 29444.17450 29118.87750 28790.88950 29817.94500 29492.64800 29164.66000
29763.62200 29440.52800 29114.73350 30137.92000 29814.82600 29489.03150 30514.30000 30191.20600 29865.41150 29442.43950 29117.14250 28789.15450 29816.73750 29491.44050 29163.45250 30193.11750 29867.82050 29539.83250 29119.03400 28791.54950 28461.38550 29493.33200 29165.84750 28835.68350 29869.71200 29542.22750 29212.06350
29815.01550 29489.71850 29161.73050 30191.92150 29866.62450 29538.63650 30570.89400 30245.59700 29917.60900 29491.61000 29164.12550 28833.96150 29868.51600 29541.03150 29210.86750 30247.48850 29920.00400 29589.84000 29165.99750 28836.34250 28504.01850 29542.90350 29213.24850 28880.92450 29921.87600 29592.22100 29259.89700
29866.80650 29539.32200 29209.15800 30246.30450 29918.82000 29588.65600 30627.85250 30300.36800 29970.20400 29541.19400 29211.53900 28879.21500 29920.69200 29591.03700 29258.71300 30302.24000 29972.58500 29640.26100 29213.39200 28881.58250 28547.11450 29592.89000 29261.08050 28926.61250 29974.43800 29642.62850 29308.16050
29918.99500 29589.34000 29257.01600 30301.06800 29971.41300 29639.08900 30685.17450 30355.51950 30023.19550 29591.19300 29259.38350 28924.91550 29973.26600 29641.45650 29306.98850 30357.37250 30025.56300 29691.09500 29261.21750 28927.26950 28590.67550 29643.29050 29309.34250 28972.74850 30027.39700 29693.44900 29356.85500
29971.58100 29639.77150 29305.30350 30356.21150 30024.40200 29689.93400 30742.86000 30411.05050 30076.58250 29641.60550 29307.65750 28971.06350 30026.23600 29692.28800 29355.69400 30412.88450 30078.93650 29742.34250 29309.47350 28973.40400 28634.70000 29694.10400 29358.03450 29019.33050 30080.75250 29744.68300 29405.97900
30024.56300 29690.61500 29354.02100 30411.73450 30077.78650 29741.19250 30800.90700 30466.95900 30130.36500 29692.43100 29356.36150 29017.65750 30079.60250 29743.53300 29404.82900 30468.77500 30132.70550 29794.00150 29358.15950 29019.98500 28679.18750 29745.33100 29407.15650 29066.35900 30134.50350 29796.32900 29455.53150
30077.94150 29741.87200 29403.16800 30467.63600 30131.56650 29792.86250 30859.31500 30523.24550 30184.54150 29743.67000 29405.49550 29064.69800 30133.36450 29795.19000 29454.39250 30525.04350 30186.86900 29846.07150 29407.27600 29067.01400 28724.14000 29796.97050 29456.70850 29113.83450 30188.64950 29848.38750 29505.51350
30131.71550 29793.54100 29452.74350 30523.91500 30185.74050 29844.94300 30918.08400 30579.90950 30239.11200 29795.32150 29455.05950 29112.18550 30187.52100 29847.25900 29504.38500 30581.69000 30241.42800 29898.55400 29456.82150 29114.48900 28769.55650 29849.02100 29506.68850 29161.75600 30243.19000 29900.85750 29555.92500
30185.88400 29845.62200 29502.74800 30580.57150 30240.30950 29897.43550 30977.21150 30636.94950 30294.07550 29847.38400 29505.05150 29160.11900 30242.07150 29899.73900 29554.80650 30638.71150 30296.37900 29951.44650 29506.79650 29162.41050 28815.43650 29901.48400 29557.09800 29210.12400 30298.12400 29953.73800 29606.76400
30240.44600 29898.11350 29553.18100 30637.60400 30295.27150 29950.33900 31036.69700 30694.36450 30349.43200 29899.85850 29555.47250 29208.49850 30297.01650 29952.63050 29605.65650 30696.10950 30351.72350 30004.74950 29557.20050 29210.77850 28861.78050 29954.35850 29607.93650 29258.93850 30353.45150 30007.02950 29658.03150
30295.40200 29951.01600 29604.04200 30695.01250 30350.62650 30003.65250 31096.54050 30752.15450 30405.18050 29952.74400 29606.32200 29257.32400 30352.35450 30005.93250 29656.93450 30753.88250 30407.46050 30058.46250 29608.03350 29259.59300 28908.58850 30007.64400 29659.20350 29308.19900 30409.17200 30060.73150 29709.72700
30350.75050 30004.32850 29655.33050 30752.79500 30406.37300 30057.37500 31156.74050 30810.31850 30461.32050 30006.04000 29657.59950 29306.59500 30408.08450 30059.64400 29708.63950 30812.03000 30463.58950 30112.58500 29659.29400 29308.85250 28955.86000 30061.33850 29710.89700 29357.90450 30465.28400 30114.84250 29761.85000
30406.49150 30058.05100 29707.04650 30810.95200 30462.51150 30111.50700 31217.29650 30868.85600 30517.85150 30059.74550 29709.30400 29356.31150 30464.20600 30113.76450 29760.77200 30870.55050 30520.10900 30167.11650 29710.98250 29358.55800 29003.59450 30115.44300 29763.01850 29408.05500 30521.78750 30169.36300 29814.39950
30462.62300 30112.18150 29759.18900 30869.48250 30519.04100 30166.04850 31278.20600 30927.76450 30574.77200 30113.86000 29761.43550 29406.47200 30520.71950 30168.29500 29813.33150 30929.44300 30577.01850 30222.05500 29763.09800 29408.70850 29051.79300 30169.95750 29815.56800 29458.65250 30578.68100 30224.29150 29867.37600
30519.14650 30166.72200 29811.75850 30928.38450 30575.96000 30220.99650 31339.47000 30987.04550 30632.08200 30168.38450 29813.99500 29457.07950 30577.62250 30223.23300 29866.31750 30988.70800 30634.31850 30277.40300 29815.64200 29459.30550 29100.45550 30224.88000 29868.54350 29509.69350 30635.96550 30279.62900 29920.77900
30576.06000 30221.67050 29864.75500 30987.65900 30633.26950 30276.35400 31401.08650 31046.69700 30689.78150 30223.31750 29866.98100 29508.13100 30634.91650 30278.58000 29919.73000 31048.34400 30692.00750 30333.15750 29868.61250 29510.34700 29149.58200 30280.21150 29921.94600 29561.18100 30693.63900 30335.37350 29974.60850
30633.36400 30277.02750 29918.17750 31047.30400 30690.96750 30332.11750 31463.05500 31106.71850 30747.86850 30278.65900 29920.39350 29559.62850 30692.59900 30334.33350 29973.56850 31108.35000 30750.08450 30389.31950 29922.00900 29561.83400 29199.17150 30335.94900 29975.77400 29613.11150 30751.70000 30391.52500 30028.86250
30691.05650 30332.79100 29972.02600 31107.31950 30749.05400 30388.28900 31525.37450 31167.10900 30806.34400 30334.40650 29974.23150 29611.56900 30750.66950 30390.49450 30027.83200 31168.72450 30808.54950 30445.88700 29975.83250 29613.76550 29249.22450 30392.09550 30030.02850 29665.48750 30810.15050 30448.08350 30083.54250
30749.13650 30388.96150 30026.29900 31167.70250 30807.52750 30444.86500 31588.04300 31227.86800 30865.20550 30390.56250 30028.49550 29663.95450 30809.12850 30447.06150 30082.52050 31229.46900 30867.40200 30502.86100 30030.08150 29666.14150 29299.74150 30448.64750 30084.70750 29718.30750 30868.98800 30505.04800 30138.64800
30807.60550 30445.53850 30080.99750 31228.45650 30866.38950 30501.84850 31651.06200 31288.99500 30924.45400 30447.12450 30083.18450 29716.78450 30867.97550 30504.03550 30137.63550 31290.58100 30926.64100 30560.24100 30084.75600 29718.96200 29350.72150 30505.60700 30139.81300 29771.57250 30928.21250 30562.41850 30194.17800
30866.46100 30502.52100 30136.12100 31289.57650 30925.63650 30559.23650 31714.42800 31350.48800 30984.08800 30504.09250 30138.29850 29770.05800 30927.20800 30561.41400 30193.17350 31352.05950 30986.26550 30618.02500 30139.85550 29772.22650 29402.16450 30562.97100 30195.34200 29825.28000 30987.82250 30620.19350 30250.13150
30925.70250 30559.90850 30191.66800 31351.06400 30985.27000 30617.02950 31778.14150 31412.34750 31044.10700 30561.46550 30193.83650 29823.77450 30986.82700 30619.19800 30249.13600 31413.90450 31046.27550 30676.21350 30195.38000 29825.93500 29454.07050 30620.74150 30251.29650 29879.43200 31047.81900 30678.37400 30306.50950
30985.33050 30617.70150 30247.63950 31412.91700 31045.28800 30675.22600 31842.20100 31474.57200 31104.51000 30619.24500 30249.80000 29877.93550 31046.83150 30677.38650 30305.52200 31476.11550 31106.67050 30734.80600 30251.32850 29880.08700 29506.44050 30678.91500 30307.67350 29934.02700 31108.19900 30736.95750 30363.31100
31045.34350 30675.89850 30304.03400 31475.13600 31105.69100 30733.82650 31906.60650 31537.16150 31165.29700 30677.42700 30306.18550 29932.53900 31107.21950 30735.97800 30362.33150 31538.69000 31167.44850 30793.80200 30307.70050 29934.68250 29559.27250 30737.49300 30364.47500 29989.06500 31168.96350 30795.94550 30420.53550
31105.74100 30734.49950 30360.85300 31537.71850 31166.47700 30792.83050 31971.35450 31600.11300 31226.46650 30736.01450 30362.99650 29987.58650 31167.99200 30794.97400 30419.56400 31601.62800 31228.61000 30853.20000 30364.49800 29989.72150 29612.56850 30796.47550 30421.69900 30044.54600 31230.11150 30855.33500 30478.18200
31166.52150 30793.50350 30418.09350 31600.66500 31227.64700 30852.23700 32036.44700 31663.42900 31288.01900 30795.00500 30420.22850 30043.07550 31229.14850 30854.37200 30477.21900 31664.93050 31290.15400 30913.00100 30421.71700 30045.20250 29666.32700 30855.86050 30479.34600 30100.47050 31291.64250 30915.12800 30536.25250
31227.68650 30852.91000 30475.75700 31663.97450 31289.19800 30912.04500 32101.88200 31727.10550 31349.95250 30854.39850 30477.88400 30099.00850 31290.68650 30914.17200 30535.29650 31728.59400 31352.07950 30973.20400 30479.36000 30101.12800 29720.54850 30915.64800 30537.41600 30156.83650 31353.55550 30975.32350 30594.74400
31289.23300 30912.71850 30533.84300 31727.64600 31351.13150 30972.25600 32167.65750 31791.14300 31412.26750 30914.19450 30535.96250 30155.38300 31352.60750 30974.37550 30593.79600 31792.61900 31414.38700 31033.80750 30537.42450 30157.49500 29775.23250 30975.83750 30595.90800 30213.64550 31415.84900 31035.91950 30653.65700
31351.16200 30972.93000 30592.35050 31791.67850 31413.44650 31032.86700 32233.77400 31855.54200 31474.96250 30974.39200 30594.46250 30212.20000 31414.90850 31034.97900 30652.71650 31857.00400 31477.07450 31094.81200 30595.91200 30214.30450 29830.37950 31036.42850 30654.82100 30270.89600 31478.52400 31096.91650 30712.99150
31413.47100 31033.54150 30651.27900 31856.07100 31476.14150 31093.87900 32300.22900 31920.29950 31538.03700 31034.99100 30653.38350 30269.45850 31477.59100 31095.98350 30712.05850 31921.74900 31540.14150 31156.21650 30654.82000 30271.55550 29885.98800 31097.42000 30714.15550 30328.58800 31541.57800 31158.31350 30772.74600
31476.16100 31094.55350 30710.62850 31920.82300 31539.21550 31155.29050 32367.02300 31985.41550 31601.49050 31095.99000 30712.72550 30327.15800 31540.65200 31157.38750 30771.82000 31986.85200 31603.58750 31218.02000 30714.15000 30329.24850 29942.05950 31158.81200 30773.91050 30386.72150 31605.01200 31220.11050 30832.92150
31539.23050 31155.96600 30770.39850 31985.93300 31602.66850 31217.10100 32434.15350 32050.88900 31665.32150 31157.39050 30772.48900 30385.30000 31604.09300 31219.19150 30832.00250 32052.31350 31667.41200 31280.22300 30773.90100 30387.38400 29998.59400 31220.60350 30834.08650 30445.29650 31668.82400 31282.30700 30893.51700
31602.67850 31217.77700 30830.58800 32051.40200 31666.50050 31279.31150 32501.62100 32116.71950 31729.53050 31219.18900 30832.67200 30443.88200 31667.91250 31281.39550 30892.60550 32118.13150 31731.61450 31342.82450 30834.07200 30445.95850 30055.58900 31282.79550 30894.68200 30504.31250 31733.01450 31344.90100 30954.53150
31666.50550 31279.98850 30891.19850 32117.22700 31730.71000 31341.92000 32569.42400 32182.90700 31794.11700 31281.38850 30893.27500 30502.90550 31732.11000 31343.99650 30953.62700 32184.30700 31796.19350 31405.82400 30894.66350 30504.97600 30113.04750 31345.38500 30955.69750 30563.76900 31797.58200 31407.89450 31015.96600
31730.71050 31342.59700 30952.22750 32183.40850 31795.29500 31404.92550 32637.56150 32249.44800 31859.07850 31343.98550 30954.29800 30562.36950 31796.68350 31406.99600 31015.06750 32250.83650 31861.14900 31469.22050 30955.67450 30564.43350 30170.96700 31408.37250 31017.13150 30623.66500 31862.52550 31471.28450 31077.81800
31795.29150 31405.60400 31013.67550 32249.94500 31860.25750 31468.32900 32706.03150 32316.34400 31924.41550 31406.98050 31015.73950 30622.27300 31861.63400 31470.39300 31076.92650 32317.72050 31926.47950 31533.01300 31017.10450 30624.33150 30229.34850 31471.75800 31078.98500 30684.00200 31927.84450 31535.07150 31140.08850
31860.24900 31469.00800 31075.54150 32316.83550 31925.59450 31532.12800 32774.83450 32383.59350 31990.12700 31470.37300 31077.60000 30682.61700 31926.95950 31534.18650 31139.20350 32384.95850 31992.18550 31597.20250 31078.95350 30684.67000 30288.19250 31535.54000 31141.25650 30744.77900 31993.53900 31599.25550 31202.77800
31925.58150 31532.80850 31137.82550 32384.07950 31991.30650 31596.32350 32843.96800 32451.19500 32056.21200 31534.16200 31139.87850 30743.40100 31992.66000 31598.37650 31201.89900 32452.54850 32058.26500 31661.78750 31141.22050 30745.44750 30347.49700 31599.71850 31203.94550 30805.99500 32059.60700 31663.83400 31265.88350
31991.28900 31597.00550 31200.52800 32451.67650 32057.39300 31660.91550 32913.43250 32519.14900 32122.67150 31598.34750 31202.57450 30804.62400 32058.73500 31662.96200 31265.01150 32520.49100 32124.71800 31726.76750 31203.90550 30806.66500 30407.26250 31664.29300 31267.05250 30867.65000 32126.04900 31728.80850 31329.40600
32057.37050 31661.59750 31263.64700 32519.62550 32123.85250 31725.90200 32983.22650 32587.45350 32189.50300 31662.92850 31265.68800 30866.28550 32125.18350 31727.94300 31328.54050 32588.78450 32191.54400 31792.14150 31267.00850 30868.32200 30467.49000 31729.26350 31330.57700 30929.74500 32192.86450 31794.17800 31393.34600
32123.82550 31726.58500 31327.18250 32587.92450 32190.68400 31791.28150 33053.34850 32656.10800 32256.70550 31727.90550 31329.21900 30928.38700 32192.00450 31793.31800 31392.48600 32657.42850 32258.74200 31857.91000 31330.52800 30930.41750 30528.17850 31794.62700 31394.51650 30992.27750 32260.05100 31859.94050 31457.70150
32190.65300 31791.96650 31391.13450 32656.57450 32257.88800 31857.05600 33123.79750 32725.11100 32324.27900 31793.27550 31393.16500 30990.92600 32259.19700 31859.08650 31456.84750 32726.42000 32326.30950 31924.07050 31394.46400 30992.95150 30589.32750 31860.38550 31458.87300 31055.24900 32327.60850 31926.09600 31522.47200
32257.85200 31857.74150 31455.50250 32725.57250 32325.46200 31923.22300 33194.57300 32794.46250 32392.22350 31859.04050 31457.52800 31053.90400 32326.76100 31925.24850 31521.62450 32795.76150 32394.24900 31990.62500 31458.81650 31055.92500 30650.93800 31926.53700 31523.64550 31118.65850 32395.53750 31992.64600 31587.65900
32325.42200 31923.90950 31520.28550 32794.91900 32393.40650 31989.78250 33265.67350 32864.16100 32460.53700 31925.19800 31522.30650 31117.31950 32394.69500 31991.80350 31586.81650 32865.44950 32462.55800 32057.57100 31523.58450 31119.33550 30713.00800 31993.08150 31588.83250 31182.50500 32463.83600 32059.58700 31653.25950
32393.36250 31990.47100 31585.48400 32864.61250 32461.72100 32056.73400 33337.09750 32934.20600 32529.21900 31991.74900 31587.50000 31181.17250 32462.99900 32058.75000 31652.42250 32935.48400 32531.23500 32124.90750 31588.76750 31183.18450 30775.53950 32060.01750 31654.43450 31246.78950 32532.50250 32126.91950 31719.27450
32461.67300 32057.42400 31651.09650 32934.65300 32530.40400 32124.07650 33408.84550 33004.59650 32598.26900 32058.69150 31653.10850 31245.46350 32531.67150 32126.08850 31718.44350 33005.86400 32600.28100 32192.63600 31654.36600 31247.47000 30838.53050 32127.34600 31720.45000 31311.51050 32601.53850 32194.64250 31785.70300
32530.35150 32124.76850 31717.12350 33005.03850 32599.45550 32191.81050 33480.91450 33075.33150 32667.68650 32126.02600 31719.13000 31310.19050 32600.71300 32193.81700 31784.87750 33076.58900 32669.69300 32260.75350 31720.37850 31312.19400 30901.98200 32195.06550 31786.88100 31376.66900 32670.94150 32262.75700 31852.54500
32599.39850 32192.50250 31783.56300 33075.76900 32668.87300 32259.93350 33553.30550 33146.40950 32737.47000 32193.75100 31785.56650 31375.35450 32670.12150 32261.93700 31851.72500 33147.65800 32739.47350 32329.26150 31786.80400 31377.35350 30965.89300 32263.17450 31853.72400 31442.26350 32740.71100 32331.26050 31919.80000
32668.81300 32260.62850 31850.41650 33146.84350 32738.65900 32328.44700 33626.01600 33217.83150 32807.61950 32261.86600 31852.41550 31440.95500 32739.89650 32330.44600 31918.98550 33219.06900 32809.61850 32398.15800 31853.64350 31442.95000 31030.26400 32331.67400 31920.98050 31508.29450 32810.84650 32400.15300 31987.46700
32738.59350 32329.14300 31917.68250 33218.25950 32808.80900 32397.34850 33699.04500 33289.59450 32878.13400 32330.37100 31919.67750 31506.99150 32810.03700 32399.34350 31986.65750 33290.82250 32880.12900 32467.44300 31920.89650 31508.98300 31095.09500 32400.56250 31988.64900 31574.76100 32881.34800 32469.43450 32055.54650
32808.73950 32398.04600 31985.36000 33290.01800 32879.32450 32466.63850 33772.39200 33361.69850 32949.01250 32399.26500 31987.35150 31573.46350 32880.54350 32468.63000 32054.74200 33362.91750 32951.00400 32537.11600 31988.56100 31575.45100 31160.38450 32469.83950 32056.72950 31641.66300 32952.21350 32539.10350 32124.03700
32879.25150 32467.33800 32053.45000 33362.11850 32950.20500 32536.31700 33846.05550 33434.14200 33020.25400 32468.54750 32055.43750 31640.37100 32951.41450 32538.30450 32123.23800 33435.35150 33022.24150 32607.17500 32056.63750 31642.35500 31226.13350 32539.50450 32125.22200 31709.00050 33023.44150 32609.15900 32192.93750
32950.12750 32537.01750 32121.95100 33434.55800 33021.44800 32606.38150 33920.03500 33506.92500 33091.85850 32538.21750 32123.93500 31707.71350 33022.64800 32608.36550 32192.14400 33508.12500 33093.84250 32677.62100 32125.12600 31709.69450 31292.34150 32609.55650 32194.12500 31776.77200 33095.03350 32679.60200 32262.24900
33021.36650 32607.08400 32190.86250 33507.33600 33093.05350 32676.83200 33994.32850 33580.04600 33163.82450 32608.27500 32192.84350 31775.49050 33094.24450 32678.81300 32261.46000 33581.23700 33165.80550 32748.45250 32194.02550 31777.46850 31359.00850 32679.99500 32263.43800 31844.97800 33166.98750 32750.43050 32331.97050
33092.96850 32677.53700 32260.18400 33580.45300 33165.02150 32747.66850 34068.93650 33653.50500 33236.15200 32678.71900 32262.16200 31843.70200 33166.20350 32749.64650 32331.18650 33654.68700 33238.13000 32819.67000 32263.33500 31845.67650 31426.13400 32750.81950 32333.16100 31913.61850 33239.30300 32821.64450 32402.10200
33164.93250 32748.37550 32329.91550 33653.90750 33237.35050 32818.89050 34143.85650 33727.29950 33308.83950 32749.54850 32331.89000 31912.34750 33238.52350 32820.86500 32401.32250 33728.47250 33310.81400 32891.27150 32333.05400 31914.31950 31493.71750 32822.02900 32403.29450 31982.69250 33311.97800 32893.24350 32472.64150
33237.25700 32819.59850 32400.05600 33727.69750 33310.03900 32890.49650 34219.08750 33801.42900 33381.88650 32820.76250 32402.02800 31981.42600 33311.20300 32892.46850 32471.86650 33802.59300 33383.85850 32963.25650        nan        nan        nan        nan        nan        nan        nan        nan        nan
