 375.40564  375.36455    0.00000    0.00000    0.00000    0.00000    0.00000    0.00000    0.00000
 375.44204  375.35981  375.31873  375.50662  375.41924    0.00000    0.00000    0.00000    0.00000
 375.47373  375.35027  375.26808  375.53864  375.40745  375.32011  375.59927  375.45458    0.00000
 375.50063  375.33581  375.21245  375.56474  375.38960  375.25851  375.62361  375.43113  375.28658
 375.52261  375.31627  375.15162  375.58477  375.36558  375.19062  375.64030  375.40035  375.20810
 375.53951  375.29149  375.08541  375.59863  375.33526  375.11636  375.64962  375.36253  375.12292
 375.55115  375.26127  375.01362  375.60624  375.29863  375.03568  375.65180  375.31791  375.03132
 375.55737  375.22543  374.93605  375.60756  375.25563  374.94859  375.64707  375.26672  374.93351
 375.55798  375.18384  374.85257  375.60253  375.20629  374.85511  375.63561  375.20911  374.82964
 375.55287  375.13634  374.76304  375.59118  375.15060  374.75531  375.61756  375.14520  374.71981
 375.54190  375.08286  374.66737  375.57351  375.08863  374.64923  375.59303  375.07508  374.60408
 375.52498  375.02331  374.56553  375.54953  375.02040  374.53695  375.56209  374.99882  374.48251
 375.50203  374.95761  374.45745  375.51928  374.94595  374.41853  375.52482  374.91644  374.35510
 375.47298  374.88574  374.34311  375.48274  374.86531  374.29398  375.48125  374.82800  374.22188
 375.43779  374.80769  374.22253  375.43998  374.77852  374.16340  375.43144  374.73350  374.08284
 375.39644  374.72341  374.09571  375.39097  374.68558  374.02677  375.37540  374.63298  373.93800
 375.34888  374.63293  373.96264  375.33573  374.58651  373.88413  375.31316  374.52643  373.78736
 375.29512  374.53623  373.82338  375.27430  374.48134  373.73553  375.24473  374.41389  373.63093
 375.23513  374.43334  373.67793  375.20667  374.37011  373.58097  375.17014  374.29535  373.46871
 375.16892  374.32424  373.52633  375.13284  374.25280  373.42049  375.08937  374.17082  373.30068
 375.09647  374.20896  373.36860  375.05283  374.12942  373.25408  375.00246  374.04032  373.12689
 375.01781  374.08753  373.20478  374.96664  374.00001  373.08177  374.90941  373.90384  372.94733
 374.93293  373.95994  373.03489  374.87430  373.86457  372.90360  374.81023  373.76142  372.76199
 374.84183  373.82622  372.85896  374.77581  373.72312  372.71957  374.70492  373.61303  372.57091
 374.74453  373.68639  372.67703  374.67117  373.57567  372.52970  374.59350  373.45872  372.37407
 374.64103  373.54048  372.48912  374.56039  373.42224  372.33403  374.47599  373.29848  372.17152
 374.53134  373.38849  372.29527  374.44349  373.26284  372.13255  374.35237  373.13233  371.96325
 374.41549  373.23046  372.09553  374.32047  373.09749  371.92530  374.22268  372.96028  371.74928
 374.29347  373.06640  371.88988  374.19136  372.92620  371.71230  374.08692  372.78236  371.52964
 374.16529  372.89633  371.67839  374.05615  372.74900  371.49356  373.94510  372.59856  371.30434
 374.03100  372.72028  371.46108  373.91485  372.56589  371.26912  373.79723  372.40892  371.07340
 373.89057  372.53826  371.23796  373.76750  372.37691  371.03900  373.64333  372.21343  370.83684
 373.74405  372.35031  371.00910  373.61410  372.18206  370.80321  373.48341  372.01214  370.59468
 373.59142  372.15643  370.77449  373.45465  371.98136  370.56178  373.31748  371.80505  370.34695
 373.43274  371.95666  370.53418  373.28919  371.77485  370.31475  373.14556  371.59218  370.09366
 373.26799  371.75104  370.28820  373.11771  371.56253  370.06214  372.96768  371.37355  369.83486
 373.09721  371.53956  370.03659  372.94025  371.34443  369.80397  372.78382  371.14919  369.57054
 372.92041  371.32225  369.77935  372.75681  371.12058  369.54026  372.59402  370.91910  369.30075
 372.73759  371.09915  369.51654  372.56741  370.89098  369.27105  372.39830  370.68334  369.02552
 372.54882  370.87029  369.24819  372.37210  370.65569  368.99638  372.19668  370.44189  368.74486
 372.35406  370.63568  368.97431  372.17084  370.41470  368.71624  371.98916  370.19481  368.45880
 372.15336  370.39534  368.69495  371.96369  370.16804  368.43071  371.77578  369.94209  368.16739
 371.94675  370.14932  368.41014  371.75066  369.91575  368.13977  371.55655  369.68378  367.87062
 371.73423  369.89763  368.11990  371.53176  369.65784  367.84348  371.33149  369.41990  367.56855
 371.51583  369.64030  367.82428  371.30703  369.39434  367.54187  371.10062  369.15047  367.26121
 371.29157  369.37735  367.52330  371.07649  369.12528  367.23495  370.86397  368.87551  366.94862
 371.06149  369.10882  367.21699  370.84014  368.85071  366.92278  370.62156  368.59507  366.63080
 370.82558  368.83475  366.90539  370.59803  368.57061  366.60539  370.37342  368.30917  366.30782
 370.58390  368.55514  366.58855  370.35017  368.28504  366.28278  370.11955  368.01783  365.97968
 370.33645  368.27004  366.26648  370.09659  367.99402  365.95501  369.86000  367.72107  365.64642
 370.08326  367.97948  365.93922  369.83731  367.69758  365.62211  369.59478  367.41895  365.30808
 369.82436  367.68348  365.60681  369.57235  367.39576  365.28411  369.32392  367.11145  364.96468
 369.55978  367.38206  365.26928  369.30175  367.08857  364.94105  369.04744  366.79866  364.61626
 369.28953  367.07529  364.92667  369.02553  366.77605  364.59296  368.76539  366.48057  364.26287
 369.01364  366.76316  364.57902  368.74371  366.45825  364.23988  368.47776  366.15722  363.90451
 368.73215  366.44572  364.22636  368.45632  366.13518  363.88184  368.18460  365.82865  363.54125
 368.44509  366.12300  363.86871  368.16339  365.80686  363.51887  367.88594  365.49488  363.17311
 368.15247  365.79504  363.50613  367.86496  365.47335  363.15102  367.58181  365.15596  362.80014
 367.85433  365.46186  363.13865  367.56103  365.13466  362.77831  367.27223  364.81191  362.42236
 367.55071  365.12350  362.76630  367.25166  364.79085  362.40080  366.95722  364.46275  362.03981
 367.24161  364.78001  362.38914  366.93687  364.44193  362.01850  366.63683  364.10854  361.65252
 366.92709  364.43139  362.00719  366.61668  364.08795  361.63148  366.31108  363.74930  361.26054
 366.60717  364.07770  361.62048  366.29112  363.72893  361.23975  365.98001  363.38507  360.86392
 366.28188  363.71897  361.22906  365.96024  363.36491  360.84335  365.64364  363.01589  360.46267
 365.95124  363.35523  360.83297  365.62406  362.99593  360.44233  365.30201  362.64177  360.05684
 365.61532  362.98653  360.43225  365.28262  362.62203  360.03673  364.95516  362.26279  359.64647
 365.27410  362.61288  360.02693  364.93593  362.24324  359.62658  364.60310  361.87893  359.23160
 364.92765  362.23433  359.61705  364.58404  361.85958  359.21192  364.24588  361.49028  358.81226
 364.57599  361.85093  359.20267  364.22699  361.47110  358.79279  363.88353  361.09684  358.38851
 364.21915  361.46268  358.78380  363.86480  361.07786  358.36924  363.51609  360.69868  357.96037
 363.85719  361.06968  358.36050  363.49753  360.67986  357.94130  363.14358  360.29580  357.52789
 363.49010  360.67190  357.93280  363.12518  360.27717  357.50901  362.76604  359.88826  357.09111
 363.11796  360.26942  357.50075  362.74780  359.86979  357.07242  362.38352  359.47609  356.65006
 362.74077  359.86226  357.06437  362.36542  359.45779  356.63155  361.99604  359.05934  356.20479
 362.35859  359.45047  356.62374  361.97809  359.04120  356.18646  361.60364  358.63804  355.75535
 361.97145  359.03409  356.17887  361.58583  358.62006  355.73719  361.20636  358.21222  355.30176
 361.57937  358.61314  355.72981  361.18869  358.19439  355.28377  360.80423  357.78194  354.84408
 361.18241  358.18766  355.27660  360.78670  357.76426  354.82624  360.39729  357.34722  354.38233
 360.78059  357.75772  354.81927  360.37989  357.32970  354.36466  359.98558  356.90811  353.91657
 360.37395  357.32333  354.35788  359.96832  356.89073  353.89907  359.56914  356.46466  353.44684
 359.96254  356.88455  353.89247  359.55200  356.44741  353.42948  359.14801  356.01689  352.97318
 359.54639  356.44140  353.42308  359.13099  355.99978  352.95597  358.72221  355.56485  352.49564
 359.12553  355.99394  352.94975  358.70532  355.54788  352.47857  358.29180  355.10858  352.01424
 358.70001  355.54219  352.47252  358.27503  355.09174  351.99732  357.85679  354.64812  351.52903
 358.26987  355.08622  351.99144  357.84015  354.63141  351.51225  357.41726  354.18350  351.04007
 357.83515  354.62605  351.50655  357.40073  354.16693  351.02343  356.97324  353.71480  350.54739
 357.39587  354.16171  351.01788  356.95682  353.69833  350.53088  356.52474  353.24201  350.05103
 356.95210  353.69328  350.52549  356.50844  353.22568  350.03465  356.07182  352.76521  349.55104
 356.50385  353.22077  350.02942  356.05563  352.74899  349.53479  355.61453  352.28442  349.04746
 356.05118  352.74422  349.52971  355.59844  352.26833  349.03134  355.15289  351.79969  348.54032
 355.59412  352.26369  349.02639  355.13690  351.78370  348.52432  354.68697  351.31107  348.02969
 355.13272  351.77921  348.51953  354.67108  351.29519  348.01381  354.21677  350.81859  347.51559
 354.66702  351.29083  348.00916  354.20099  350.80282  347.49982  353.74236  350.32229  346.99808
 354.19704  350.79859  347.49531  353.72668  350.30663  346.98242  353.26378  349.82222  346.47718
 353.72286  350.30252  346.97804  353.24820  349.80667  346.46165  352.78107  349.31844  345.95296
 353.24450  349.80270  346.45740  352.76558  349.30299  345.93754  352.29426  348.81096  345.42545
 352.76199  349.29913  345.93342  352.27886  348.79561  345.41013  351.80340  348.29984  344.89470
 352.27539  348.79187  345.40614  351.78810  348.28458  344.87948  351.30853  347.78511  344.36073
 351.78474  348.28096  344.87561  351.29332  347.76995  344.34562  350.80971  347.26683  343.82362
 351.29008  347.76646  344.34188  350.79459  347.25177  343.80861  350.30696  346.74504  343.28338
 350.79145  347.24839  343.80499  350.29192  346.73008  343.26848  349.80034  346.21978  342.74008
 350.28889  346.72679  343.26497  349.78538  346.20491  342.72528  349.28986  345.69109  342.19375
 349.78244  346.20173  342.72187  349.27500  345.67630  342.17904  348.77560  345.15901  341.64443
 349.27216  345.67324  342.17575  348.76081  345.14432  341.62981  348.25758  344.62359  341.09216
 348.75808  345.14136  341.62663  348.24289  344.60899  341.07764  347.73587  344.08488  340.53701
 348.24025  344.60614  341.07457  347.72124  344.07036  340.52258  347.21049  343.54291  339.97899
 347.71870  344.06760  340.51961  347.19595  343.52848  339.96466  346.68148  342.99775  339.41817
 347.19349  343.52581  339.96178  346.66702  342.98339  339.40392  346.14890  342.44939  338.85458
 346.66466  342.98082  339.40115  346.13451  342.43513  338.84042  345.61278  341.89793  338.28826
 346.13224  342.43265  338.83774  345.59847  341.88373  338.27418  345.07318  341.34338  337.71925
 345.59629  341.88135  338.27160  345.05893  341.32926  337.70525  344.53013  340.78580  337.14761
 345.05685  341.32698  337.70277  344.51596  340.77175  337.13370  343.98368  340.22522  336.57338
 344.51395  340.76956  337.13131  343.96957  340.21125  336.55953  343.43385  339.66168  335.99658
 343.96766  340.20915  336.55724  343.41983  339.64780  335.98283  342.88073  339.09525  335.41728
 343.41799  339.64577  335.98061  342.86677  339.08144  335.40360  342.32433  338.52595  334.83550
 342.86501  339.07949  335.40147  342.31044  338.51221  334.82190  341.76470  337.95384  334.25131
 342.30876  338.51035  334.81986  341.75088  337.94017  334.23778  341.20190  337.37895  333.66473
 341.74928  337.93839  334.23583  341.18814  337.36534  333.65127  340.63594  336.80132  333.07580
 341.18661  337.36364  333.64940  340.62226  336.78779  333.06242  340.06690  336.22100  332.48458
 340.62081  336.78617  333.06063  340.05328  336.20754  332.47127  339.49481  335.63803  331.89110
 340.05190  336.20599  332.46956  339.48124  335.62464  331.87787  338.91971  335.05247  331.29541
 339.47994  335.62316  331.87623  338.90621  335.03914  331.28225  338.34164  334.46434  330.69754
 338.90497  335.03774  331.28067  338.32821  334.45108  330.68445  337.76065  333.87369  330.09755
 338.32703  334.44974  330.68295  337.74728  333.86049  330.08452  337.17679  333.28057  329.49546
 337.74617  333.85923  330.08309  337.16347  333.26743  329.48249  336.59010  332.68501  328.89132
 337.16244  333.26624  329.48114  336.57685  332.67194  328.87842  336.00062  332.08707  328.28518
 336.57588  332.67081  328.87714  335.98743  332.07406  328.27234  335.40840  331.48677  327.67706
 335.98653  332.07301  328.27114  335.39525  331.47382  327.66429  334.81348  330.88418  327.06703
 335.39442  331.47284  327.66316  334.80039  330.87129  327.05433  334.21590  330.27932  326.45512
 334.79962  330.87036  327.05326  334.20286  330.26648  326.44246  333.61570  329.67224  325.84136
 334.20216  330.26562  326.44146  333.60273  329.65946  325.82876  333.01295  329.06298  325.22580
 333.60208  329.65867  325.82782  333.00002  329.05026  325.21326  332.40766  328.45159  324.60846
 332.99943  329.04952  325.21238  332.39479  328.43892  324.59599  331.79989  327.83810  323.98942
 332.39425  328.43824  324.59517  331.78706  327.82548  323.97699  331.18968  327.22255  323.36868
 331.78659  327.82486  323.97624  331.17691  327.20999  323.35632  330.57708  326.60500  322.74631
 331.17649  327.20944  323.35563  330.56434  326.59249  322.73400  329.96212  325.98547  322.12233
 330.56399  326.59198  322.73337  329.94944  325.97301  322.11007  329.34485  325.36402  321.49679
 329.94915  325.97258  322.10950  329.33222  325.35161  321.48458  328.72531  324.74067  320.86972
 329.33197  325.35123  321.48406  328.71274  324.72831  320.85757  328.10356  324.11549  320.24116
 328.71254  324.72799  320.85711  328.09103  324.10318  320.22906  327.47961  323.48849  319.61116
 328.09088  324.10290  320.22865  327.46713  323.47624  319.59912  326.85353  322.85972  318.97975
 327.46704  323.47600  319.59876  326.84109  322.84751  318.96775  326.22535  322.22923  318.34696
 326.84105  322.84734  318.96744  326.21296  322.21707  318.33502  325.59512  321.59706  317.71285
 326.21297  322.21695  318.33477  325.58278  321.58494  317.70095  324.96287  320.96323  317.07744
 325.58283  321.58487  317.70075  324.95058  320.95117  317.06559  324.32866  320.32781  316.44077
 324.95068  320.95114  317.06544  324.31640  320.31579  316.42897  323.69251  319.69082  315.80289
 324.31655  320.31582  316.42887  323.68030  319.67883  315.79113  323.05448  319.05229  315.16382
 323.68050  319.67890  315.79108  323.04231  319.04036  315.15210  322.41459  318.41228  314.52360
 323.04255  319.04047  315.15210  322.40248  318.40040  314.51194  321.77291  317.77082  313.88227
 322.40276  318.40055  314.51198  321.76083  317.75898  313.87066  321.12947  317.12796  313.23988
 321.76116  317.75918  313.87074  321.11742  317.11616  313.22831  320.48429  316.48371  312.59645
 321.11779  317.11640  313.22844  320.47229  316.47196  312.58492  319.83744  315.83814  311.95202
 320.47270  316.47225  312.58509  319.82548  315.82642  311.94052  319.18894  315.19127  311.30661
 319.82593  315.82676  311.94074  319.17701  315.17959  311.29517  318.53884  314.54314  310.66028
 319.17751  315.17996  311.29543  318.52696  314.53150  310.64888  317.88718  313.89379  310.01306
 318.52750  314.53192  310.64918  317.87534  313.88219  310.00170  317.23400  313.24326  309.36498
 317.87591  313.88265  310.00204  317.22219  313.23170  309.35366  316.57933  312.59158  308.71607
 317.22281  313.23220  309.35404  316.56757  312.58006  308.70480  315.92323  311.93879  308.06638
 316.56822  312.58060  308.70522  315.91150  311.92732  308.05514  315.26572  311.28494  307.41593
 315.91219  311.92789  308.05560  315.25404  311.27350  307.40473  314.60685  310.63005  306.76475
 315.25475  311.27411  307.40522  314.59519  310.61865  306.75359  313.94666  309.97416  306.11289
 314.59596  310.61929  306.75413  313.93504  309.96279  306.10177  313.28517  309.31730  305.46038
 313.93583  309.96347  306.10234  313.27359  309.30597  305.44929  312.62244  308.65952  304.80724
 313.27441  309.30669  305.44990  312.61089  308.64823  304.79619  311.95849  308.00085  304.15351
 312.61175  308.64898  304.79684  311.94698  307.98959  304.14250  311.29338  307.34131  303.49923
 311.94788  307.99037  304.14318  311.28190  307.33009  303.48825  310.62714  306.68097  302.84443
 311.28283  307.33091  303.48896  310.61568  306.66977  302.83348  309.95979  306.01983  302.18913
 310.61664  306.67062  302.83423  309.94837  306.00867  302.17822  309.29139  305.35794  301.53338
 309.94936  306.00955  302.17900  309.28000  305.34681  301.52249  308.62195  304.69532  300.87719
 309.28102  305.34772  301.52330  308.61060  304.68423  300.86634  307.95154  304.03203  300.22061
   0.00000  304.68518  300.86719    0.00000  304.02096  300.20980    0.00000  303.36809  299.56366
