       nan        nan        nan        nan        nan        nan        nan        nan        nan 16844.81800        nan        nan        nan        nan        nan        nan        nan        nan 16842.06550 16799.47450        nan        nan        nan        nan        nan        nan        nan
16848.11100        nan        nan 16887.46050        nan        nan        nan        nan        nan 16845.35850 16802.76750        nan 16884.70800 16842.11700        nan        nan        nan        nan 16839.85100 16796.93200 16761.21400 16879.20050 16836.28150 16800.56350        nan        nan        nan
16851.95150 16809.36050        nan 16891.82850 16849.23750        nan 16924.77550 16882.18450        nan 16846.44400 16803.52500 16767.80700 16886.32100 16843.40200 16807.68400 16919.26800 16876.34900 16840.63100 16838.17600 16794.76500 16758.20500 16878.05300 16834.64200 16798.08200 16911.00000 16867.58900 16831.02900
16856.35200 16813.43300 16777.71500 16897.02200 16854.10300 16818.38500 16931.33250 16888.41350 16852.69550 16848.08400 16804.67300 16768.11300 16888.75400 16845.34300 16808.78300 16923.06450 16879.65350 16843.09350 16837.04800 16792.98200 16755.33450 16877.71800 16833.65200 16796.00450 16912.02850 16867.96250 16830.31500
16861.32750 16817.91650 16781.35650 16903.05250 16859.64150 16823.08150 16939.08400 16895.67300 16859.11300 16850.29150 16806.22550 16768.57800 16892.01650 16847.95050 16810.30300 16928.04800 16883.98200 16846.33450 16836.48000 16791.59650 16752.64150 16878.20500 16833.32150 16794.36650 16914.23650 16869.35300 16830.39800
16866.89400 16822.82800 16785.18050 16909.92950 16865.86350 16828.21600 16947.98200 16903.91600 16866.26850 16853.08250 16808.19900 16769.24400 16896.11800 16851.23450 16812.27950 16934.17050 16889.28700 16850.33200 16836.48400 16790.62550 16750.16800 16879.51950 16833.66100 16793.20350 16917.57200 16871.71350 16831.25600
16873.07000 16828.18650 16789.23150 16917.65750 16872.77400 16833.81900 16957.97700 16913.09350 16874.13850 16856.47150 16810.61300 16770.15550 16901.05900 16855.20050 16814.74300 16941.37850 16895.52000 16855.06250 16837.07500 16790.08850 16747.95950 16881.66250 16834.67600 16792.54700 16921.98200 16874.99550 16832.86650
16879.87050 16834.01200 16793.55450 16926.23550 16880.37700 16839.91950 16969.02100 16923.16250 16882.70500 16860.47400 16813.48750 16771.35850 16906.83900 16859.85250 16817.72350 16949.62450 16902.63800 16860.50900 16838.26800 16790.00800 16746.06150 16884.63300 16836.37300 16792.42650 16927.41850 16879.15850 16835.21200
16887.30900 16840.32250 16798.19350 16935.65650 16888.67000 16846.54100 16981.06850 16934.08200 16891.95300 16865.10300 16816.84300 16772.89650 16913.45050 16865.19050 16821.24400 16958.86250 16910.60250 16866.65600 16840.07700 16790.40600 16744.51700 16888.42450 16838.75350 16792.86450 16933.83650 16884.16550 16838.27650
16895.39750 16847.13750 16803.19100 16945.91100 16897.65100 16853.70450 16994.08050 16945.82050 16901.87400 16870.37150 16820.70050 16774.81150 16920.88500 16871.21400 16825.32500 16969.05450 16919.38350 16873.49450 16842.51450 16791.30300 16743.36450 16893.02800 16841.81650 16793.87800 16941.19750 16889.98600 16842.04750
16904.14650 16854.47550 16808.58650 16956.98800 16907.31700 16861.42800 17008.02100 16958.35000 16912.46100 16876.28950 16825.07800 16777.13950 16929.13100 16877.91950 16829.98100 16980.16400 16928.95250 16881.01400 16845.59050 16792.72100 16742.64100 16898.43200 16845.56250 16795.48250 16949.46500 16896.59550 16846.51550
16913.56250 16862.35100 16814.41250 16968.87550 16917.66400 16869.72550 17022.86000 16971.64850 16923.71000 16882.86350 16829.99400 16779.91400 16938.17650 16885.30700 16835.22700 16992.16100 16939.29150 16889.21150 16849.31350 16794.67700 16742.37800 16904.62650 16849.99000 16797.69100 16958.61100 16903.97450 16851.67550
16923.65050 16870.78100 16820.70100 16981.56000 16928.69050 16878.61050 17038.56750 16985.69800 16935.61800 16890.10050 16835.46400 16783.16500 16948.01000 16893.37350 16841.07450 17005.01750 16950.38100 16898.08200 16853.69150 16797.18900 16742.60250 16911.60100 16855.09850 16800.51200 16968.60850 16912.10600 16857.51950
16934.41450 16879.77800 16827.47900 16995.02800 16940.39150 16888.09250 17055.11950 17000.48300 16948.18400 16898.00550 16841.50300 16786.91650 16958.61900 16902.11650 16847.53000 17018.71050 16962.20800 16907.62150 16858.73000 16800.27050 16743.33950 16919.34350 16860.88400 16803.95300 16979.43500 16920.97550 16864.04450
16945.85650 16889.35400 16834.76750 17009.27000 16952.76750 16898.18100 17072.49600 17015.99350 16961.40700 16906.58100 16848.12150 16791.19050 16969.99450 16911.53500 16854.60400 17033.22050 16974.76100 16917.83000 16864.43250 16803.93500 16744.60950 16927.84600 16867.34850 16808.02300 16991.07200 16930.57450 16871.24900
16957.97950 16899.52000 16842.58900 17024.27300 16965.81350 16908.88250 17090.67750 17032.21800 16975.28700 16915.83100 16855.33350 16796.00800 16982.12450 16921.62700 16862.30150 17048.52900 16988.03150 16928.70600 16870.80300 16808.19500 16746.43250 16937.09650 16874.48850 16812.72600 17003.50100 16940.89300 16879.13050
16970.78250 16910.28500 16850.95950 17040.02850 16979.53100 16920.20550 17109.64700 17049.14950 16989.82400 16925.75450 16863.14650 16801.38400 16995.00050 16932.39250 16870.63000 17064.61900 17002.01100 16940.24850 16877.84450 16813.06050 16748.82150 16947.09050 16882.30650 16818.06750 17016.70900 16951.92500 16887.68600
16984.26650 16921.65850 16859.89600 17056.52550 16993.91750 16932.15500 17129.39000 17066.78200 17005.01950 16936.35650 16871.57250 16807.33350 17008.61550 16943.83150 16879.59250 17081.48000 17016.69600 16952.45700 16885.55900 16818.54000 16751.79250 16957.81800 16890.79900 16824.05150 17030.68250 16963.66350 16896.91600
16998.43200 16933.64800 16869.40900 17073.75750 17008.97350 16944.73450 17149.89600 17085.11200 17020.87300 16947.63450 16880.61550 16813.86800 17022.96000 16955.94100 16889.19350 17099.09850 17032.07950 16965.33200 16893.94800 16824.64050 16755.35600 16969.27350 16899.96600 16830.68150 17045.41200 16976.10450 16906.82000
17013.27700 16946.25800 16879.51050 17091.71650 17024.69750 16957.95000 17171.15150 17104.13250 17037.38500 16959.59050 16890.28300 16820.99850 17038.03000 16968.72250 16899.43800 17117.46500 17048.15750 16978.87300 16903.01150 16831.36900 16759.52200 16981.45100 16909.80850 16837.96150 17060.88600 16989.24350 16917.39650
17028.80300 16959.49550 16890.21100 17110.39600 17041.08850 16971.80400 17193.14850 17123.84100 17054.55650 16972.22400 16900.58150 16828.73450 17053.81700 16982.17450 16910.32750 17136.56950 17064.92700 16993.08000 16912.75200 16838.73250 16764.30000 16994.34500 16920.32550 16845.89300 17077.09750 17003.07800 16928.64550
17045.00750 16973.36500 16901.51800 17129.78950 17058.14700 16986.30000 17215.87700 17144.23450 17072.38750 16985.53550 16911.51600 16837.08350 17070.31750 16996.29800 16921.86550 17156.40500 17082.38550 17007.95300 16923.16950 16846.73500 16769.69850 17007.95150 16931.51700 16854.48050 17094.03900 17017.60450 16940.56800
17061.89050 16987.87100 16913.43850 17149.89200 17075.87250 17001.44000 17239.33100 17165.31150 17090.87900 16999.52450 16923.09000 16846.05350 17087.52600 17011.09150 16934.05500 17176.96500 17100.53050 17023.49400 16934.26450 16855.38150 16775.72300 17022.26600 16943.38300 16863.72450 17111.70500 17032.82200 16953.16350
17079.45200 17003.01750 16925.98100 17170.70000 17094.26550 17017.22900 17263.50350 17187.06900 17110.03250 17014.19200 16935.30900 16855.65050 17105.44000 17026.55700 16946.89850 17198.24350 17119.36050 17039.70200 16946.03750 16864.67550 16782.38050 17037.28550 16955.92350 16873.62850 17130.08900 17048.72700 16966.43200
17097.69050 17018.80750 16939.14900 17192.20950 17113.32650 17033.66800 17288.38850 17209.50550 17129.84700 17029.53600 16948.17400 16865.87900 17124.05500 17042.69300 16960.39800 17220.23400 17138.87200 17056.57700 16958.48800 16874.62050 16789.67550 17053.00700 16969.13950 16884.19450 17149.18600 17065.31850 16980.37350
17116.60550 17035.24350 16952.94850 17214.41500 17133.05300 17050.75800 17313.98000 17232.61800 17150.32300 17045.55750 16961.69000 16876.74500 17143.36700 17059.49950 16974.55450 17242.93200 17159.06450 17074.11950 16971.61750 16885.22100 16797.61350 17069.42700 16983.03050 16895.42300 17168.99200 17082.59550 16994.98800
17136.19650 17052.32900 16967.38400 17237.31450 17153.44700 17068.50200 17340.27350 17256.40600 17171.46100 17062.25650 16975.86000 16888.25250 17163.37450 17076.97800 16989.37050 17266.33350 17179.93700 17092.32950 16985.42550 16896.47800 16806.19900 17086.54350 16997.59600 16907.31700 17189.50250 17100.55500 17010.27600
17156.46250 17070.06600 16982.45850 17260.90550 17174.50900 17086.90150 17367.26650 17280.87000 17193.26250 17079.63150 16990.68400 16900.40500 17184.07450 17095.12700 17004.84800 17290.43550 17201.48800 17111.20900 16999.91200 16908.39450 16815.43400 17104.35500 17012.83750 16919.87700 17210.71600 17119.19850 17026.23800
17177.40300 17088.45550 16998.17650 17285.18350 17196.23600 17105.95700 17394.95250 17306.00500 17215.72600 17097.68350 17006.16600 16913.20550 17205.46400 17113.94650 17020.98600 17315.23300 17223.71550 17130.75500 17015.07700 16920.97350 16825.32400 17122.85750 17028.75400 16933.10450 17232.62650 17138.52300 17042.87350
17199.01850 17107.50100 17014.54050 17310.14900 17218.63150 17125.67100 17423.33150 17331.81400 17238.85350 17116.41200 17022.30850 16926.65900 17227.54250 17133.43900 17037.78950 17340.72500 17246.62150 17150.97200 17030.92200 16934.21700 16835.87200 17142.05250 17045.34750 16947.00250 17255.23500 17158.53000 17060.18500
17221.30650 17127.20300 17031.55350 17335.79700 17241.69350 17146.04400 17452.39700 17358.29350 17262.64400 17135.81650 17039.11150 16940.76650 17250.30700 17153.60200 17055.25700 17366.90700 17270.20200 17171.85700 17047.44500 16948.12500 16847.07850 17161.93550 17062.61550 16961.56900 17278.53550 17179.21550 17078.16900
17244.26800 17147.56300 17049.21800 17362.12800 17265.42300 17167.07800 17482.14900 17385.44400 17287.09900 17155.89650 17056.57650 16955.53000 17273.75650 17174.43650 17073.39000 17393.77750 17294.45750 17193.41100 17064.64700 16962.70000 16858.94800 17182.50700 17080.56000 16976.80800 17302.52800 17200.58100 17096.82900
17267.90250 17168.58250 17067.53600 17389.13850 17289.81850 17188.77200 17512.58350 17413.26350 17312.21700 17176.65300 17074.70600 16970.95400 17297.88900 17195.94200 17092.19000 17421.33400 17319.38700 17215.63500 17082.52900 16977.94550 16871.48350 17203.76500 17099.18150 16992.71950 17327.21000 17222.62650 17116.16450
17292.20850 17190.26150 17086.50950 17416.82700 17314.88000 17211.12800 17543.69850 17441.75150 17337.99950 17198.08450 17093.50100 16987.03900 17322.70300 17218.11950 17111.65750 17449.57450 17344.99100 17238.52900 17101.08900 16993.86050 16884.68500 17225.70750 17118.47900 17009.30350 17352.57900 17245.35050 17136.17500
17317.18700 17212.60350 17106.14150 17445.19300 17340.60950 17234.14750 17575.49150 17470.90800 17364.44600 17220.19150 17112.96300 17003.78750 17348.19750 17240.96900 17131.79350 17478.49600 17371.26750 17262.09200 17120.32900 17010.44700 16898.55600 17248.33500 17138.45300 17026.56200 17378.63350 17268.75150 17156.86050
17342.83650 17235.60800 17126.43250 17474.23450 17367.00600 17257.83050 17607.96150 17500.73300 17391.55750 17242.97400 17133.09200 17021.20100 17374.37200 17264.49000 17152.59900 17508.09900 17398.21700 17286.32600 17140.24850 17027.70650 16913.09800 17271.64650 17159.10450 17044.49600 17405.37350 17292.83150 17178.22300
17369.15650 17259.27450 17147.38350 17503.95100 17394.06900 17282.17800 17641.10600 17531.22400 17419.33300 17266.43100 17153.88900 17039.28050 17401.22550 17288.68350 17174.07500 17538.38050 17425.83850 17311.23000 17160.84650 17045.63950 16928.31200 17295.64100 17180.43400 17063.10650 17432.79600 17317.58900 17200.26150
17396.14800 17283.60600 17168.99750 17534.34050 17421.79850 17307.19000 17674.92350 17562.38150 17447.77300 17290.56350 17175.35650 17058.02900 17428.75600 17313.54900 17196.22150 17569.33900 17454.13200 17336.80450 17182.12500 17064.24800 16944.20150 17320.31750 17202.44050 17082.39400 17460.90050 17343.02350 17222.97700
17423.80950 17308.60250 17191.27500 17565.40150 17450.19450 17332.86700 17709.41250 17594.20550 17476.87800 17315.37100 17197.49400 17077.44750 17456.96300 17339.08600 17219.03950 17600.97400 17483.09700 17363.05050 17204.08350 17083.53250 16960.76650 17345.67550 17225.12450 17102.35850 17489.68650 17369.13550 17246.36950
17452.14050 17334.26350 17214.21700 17597.13450 17479.25750 17359.21100 17744.57150 17626.69450 17506.64800 17340.85300 17220.30200 17097.53600 17485.84700 17365.29600 17242.53000 17633.28400 17512.73300 17389.96700 17226.72000 17103.49250 16978.00750 17371.71400 17248.48650 17123.00150 17519.15100 17395.92350 17270.43850
17481.14250 17360.59150 17237.82550 17629.53850 17508.98750 17386.22150 17780.40000 17659.84900 17537.08300 17367.00950 17243.78200 17118.29700 17515.40550 17392.17800 17266.69300 17666.26700 17543.03950 17417.55450 17250.03800 17124.13100 16995.92800 17398.43400 17272.52700 17144.32400 17549.29550 17423.38850 17295.18550
17510.81300 17387.58550 17262.10050 17662.61050 17539.38300 17413.89800 17816.89500 17693.66750 17568.18250 17393.84150 17267.93450 17139.73150 17545.63900 17419.73200 17291.52900 17699.92350 17574.01650 17445.81350 17274.03600 17145.44800 17014.52800 17425.83350 17297.24550 17166.32550 17580.11800 17451.53000 17320.61000
17541.15400 17415.24700 17287.04400 17696.35300 17570.44600 17442.24300 17854.05700 17728.15000 17599.94700 17421.34850 17292.76050 17161.84050 17576.54750 17447.95950 17317.03950 17734.25150 17605.66350 17474.74350 17298.71400 17167.44450 17033.80900 17453.91300 17322.64350 17189.00800 17611.61700 17480.34750 17346.71200
17572.16400 17443.57600 17312.65600 17730.76350 17602.17550 17471.25550 17891.88500 17763.29700 17632.37700 17449.52950 17318.26000 17184.62450 17608.12900 17476.85950 17343.22400 17769.25050 17637.98100 17504.34550 17324.07200 17190.12050 17053.77200 17482.67150 17348.72000 17212.37150 17643.79300 17509.84150 17373.49300
17603.84250 17472.57300 17338.93750 17765.84050 17634.57100 17500.93550 17930.37650 17799.10700 17665.47150 17478.38500 17344.43350 17208.08500 17640.38300 17506.43150 17370.08300 17804.91900 17670.96750 17534.61900 17350.11050 17213.47750 17074.41800 17512.10850 17375.47550 17236.41600 17676.64450 17540.01150 17400.95200
17636.19000 17502.23850 17365.89000 17801.58400 17667.63250 17531.28400 17969.53100 17835.57950 17699.23100 17507.91550 17371.28250 17232.22300 17673.30950 17536.67650 17397.61700 17841.25650 17704.62350 17565.56400 17376.83050 17237.51600 17095.74900 17542.22450 17402.91000 17261.14300 17710.17150 17570.85700 17429.09000
17669.20550 17532.57250 17393.51300 17837.99450 17701.36150 17562.30200 18009.34800 17872.71500 17733.65550 17538.12050 17398.80600 17257.03900 17706.90950 17567.59500 17425.82800 17878.26300 17738.94850 17597.18150 17404.23050 17262.23600 17117.76450 17573.01950 17431.02500 17286.55350 17744.37300 17602.37850 17457.90700
17702.89050 17563.57600 17421.80900 17875.07050 17735.75600 17593.98900 18049.82700 17910.51250 17768.74550 17569.00050 17427.00600 17282.53450 17741.18050 17599.18600 17454.71450 17915.93700 17773.94250 17629.47100 17432.31250 17287.63900 17140.46700 17604.49250 17459.81900 17312.64700 17779.24900 17634.57550 17487.40350
17737.24300 17595.24850 17450.77700 17912.81150 17770.81700 17626.34550 18090.96700 17948.97250 17804.50100 17600.55500 17455.88150 17308.70950 17776.12350 17631.45000 17484.27800 17954.27900 17809.60550 17662.43350 17461.07450 17313.72500 17163.85550 17636.64300 17489.29350 17339.42400 17814.79850 17667.44900 17517.57950
17772.26350 17627.59000 17480.41800 17951.21750 17806.54400 17659.37200 18132.76700 17988.09350 17840.92150 17632.78300 17485.43350 17335.56400 17811.73700 17664.38750 17514.51800 17993.28650 17845.93700 17696.06750 17490.51700 17340.49400 17187.93250 17669.47100 17519.44800 17366.88650 17851.02050 17700.99750 17548.43600
17807.95250 17660.60300 17510.73350 17990.28700 17842.93750 17693.06800 18175.22550 18027.87600 17878.00650 17665.68650 17515.66350 17363.10200 17848.02100 17697.99800 17545.43650 18032.95950 17882.93650 17730.37500 17520.64300 17367.94950 17212.69900 17702.97750 17550.28400 17395.03350 17887.91600 17735.22250 17579.97200
17844.30800 17694.28500 17541.72350 18030.01950 17879.99650 17727.43500 18218.34250 18068.31950 17915.75800 17699.26450 17546.57100 17391.32050 17884.97600 17732.28250 17577.03200 18073.29900 17920.60550 17765.35500 17551.44900 17396.08800 17238.15400 17737.16050 17581.79950 17423.86550 17925.48350 17770.12250 17612.18850
17881.33250 17728.63900 17573.38850 18070.41650 17917.72300 17762.47250 18262.11700 18109.42350 17954.17300 17733.51700 17578.15600 17420.22200 17922.60100 17767.24000 17609.30600 18114.30150 17958.94050 17801.00650 17582.93750 17424.91300 17264.30100 17772.02150 17613.99700 17453.38500 17963.72200 17805.69750 17645.08550
17919.02350 17763.66250 17605.72850 18111.47500 17956.11400 17798.18000 18306.54900 18151.18800 17993.25400 17768.44400 17610.41950 17449.80750 17960.89550 17802.87100 17642.25900 18155.96950 17997.94500 17837.33300 17615.10800 17454.42350 17291.13800 17807.55950 17646.87500 17483.58950 18002.63350 17841.94900 17678.66350
17957.38250 17799.35800 17638.74600 18153.19650 17995.17200 17834.56000 18351.63700 18193.61250 18033.00050 17804.04650 17643.36200 17480.07650 17999.86050 17839.17600 17675.89050 18198.30100 18037.61650 17874.33100 17647.96050 17484.62150 17318.66850 17843.77450 17680.43550 17514.48250 18042.21500 17878.87600 17712.92300
17996.40900 17835.72450 17672.43900 18195.58000 18034.89550 17871.61000 18397.38100 18236.69650 18073.41100 17840.32300 17676.98400 17511.03100 18039.49400 17876.15500 17710.20200 18241.29500 18077.95600 17912.00300 17681.49600 17515.50650 17346.89200 17880.66700 17714.67750 17546.06300 18082.46800 17916.47850 17747.86400
18036.10150 17872.76250 17706.80950 18238.62400 18075.28500 17909.33200 18443.78000 18280.44100 18114.48800 17877.27450 17711.28500 17542.67050 18079.79700 17913.80750 17745.19300 18284.95300 18118.96350 17950.34900 17715.71350 17547.07800 17375.80800 17918.23600 17749.60050 17578.33050 18123.39200 17954.75650 17783.48650
18076.46250 17910.47300 17741.85850 18282.33050 18116.34100 17947.72650 18490.83350 18324.84400 18156.22950 17914.90150 17746.26600 17574.99600 18120.76950 17952.13400 17780.86400 18329.27250 18160.63700 17989.36700 17750.61450 17579.33900 17405.42000 17956.48250 17785.20700 17611.28800 18164.98550 17993.71000 17819.79100
18117.49000 17948.85450 17777.58450 18326.69700 18158.06150 17986.79150 18538.54150 18369.90600 18198.63600 17953.20300 17781.92750 17608.00850 18162.41000 17991.13450 17817.21550 18374.25450 18202.97900 18029.06000 17786.19800 17612.28850 17435.72650 17995.40500 17821.49550 17644.93350 18207.24950 18033.34000 17856.77800
18159.18400 17987.90850 17813.98950 18371.72450 18200.44900 18026.53000 18586.90250 18415.62700 18241.70800 17992.17900 17818.26950 17641.70750 18204.71950 18030.81000 17854.24800 18419.89750 18245.98800 18069.42600 17822.46450 17645.92600 17466.72850 18035.00500 17858.46650 17679.26900 18250.18300 18073.64450 17894.44700
18201.54500 18027.63550 17851.07350 18417.41150 18243.50200 18066.94000 18635.91650 18462.00700 18285.44500 18031.83050 17855.29200 17676.09450 18247.69700 18071.15850 17891.96100 18466.20200 18289.66350 18110.46600 17859.41500 17680.25400 17498.42750 18075.28150 17896.12050 17714.29400 18293.78650 18114.62550 17932.79900
18244.57300 18068.03450 17888.83700 18463.75850 18287.22000 18108.02250 18685.58350 18509.04500 18329.84750 18072.15750 17892.99650 17711.17000 18291.34300 18112.18200 17930.35550 18513.16800 18334.00700 18152.18050 17897.04950 17715.27250 17530.82450 18116.23500 17934.45800 17750.01000 18338.06000 18156.28300 17971.83500
18288.26700 18109.10600 17927.27950 18510.76500 18331.60400 18149.77750 18735.90200 18556.74100 18374.91450 18113.15900 17931.38200 17746.93400 18335.65700 18153.88000 17969.43200 18560.79400 18379.01700 18194.56900 17935.36700 17750.98050 17563.91850 18157.86500 17973.47850 17786.41650 18383.00200 18198.61550 18011.55350
18332.62750 18150.85050 17966.40250 18558.43150 18376.65450 18192.20650 18786.87150 18605.09450 18420.64650 18154.83550 17970.44900 17783.38700 18380.63950 18196.25300 18009.19100 18609.07950 18424.69300 18237.63100 17974.36850 17787.37950 17597.71150 18200.17250 18013.18350 17823.51550 18428.61250 18241.62350 18051.95550
18377.65500 18193.26850 18006.20650 18606.75650 18422.37000 18235.30800 18838.49250 18654.10600 18467.04400 18197.18800 18010.19900 17820.53100 18426.28950 18239.30050 18049.63250 18658.02550 18471.03650 18281.36850 18014.05500 17824.47100 17632.20400 18243.15650 18053.57250 17861.30550 18474.89250 18285.30850 18093.04150
18423.34900 18236.36000 18046.69200 18655.74000 18468.75100 18279.08300 18890.76400 18703.77500 18514.10700 18240.21600 18050.63200 17858.36500 18472.60700 18283.02300 18090.75600 18707.63100 18518.04700 18325.78000 18054.42600 17862.25450 17667.39700 18286.81700 18094.64550 17899.78800 18521.84100 18329.66950 18134.81200
18469.70900 18280.12500 18087.85800 18705.38200 18515.79800 18323.53100 18943.68450 18754.10050 18561.83350 18283.91900 18091.74750 17896.89000 18519.59200 18327.42050 18132.56300 18757.89450 18565.72300 18370.86550 18095.48200 17900.72950 17703.29050 18331.15500 18136.40250 17938.96350 18569.45750 18374.70500 18177.26600
18516.73500 18324.56350 18129.70600 18755.68150 18563.51000 18368.65250 18997.25550 18805.08400 18610.22650 18328.29800 18133.54550 17936.10650 18567.24450 18372.49200 18175.05300 18808.81850 18614.06600 18416.62700 18137.22250 17939.89850 17739.88550 18376.16900 18178.84500 17978.83200 18617.74300 18420.41900 18220.40600
18564.42800 18369.67550 18172.23650 18806.63950 18611.88700 18414.44800 19051.47550 18856.72300 18659.28400 18373.35250 18176.02850 17976.01550 18615.56400 18418.24000 18218.22700 18860.40000 18663.07600 18463.06300 18179.64850 17979.76000 17777.18200 18421.86000 18221.97150 18019.39350 18666.69600 18466.80750 18264.22950
18612.78650 18415.46250 18215.44950 18858.25500 18660.93100 18460.91800 19106.34400 18909.02000 18709.00700 18419.08250 18219.19400 18016.61600 18664.55100 18464.66250 18262.08450 18912.64000 18712.75150 18510.17350 18222.76000 18020.31600 17815.18250 18468.22850 18265.78450 18060.65100 18716.31750 18513.87350 18308.74000
18661.81100 18461.92250 18259.34450 18910.52800 18710.63950 18508.06150 19161.86050 18961.97200 18759.39400 18465.48850 18263.04450 18057.91100 18714.20550 18511.76150 18306.62800 18965.53800 18763.09400 18557.96050 18266.55750 18061.56600 17853.88500 18515.27450 18310.28300 18102.60200 18766.60700 18561.61550 18353.93450
18711.50150 18509.05750 18303.92400 18963.45800 18761.01400 18555.88050 19218.02500 19015.58100 18810.44750 18512.57050 18307.57900 18099.89800 18764.52700 18559.53550 18351.85450 19019.09400 18814.10250 18606.42150 18311.04050 18103.51050 17893.29200 18562.99700 18355.46700 18145.24850 18817.56400 18610.03400 18399.81550
18761.85900 18556.86750 18349.18650 19017.04500 18812.05350 18604.37250 19274.83750 19069.84600 18862.16500 18560.32900 18352.79900 18142.58050 18815.51500 18607.98500 18397.76650 19073.30750 18865.77750 18655.55900 18356.21050 18146.15050 17933.40400 18611.39650 18401.33650 18188.59000 18869.18900 18659.12900 18446.38250
18812.88150 18605.35150 18395.13300 19071.28850 18863.75850 18653.54000 19332.29650 19124.76650 18914.54800 18608.76300 18398.70300 18185.95650 18867.17000 18657.11000 18444.36350 19128.17800 18918.11800 18705.37150 18402.06650 18189.48600 17974.22100 18660.47350 18447.89300 18232.62800 18921.48150 18708.90100 18493.63600
18864.57000 18654.51000 18441.76350 19126.18850 18916.12850 18703.38200 19390.40200 19180.34200 18967.59550 18657.87350 18445.29300 18230.02800 18919.49200 18706.91150 18491.64650 19183.70550 18971.12500 18755.86000 18448.60900 18233.51750 18015.74350 18710.22750 18495.13600 18277.36200 18974.44100 18759.34950 18541.57550
18916.92450 18704.34400 18489.07900 19181.74500 18969.16450 18753.89950 19449.15400 19236.57350 19021.30850 18707.66000 18492.56850 18274.79450 18972.48050 18757.38900 18539.61500 19239.88950 19024.79800 18807.02400 18495.83900 18278.24550 18057.97300 18760.65950 18543.06600 18322.79350 19028.06850 18810.47500 18590.20250
18969.94450 18754.85300 18537.07900 19237.95700 19022.86550 18805.09150 19508.55150 19293.46000 19075.68600 18758.12350 18540.53000 18320.25750 19026.13600 18808.54250 18588.27000 19296.73050 19079.13700 18858.86450 18543.75550 18323.67100 18100.90950 18811.76800 18591.68350 18368.92200 19082.36250 18862.27800 18639.51650
19023.63100 18806.03750 18585.76500 19294.82500 19077.23150 18856.95900 19568.59500 19351.00150 19130.72900 18809.26300 18589.17850 18366.41700 19080.45700 18860.37250 18637.61100 19354.22700 19134.14250 18911.38100 18592.36000 18369.79350 18144.55450 18863.55400 18640.98750 18415.74850 19137.32400 18914.75750 18689.51850
19077.98250 18857.89800 18635.13650 19352.34800 19132.26350 18909.50200 19629.28300 19409.19850 19186.43700 18861.07950 18638.51300 18413.27400 19135.44500 18912.87850 18687.63950 19412.38000 19189.81350 18964.57450 18641.65250 18416.61400 18188.90700 18916.01800 18690.97950 18463.27250 19192.95300 18967.91450 18740.20750
19133.00000 18910.43350 18685.19450 19410.52650 19187.96000 18962.72100 19690.61500 19468.04850 19242.80950 18913.57300 18688.53450 18460.82750 19191.09950 18966.06100 18738.35400 19471.18800 19246.14950 19018.44250 18691.63300 18464.13300 18233.96950 18969.15950 18741.65950 18511.49600 19249.24800 19021.74800 18791.58450
19188.68300 18963.64450 18735.93750 19469.36100 19244.32250 19016.61550 19752.59300 19527.55450 19299.84750 18966.74300 18739.24300 18509.07950 19247.42100 19019.92100 18789.75750 19530.65300 19303.15300 19072.98950 18742.30150 18512.35050 18279.74050 19022.97950 18793.02850 18560.41850 19306.21150 19076.26050 18843.65050
19245.03250 19017.53250 18787.36900 19528.85050 19301.35050 19071.18700 19815.21400 19587.71400 19357.55050 19020.59100 18790.64000 18558.03000 19304.40900 19074.45800 18841.84800 19590.77250 19360.82150 19128.21150 18793.65950 18561.26800 18326.22300 19077.47750 18845.08600 18610.04100 19363.84100 19131.44950 18896.40450
19302.04700 19072.09600 18839.48600 19588.99400 19359.04300 19126.43300 19878.47900 19648.52800 19415.91800 19075.11550 18842.72400 18607.67900 19362.06250 19129.67100 18894.62600 19651.54750 19419.15600 19184.11100 18845.70550 18610.88450 18373.41600 19132.65250 18897.83150 18660.36300 19422.13750 19187.31650 18949.84800
19359.72800 19127.33650 18892.29150 19649.79300 19417.40150 19182.35650 19942.38750 19709.99600 19474.95100 19130.31800 18895.49700 18658.02850 19420.38300 19185.56200 18948.09350 19712.97750 19478.15650 19240.68800 18898.44100 18661.20200 18421.32100 19188.50600 18951.26700 18711.38600 19481.10050 19243.86150 19003.98050
19418.07400 19183.25300 18945.78450 19711.24550 19476.42450 19238.95600 20006.93850 19772.11750 19534.64900 19186.19700 18948.95800 18709.07700 19479.36850 19242.12950 19002.24850 19775.06150 19537.82250 19297.94150 18951.86600 18712.21950 18469.93750 19245.03750 19005.39100 18763.10900 19540.73050 19301.08400 19058.80200
19477.08500 19239.84600 18999.96500 19773.35200 19536.11300 19296.23200 20072.13200 19834.89300 19595.01200 19242.75400 19003.10750 18760.82550 19539.02100 19299.37450 19057.09250 19837.80100 19598.15450 19355.87250 19005.98050 18763.93800 18519.26650 19302.24750 19060.20500 18815.53350 19601.02750 19358.98500 19114.31350
19536.76250 19297.11600 19054.83400 19836.11350 19596.46700 19354.18500 20137.96850 19898.32200 19656.04000 19299.98900 19057.94650 18813.27500 19599.34000 19357.29750 19112.62600 19901.19500 19659.15250 19414.48100 19060.78450 18816.35750 18569.30950 19360.13550 19115.70850 18868.66050 19661.99050 19417.56350 19170.51550
19597.10550 19355.06300 19110.39150 19899.52900 19657.48650 19412.81500 20204.44700 19962.40450 19717.73300 19357.90100 19113.47400 18866.42600 19660.32450 19415.89750 19168.84950 19965.24250 19720.81550 19473.76750 19116.27950 18869.48000 18620.06700 19418.70300 19171.90350 18922.49050 19723.62100 19476.82150 19227.40850
19658.11300 19413.68600 19166.63800 19963.59750 19719.17050 19472.12250 20271.56600 20027.13900 19780.09100 19416.49150 19169.69200 18920.27900 19721.97600 19475.17650 19225.76350 20029.94450 19783.14500 19533.73200 19172.46350 18923.30400 18671.53750 19477.94800 19228.78850 18977.02200 19785.91650 19536.75700 19284.99050
19719.78750 19472.98800 19223.57500 20028.32000 19781.52050 19532.10750 20339.32700 20092.52750 19843.11450 19475.75950 19226.60000 18974.83350 19784.29200 19535.13250 19283.36600 20095.29900 19846.13950 19594.37300 19229.34000 18977.83200 18723.72500 19537.87250 19286.36450 19032.25750 19848.87950 19597.37150 19343.26450
19782.12600 19532.96650 19281.20000 20093.69450 19844.53500 19592.76850 20407.72800 20158.56850 19906.80200 19535.70650 19284.19850 19030.09150 19847.27500 19595.76700 19341.66000 20161.30850 19909.80050 19655.69350 19286.90650 19033.06250 18776.62750 19598.47500 19344.63100 19088.19600 19912.50850 19658.66450 19402.22950
19845.13150 19593.62350 19339.51650 20159.72400 19908.21600 19654.10900 20476.77050 20225.26250 19971.15550 19596.33150 19342.48750 19086.05250 19910.92400 19657.08000 19400.64500 20227.97050 19974.12650 19717.69150 19345.16500 19088.99700 18830.24700 19659.75750 19403.58950 19144.83950 19976.80400 19720.63600 19461.88600
19908.80150 19654.95750 19398.52250 20226.40550 19972.56150 19716.12650 20546.45350 20292.60950 20036.17450 19657.63500 19401.46700 19142.71700 19975.23900 19719.07100 19460.32100 20295.28700 20039.11900 19780.36900 19404.11500 19145.63550 18884.58300 19721.71900 19463.23950 19202.18700 20041.76700 19783.28750 19522.23500
19973.13750 19716.96950 19458.21950 20293.74050 20037.57250 19778.82250 20616.77600 20360.60800 20101.85800 19719.61750 19461.13800 19200.08550 20040.22050 19781.74100 19520.68850 20363.25600 20104.77650 19843.72400 19463.75700 19202.97900 18939.63700 19784.36000 19523.58200 19260.24000 20107.39550 19846.61750 19583.27550
20038.13950 19779.66000 19518.60750 20361.72850 20103.24900 19842.19650 20687.73850 20429.25900 20168.20650 19782.27900 19521.50100 19258.15900 20105.86800 19845.09000 19581.74800 20431.87800 20171.10000 19907.75800 19524.09150 19261.02750 18995.41000 19847.68050 19584.61650 19318.99900 20173.69050 19910.62650 19645.00900
20103.80650 19843.02850 19579.68650 20430.36850 20169.59050 19906.24850 20759.34050 20498.56250 20235.22050 19845.61900 19582.55500 19316.93750 20172.18100 19909.11700 19643.49950 20501.15300 20238.08900 19972.47150 19585.11800 19319.78150 19051.90100 19911.68000 19646.34350 19378.46300 20240.65200 19975.31550 19707.43500
20170.13950 19907.07550 19641.45800 20499.66100 20236.59700 19970.97950 20831.58100 20568.51700 20302.89950 19909.63850 19644.30200 19376.42150 20239.16000 19973.82350 19705.94300 20571.08000 20305.74350 20037.86300 19646.83750 19379.24200 19109.11250 19976.35900 19708.76350 19438.63400 20308.27900 20040.68350 19770.55400
20237.13750 19971.80100 19703.92050 20569.60600 20304.26950 20036.38900 20904.46100 20639.12450 20371.24400 19974.33650 19706.74100 19436.61150 20306.80500 20039.20950 19769.08000 20641.66000 20374.06450 20103.93500 19709.25000 19439.40850 19167.04300 20041.71850 19771.87700 19499.51150 20376.57350 20106.73200 19834.36650
20304.80150 20037.20600 19767.07650 20640.20250 20372.60700 20102.47750 20977.97900 20710.38350 20440.25400 20039.71500 19769.87350 19497.50800 20375.11600 20105.27450 19832.90900 20712.89250 20443.05100 20170.68550 19772.35650 19500.28300 19225.69600 20107.75750 19835.68400 19561.09700 20445.53400 20173.46050 19898.87350
20373.13100 20103.28950 19830.92400 20711.45150 20441.61000 20169.24450 21052.13550 20782.29400 20509.92850 20105.77250 19833.69900 19559.11200 20444.09300 20172.01950 19897.43250 20784.77700 20512.70350 20238.11650 19836.15650 19561.86400 19285.06900 20174.47700 19900.18450 19623.38950 20515.16100 20240.86850 19964.07350
20442.12650 20170.05300 19895.46600 20783.35250 20511.27900 20236.69200 21126.92950 20854.85600 20580.26900 20172.51050 19898.21800 19621.42300 20513.73650 20239.44400 19962.64900 20857.31350 20583.02100 20306.22600 19900.65050 19624.15400 19345.16500 20241.87650 19965.38000 19686.39100 20585.45350 20308.95700 20029.96800
20511.78700 20237.49450 19960.69950 20855.90500 20581.61250 20304.81750 21202.36150 20928.06900 20651.27400 20239.92700 19963.43050 19684.44150 20584.04500 20307.54850 20028.55950 20930.50150 20654.00500 20375.01600 19965.83850 19687.15050 19405.98300 20309.95650 20031.26850 19750.10100 20656.41300 20377.72500 20096.55750
20582.11350 20305.61700 20026.62800 20929.10900 20652.61250 20373.62350 21278.43050 21001.93400 20722.94500 20308.02500 20029.33700 19748.16950 20655.02050 20376.33250 20095.16500 21004.34200 20725.65400 20444.48650 20031.72150 19750.85800 19467.52550 20378.71700 20097.85350 19814.52100 20728.03850 20447.17500 20163.84250
20653.10550 20374.41750 20093.25000 21002.96500 20724.27700 20443.10950 21355.13700 21076.44900 20795.28150 20376.80200 20095.93850 19812.60600 20726.66150 20445.79800 20162.46550 21078.83350 20797.97000 20514.63750 20098.29950 19815.27350 19529.79050 20448.15900 20165.13300 19879.65000 20800.33100 20517.30500 20231.82200
20724.76350 20443.90000 20160.56750 21077.47150 20796.60800 20513.27550 21432.47950 21151.61600 20868.28350 20446.26100 20163.23500 19877.75200 20798.96900 20515.94300 20230.46000 21153.97700 20870.95100 20585.46800 20165.57350 19880.40000 19592.78100 20518.28150 20233.10800 19945.48900 20873.28950 20588.11600 20300.49700
20797.08700 20514.06100 20228.57800 21152.63000 20869.60400 20584.12100 21510.45950 21227.43350 20941.95050 20516.39950 20231.22600 19943.60700 20871.94250 20586.76900 20299.15000 21229.77200 20944.59850 20656.97950 20233.54200 19946.23600 19656.49650 20589.08500 20301.77900 20012.03950 20946.91450 20659.60850 20369.86900
20870.07650 20584.90300 20297.28400 21228.43900 20943.26550 20655.64650 21589.07550 21303.90200 21016.28300 20587.21900 20299.91300 20010.17350 20945.58150 20658.27550 20368.53600 21306.21800 21018.91200 20729.17250 20302.20700 20012.78250 19720.93800 20660.56950 20371.14500 20079.30050 21021.20600 20731.78150 20439.93700
20943.73150 20656.42550 20366.68600 21304.89950 21017.59350 20727.85400 21668.32650 21381.02050 21091.28100 20658.71950 20369.29500 20077.45050 21019.88750 20730.46300 20438.61850 21383.31450 21093.89000 20802.04550 20371.56750 20080.04050 19786.10550 20732.73550 20441.20850 20147.27350 21096.16250 20804.63550 20510.70050
21018.05250 20728.62800 20436.78350 21382.01050 21092.58600 20800.74150 21748.21400 21458.78950 21166.94500 20730.90050 20439.37350 20145.43850 21094.85850 20803.33150 20509.39650 21461.06200 21169.53500 20875.60000 20441.62550 20148.01050 19852.00050 20805.58350 20511.96850 20215.95850 21171.78700 20878.17200 20582.16200
21093.03850 20801.51150 20507.57650 21459.77150 21168.24450 20874.30950 21828.73600 21537.20900 21243.27400 20803.76350 20510.14850 20214.13850 21170.49650 20876.88150 20580.87150 21539.46100 21245.84600 20949.83600 20512.37950 20216.69250 19918.62300 20879.11250 20583.42550 20285.35600 21248.07700 20952.39000 20654.32050
21168.69150 20875.07650 20579.06650 21538.18450 21244.56950 20948.55950 21909.89500 21616.28000 21320.27000 20877.30750 20581.62050 20283.55100 21246.80050 20951.11350 20653.04400 21618.51100 21322.82400 21024.75450 20583.83150 20286.08700 19985.97450 20953.32450 20655.58000 20355.46750 21325.03500 21027.29050 20727.17800
21245.01000 20949.32300 20651.25350 21617.24650 21321.55950 21023.49000 21991.68700 21696.00000 21397.93050 20951.53400 20653.78950 20353.67700 21323.77050 21026.02600 20725.91350 21698.21100 21400.46650 21100.35400 20655.98100 20356.19550 20054.05450 21028.21750 20728.43200 20426.29100 21402.65800 21102.87250 20800.73150
21321.99450 21024.25000 20724.13750 21696.96000 21399.21550 21099.10300 22074.11450 21776.37000 21476.25750 21026.44150 20726.65600 20424.51500 21401.40700 21101.62150 20799.48050 21778.56150 21478.77600 21176.63500 20728.82800 20427.01600 20122.86400 21103.79350 20801.98150 20497.82950 21480.94800 21179.13600 20874.98400
21399.64500 21099.85950 20797.71850 21777.32350 21477.53800 21175.39700 22157.17600 21857.39050 21555.24950 21102.03150 20800.21950 20496.06750 21479.71000 21177.89800 20873.74600 21859.56250 21557.75050 21253.59850 20802.37300 20498.55200 20192.40350 21180.05150 20876.23050 20570.08200 21559.90400 21256.08300 20949.93450
21477.96150 21176.14950 20871.99750 21858.33700 21556.52500 21252.37300 22240.87200 21939.06000 21634.90800 21178.30300 20874.48200 20568.33350 21558.67850 21254.85750 20948.70900 21941.21350 21637.39250 21331.24400 20876.61650 20570.80200 20262.67450 21256.99200 20951.17750 20643.05000 21639.52700 21333.71250 21025.58500
21556.94400 21253.12300 20946.97450 21940.00050 21636.17950 21330.03100 22325.20150 22021.38050 21715.23200 21255.25750 20949.44300 20641.31550 21638.31400 21332.49950 21024.37200 22023.51500 21717.70050 21409.57300 20951.56000 20643.76750 20333.67700 21334.61650 21026.82400 20716.73350 21719.81750 21412.02500 21101.93450
21636.59200 21330.77750 21022.65000 22022.31350 21716.49900 21408.37150 22410.16400 22104.34950 21796.22200 21332.89450 21025.10200 20715.01150 21718.61600 21410.82350 21100.73300 22106.46650 21798.67400 21488.58350 21027.20100 20717.44800 20405.41100 21412.92250 21103.16950 20791.13250 21800.77300 21491.02000 21178.98300
21716.90750 21409.11500 21099.02450 22105.27750 21797.48500 21487.39450 22495.76150 22187.96900 21877.87850 21411.21400 21101.46100 20789.42400 21799.58400 21489.83100 21177.79400 22190.06800 21880.31500 21568.27800 21103.54250 20791.84550 20477.87900 21491.91250 21180.21550 20866.24900 21882.39650 21570.69950 21256.73300
21797.88800 21488.13500 21176.09800 22188.89050 21879.13750 21567.10050 22581.99050 22272.23750 21960.20050 21490.21650 21178.51950 20864.55300 21881.21900 21569.52200 21255.55550 22274.31900 21962.62200 21648.65550 21180.58350 20866.95850 20551.07900 21571.58600 21257.96100 20942.08150 21964.68600 21651.06100 21335.18150
21879.53550 21567.83850 21253.87200 22273.15300 21961.45600 21647.48950 22668.85300 22357.15600 22043.18950 21569.90250 21256.27750 20940.39800 21963.52000 21649.89500 21334.01550 22359.22000 22045.59500 21729.71550 21258.32500 20942.78900 20625.01450 21651.94250 21336.40650 21018.63200 22047.64250 21732.10650 21414.33200
21961.84900 21648.22400 21332.34450 22358.06550 22044.44050 21728.56100 22756.34800 22442.72300 22126.84350 21650.27150 21334.73550 21016.96100 22046.48800 21730.95200 21413.17750 22444.77050 22129.23450 21811.46000 21336.76700 21019.33700 20699.68400 21732.98350 21415.55350 21095.90050 22131.26600 21813.83600 21494.18300
22044.82850 21729.29250 21411.51800 22443.62650 22128.09050 21810.31600 22844.47500 22528.93900 22211.16450 21731.32400 21413.89400 21094.24100 22130.12200 21812.69200 21493.03900 22530.97050 22213.54050 21893.88750 21415.90950 21096.60350 20775.08850 21814.70750 21495.40150 21173.88650 22215.55600 21896.25000 21574.73500
22128.47500 21811.04500 21491.39200 22529.83800 22212.40800 21892.75500 22933.23450 22615.80450 22296.15150 21813.06050 21493.75450 21172.23950 22214.42350 21895.11750 21573.60250 22617.82000 22298.51400 21976.99900 21495.75350 21174.58800 20851.23000 21897.11650 21575.95100 21252.59300 22300.51300 21979.34750 21655.98950
22212.78800 21893.48200 21571.96700 22616.69800 22297.39200 21975.87700 23022.62600 22703.32000 22381.80500 21895.48100 21574.31550 21250.95750 22299.39100 21978.22550 21654.86750 22705.31900 22384.15350 22060.79550 21576.29900 21253.29150 20928.10800 21980.20900 21657.20150 21332.01800 22386.13700 22063.12950 21737.94600
22297.76700 21976.60150 21653.24350 22704.20750 22383.04200 22059.68400 23112.64900 22791.48350 22468.12550 21978.58500 21655.57750 21330.39400 22385.02550 22062.01800 21736.83450 22793.46700 22470.45950 22145.27600 21657.54650 21332.71450 21005.72250 22063.98700 21739.15500 21412.16300 22472.42850 22147.59650 21820.60450
22383.41250 22060.40500 21735.22150 22792.36600 22469.35850 22144.17500 23203.30300 22880.29550 22555.11200 22062.37400 21737.54200 21410.55000 22471.32750 22146.49550 21819.50350 22882.26450 22557.43250 22230.44050 21739.49550 21412.85750 21084.07550 22148.44900 21821.81100 21493.02900 22559.38600 22232.74800 21903.96600
22469.72550 22144.89350 21817.90150 22881.17350 22556.34150 22229.34950 23294.58900 22969.75700 22642.76500 22146.84700 21820.20900 21491.42700 22558.29500 22231.65700 21902.87500 22971.71050 22645.07250 22316.29050 21822.14800 21493.72150 21163.16700 22233.59600 21905.16950 21574.61500 22647.01150 22318.58500 21988.03050
22556.70400 22230.06600 21901.28400 22970.62950 22643.99150 22315.20950 23386.50500 23059.86700 22731.08500 22232.00500 21903.57850 21573.02400 22645.93050 22317.50400 21986.94950 23061.80600 22733.37950 22402.82500 21905.50300 21575.30600 21242.99750 22319.42850 21989.23150 21656.92300 22735.30400 22405.10700 22072.79850
22644.35050 22315.92400 21985.36950 23060.73500 22732.30850 22401.75400 23479.05200 23150.62550 22820.07100 22317.84850 21987.65150 21655.34300 22734.23300 22404.03600 22071.72750 23152.55000 22822.35300 22490.04450 21989.56200 21657.61250 21323.56900 22405.94650 22073.99700 21739.95350 22824.26350 22492.31400 22158.27050
22732.66300 22402.46600 22070.15750 23151.48850 22821.29150 22488.98300 23572.22950 23242.03250 22909.72400 22404.37650 22072.42700 21738.38350 22823.20200 22491.25250 22157.20900 23243.94300 22911.99350 22577.95000 22074.32400 21740.64050 21404.88000 22493.14950 22159.46600 21823.70550 22913.89050 22580.20700 22244.44650
22821.64250 22489.69300 22155.64950 23242.89100 22910.94150 22576.89800 23666.03750 23334.08800 23000.04450 22491.59000 22157.90650 21822.14600 22912.83850 22579.15500 22243.39450 23335.98500 23002.30150 22666.54100 22159.79000 21824.39100 21486.93300 22581.03850 22245.63950 21908.18150 23004.18500 22668.78600 22331.32800
22911.28950 22577.60600 22241.84550 23334.94250 23001.25900 22665.49850 23760.47550 23426.79200 23091.03150 22579.48950 22244.09050 21906.63250 23003.14250 22667.74350 22330.28550 23428.67550 23093.27650 22755.81850 22245.96150 21908.86550 21569.72750 22669.61450 22332.51850 21993.38050 23095.14750 22758.05150 22418.91350
23001.60300 22666.20400 22328.74600 23427.64200 23092.24300 22754.78500 23855.54300 23520.14400 23182.68600 22668.07500 22330.97900 21991.84100 23094.11400 22757.01800 22417.88000 23522.01500 23184.91900 22845.78100 22332.83650 21994.06250 21653.26450 22758.87550 22420.10150 22079.30350 23186.77650 22848.00250 22507.20450
23092.58450 22755.48850 22416.35050 23520.99100 23183.89500 22844.75700 23951.24100 23614.14500 23275.00700 22757.34600 22418.57200 22077.77400 23185.75250 22846.97850 22506.18050 23616.00250 23277.22850 22936.43050 22420.41700 22079.98450 21737.54500 22848.82350 22508.39100 22165.95150 23279.07350 22938.64100 22596.20150
23184.23250 22845.45850 22504.66050 23614.98700 23276.21300 22935.41500 24047.56750 23708.79350 23367.99550 22847.30350 22506.87100 22164.43150 23278.05800 22937.62550 22595.18600 23710.63850 23370.20600 23027.76650 22508.70300 22166.63050 21822.56950 22939.45750 22597.38500 22253.32400 23372.03800 23029.96550 22685.90450
23276.54800 22936.11550 22593.67600 23709.63200 23369.19950 23026.76000 24144.52350 23804.09100 23461.65150 22937.94750 22595.87500 22251.81400 23371.03150 23028.95900 22684.89800 23805.92300 23463.85050 23119.78950 22597.69550 22254.00200 21908.33800 23030.77950 22687.08600 22341.42200 23465.67100 23121.97750 22776.31350
23369.53050 23027.45800 22683.39700 23804.92500 23462.85250 23118.79150 24242.10800 23900.03550 23555.97450 23029.27850 22685.58500 22339.92100 23464.67300 23120.97950 22775.31550 23901.85600 23558.16250 23212.49850 22687.39300 22342.09900 21994.85200 23122.78750 22777.49350 22430.24650 23559.97050 23214.67650 22867.42950
23463.18100 23119.48750 22773.82350 23900.86700 23557.17350 23211.50950 24340.32250 23996.62900 23650.96500 23121.29550 22776.00150 22428.75450 23558.98150 23213.68750 22866.44050 23998.43700 23653.14300 23305.89600 22777.79750 22430.92150 22082.11150 23215.48350 22868.60750 22519.79750 23654.93900 23308.06300 22959.25300
23557.49850 23212.20450 22864.95750 23997.45550 23652.16150 23304.91450 24439.16350 24093.86950 23746.62250 23214.00050 22867.12450 22518.31450 23653.95750 23307.08150 22958.27150 24095.66550 23748.78950 23399.97950 22868.90950 22520.47200 22170.11800 23308.86650 22960.42900 22610.07500 23750.57450 23402.13700 23051.78300
23652.48350 23305.60750 22956.79750 24094.69350 23747.81750 23399.00750 24538.63400 24191.75800 23842.94800 23307.39250 22958.95500 22608.60100 23749.60250 23401.16500 23050.81100 24193.54300 23845.10550 23494.75150 22960.72800 22610.74800 22258.87150 23402.93800 23052.95800 22701.08150 23846.87850 23496.89850 23145.02200
23748.13700 23399.69950 23049.34550 24192.57900 23844.14150 23493.78750 24638.73300 24290.29550 23939.94150 23401.47250 23051.49250 22699.61600 23845.91450 23495.93450 23144.05800 24292.06850 23942.08850 23590.21200 23053.25500 22701.75300 22348.37350 23497.69700 23146.19500 22792.81550 23943.85100 23592.34900 23238.96950
23844.45750 23494.47750 23142.60100 24291.11200 23941.13200 23589.25550 24739.45900 24389.47900 24037.60250 23496.24000 23144.73800 22791.35850 23942.89450 23591.39250 23238.01300 24391.24150 24039.73950 23686.36000 23146.48950 22793.48600 22438.62350 23593.14400 23240.14050 22885.27800 24041.49100 23688.48750 23333.62500
23941.44600 23589.94400 23236.56450 24390.29300 24038.79100 23685.41150 24840.81350 24489.31150 24135.93200 23591.69550 23238.69200 22883.82950 24040.54250 23687.53900 23332.67650 24491.06300 24138.05950 23783.19700 23240.43300 22885.94700 22529.62300 23689.28000 23334.79400 22978.47000 24139.80050 23785.31450 23428.99050
24039.10250 23686.09900 23331.23650 24490.12200 24137.11850 23782.25600 24942.79550 24589.79200 24234.92950 23687.84000 23333.35400 22977.03000 24138.85950 23784.37350 23428.04950 24591.53300 24237.04700 23880.72300 23335.08500 22979.13800 22621.37200 23786.10450 23430.15750 23072.39150 24238.77800 23882.83100 23525.06500
24137.42750 23782.94150 23426.61750 24590.59900 24236.11300 23879.78900 25045.40500 24690.91900 24334.59500 23784.67250 23428.72550 23070.95950 24237.84400 23881.89700 23524.13100 24692.65000 24336.70300 23978.93700 23430.44600 23073.05900 22713.87200 23883.61750 23526.23050 23167.04350 24338.42350 23981.03650 23621.84950
24236.42050 23880.47350 23522.70750 24691.72400 24335.77700 23978.01100 25148.64100 24792.69400 24434.92800 23882.19400 23524.80700 23165.62000 24337.49750 23980.11050 23620.92350 24794.41450 24437.02750 24077.84050 23526.51700 23167.71000 22807.12300 23981.82050 23623.01350 23262.42650 24438.73750 24079.93050 23719.34350
24336.08100 23978.69400 23619.50700 24793.49550 24436.10850 24076.92150 25252.50400 24895.11700 24535.93000 23980.40400 23621.59700 23261.01000 24437.81850 24079.01150 23718.42450 24896.82700 24538.02000 24177.43300 23623.29750 23263.09150 22901.12600 24080.71200 23720.50600 23358.54050 24539.72050 24179.51450 23817.54900
24436.41050 24077.60350 23717.01650 24895.91550 24537.10850 24176.52150 25356.99400 24998.18700 24637.60000 24079.30400 23719.09800 23357.13250 24538.80900 24178.60300 23816.63750 24999.88750 24639.68150 24277.71600 23720.78900 23359.20550 22995.88150 24180.29400 23818.71050 23455.38650 24641.37250 24279.78900 23916.46500
24537.40850 24177.20250 23815.23700 24998.98300 24638.77700 24276.81150 25462.11000 25101.90400 24739.93850 24178.89350 23817.31000 23453.98600 24640.46800 24278.88450 23915.56050 25103.59500 24742.01150 24378.68750 23818.99150 23456.05050 23091.39050 24280.56600 23917.62500 23552.96500 24743.69300 24380.75200 24016.09200
24639.07500 24277.49150 23914.16750 25102.69800 24741.11450 24377.79050 25567.85350 25206.27000 24842.94600 24279.17300 23916.23200 23551.57200 24742.79600 24379.85500 24015.19500 25207.95150 24845.01050 24480.35050 23917.90450 23553.62850 23187.65350 24381.52750 24017.25150 23651.27650 24846.68300 24482.40700 24116.43200
24741.41000 24378.46900 24013.80900 25207.06050 24844.11950 24479.45950 25674.22250 25311.28150 24946.62150 24380.14150 24015.86550 23649.89050 24845.79200 24481.51600 24115.54100 25312.95400 24948.67800 24582.70300 24017.52900 23651.93900 23284.67100 24483.17950 24117.58950 23750.32150 24950.34150 24584.75150 24217.48350
24844.41400 24480.13800 24114.16300 25312.07050 24947.79450 24581.81950 25781.21750 25416.94150 25050.96650 24481.80150 24116.21150 23748.94350 24949.45800 24583.86800 24216.60000 25418.60500 25053.01500 24685.74700 24117.86600 23750.98400 23382.44400 24585.52250 24218.64050 23850.10050 25054.66950 24687.78750 24319.24750
24948.08650 24582.49650 24215.22850 25417.72800 25052.13800 24684.87000 25888.83850 25523.24850 25155.98050 24584.15100 24217.26900 23848.72900 25053.79250 24686.91050 24318.37050 25524.90300 25158.02100 24789.48100 24218.91500 23850.76200 23480.97300 24688.55650 24320.40350 23950.61450 25159.66700 24791.51400 24421.72500
25052.42800 24685.54600 24317.00600 25524.03250 25157.15050 24788.61050 25997.08500 25630.20300 25261.66300 24687.19200 24319.03900 23949.25000 25158.79650 24790.64350 24420.85450 25631.84900 25263.69600 24893.90700 24320.67650 23951.27550 23580.25900 24792.28100 24422.88000 24051.86350 25265.33350 24895.93250 24524.91600
25157.43900 24789.28600 24419.49700 25630.98450 25262.83150 24893.04250 26105.95700 25737.80400 25368.01500 24790.92350 24421.52250 24050.50600 25264.46900 24895.06800 24524.05150 25739.44150 25370.04050 24999.02400 24423.15150 24052.52350 23680.30200 24896.69700 24526.06900 24153.84750 25371.66950 25001.04150 24628.82000
25263.11850 24893.71750 24522.70100 25738.58350 25369.18250 24998.16600 26215.45400 25846.05300 25475.03650 24895.34650 24524.71850 24152.49700 25370.81150 25000.18350 24627.96200 25847.68200 25477.05400 25104.83250 24526.34000 24154.50800 23781.10350 25001.80500 24629.97300 24256.56850 25478.67550 25106.84350 24733.43900
25369.46850 24998.84050 24626.61900 25846.83050 25476.20250 25103.98100 26325.57650 25954.94850 25582.72700 25000.46200 24628.63000 24255.22550 25477.82400 25105.99200 24732.58750 25956.57000 25584.73800 25211.33350 24630.24300 24257.22950 23882.66450 25107.60500 24734.59150 24360.02650 25586.35100 25213.33750 24838.77250
25476.48700 25104.65500 24731.25050 25955.72450 25583.89250 25210.48800 26436.32350 26064.49150 25691.08700 25106.26800 24733.25450 24358.68950 25585.50550 25212.49200 24837.92700 26066.10450 25693.09100 25318.52600 24734.85950 24360.68650 23984.98400 25214.09700 24839.92400 24464.22150 25694.69600 25320.52300 24944.82050
25584.17500 25211.16150 24836.59650 26065.26550 25692.25200 25317.68700 26547.69600 26174.68250 25800.11750 25212.76650 24838.59350 24462.89100 25693.85700 25319.68400 24943.98150 26176.28750 25802.11450 25426.41200 24840.19100 24464.88100 24088.06400 25321.28150 24945.97150 24569.15450 25803.71200 25428.40200 25051.58500
25692.53300 25318.36000 24942.65750 26175.45350 25801.28050 25425.57800 26659.69250 26285.51950 25909.81700 25319.95750 24944.64750 24567.83050 25802.87800 25427.56800 25050.75100 26287.11700 25911.80700 25534.99000 24946.23800 24569.81400 24191.90500 25429.15850 25052.73450 24674.82550 25913.39750 25536.97350 25159.06450
25801.56050 25426.25050 25049.43350 26286.28950 25910.97950 25534.16250 26772.31350 26397.00350 26020.18650 25427.84100 25051.41700 24673.50800 25912.57000 25536.14600 25158.23700 26398.59400 26022.17000 25644.26100 25053.00050 24675.48550 24296.50750 25537.72950 25160.21450 24781.23650 26023.75350 25646.23850 25267.26050
25911.25800 25534.83400 25156.92500 26397.77250 26021.34850 25643.43950 26885.55900 26509.13500 26131.22600 25536.41750 25158.90250 24779.92450 26022.93200 25645.41700 25266.43900 26510.71850 26133.20350 25754.22550 25160.47850 24781.89500 24401.87200 25646.99300 25268.40950 24888.38650 26134.77950 25756.19600 25376.17300
26021.62600 25644.11100 25265.13300 26509.90250 26132.38750 25753.40950 26999.42850 26621.91350 26242.93550 25645.68700 25267.10350 24887.08050 26133.96350 25755.38000 25375.35700 26623.48950 26244.90600 25864.88300 25268.67350 24889.04550 24508.00050 25756.95000 25377.32200 24996.27700 26246.47600 25866.84800 25485.80300
26132.66400 25754.08050 25374.05750 26622.67950 26244.09600 25864.07300 27113.92200 26735.33850 26355.31550 25755.65050 25376.02250 24994.97750 26245.66600 25866.03800 25484.99300 26736.90850 26357.28050 25976.23550 25377.58500 24996.93650 24614.89200 25867.60050 25486.95200 25104.90750 26358.84300 25978.19450 25596.15000
26244.37200 25864.74400 25483.69900 26736.10350 26356.47550 25975.43050 27229.03950 26849.41150 26468.36650 25866.30650 25485.65800 25103.61350 26358.03800 25977.38950 25595.34500 26850.97400 26470.32550 26088.28100 25487.21350 25105.56650 24722.54850 25978.94500 25597.29800 25214.28000 26471.88100 26090.23400 25707.21600
26356.75000 25976.10150 25594.05700 26850.17450 26469.52600 26087.48150 27344.78000 26964.13150 26582.08700 25977.65700 25596.01000 25212.99200 26471.08150 26089.43450 25706.41650 26965.68700 26584.04000 26201.02200 25597.56000 25214.93950 24830.96950 26090.98450 25708.36400 25324.39400 26585.59000 26202.96950 25818.99950
26469.79900 26088.15200 25705.13400 26964.89250 26583.24550 26200.22750 27461.14400 27079.49700 26696.47900 26089.70200 25707.08150 25323.11150 26584.79550 26202.17500 25818.20500 27081.04700 26698.42650 26314.45650 25708.62450 25325.05350 24940.15650 26203.71800 25820.14700 25435.25000 26699.96950 26316.39850 25931.50150
26583.51900 26200.89850 25816.92850 27080.25800 26697.63750 26313.66750 27578.13150 27195.51100 26811.54100 26202.44150 25818.87050 25433.97350 26699.18050 26315.60950 25930.71250 27197.05400 26813.48300 26428.58600 25820.40750 25435.91000 25050.11100 26317.14650 25932.64900 25546.85000 26815.02000 26430.52250 26044.72350
26697.90950 26314.33850 25929.44150 27196.27050 26812.69950 26427.80250 27695.74250 27312.17150 26927.27450 26315.87550 25931.37800 25545.57900 26814.23650 26429.73900 26043.94000 27313.70850 26929.21100 26543.41200 25932.90950 25547.51000 25160.83200 26431.27050 26045.87100 25659.19300 26930.74250 26545.34300 26158.66500
26812.97050 26428.47300 26042.67400 27312.92900 26928.43150 26542.63250 27813.97600 27429.47850 27043.67950 26430.00450 26044.60500 25657.92700 26929.96300 26544.56350 26157.88550 27431.01000 27045.61050 26658.93250 26046.13050 25659.85350 25272.32100 26546.08900 26159.81200 25772.27950 27047.13600 26660.85900 26273.32650
26928.70300 26543.30350 26156.62550 27430.23600 27044.83650 26658.15850 27932.83250 27547.43300 27160.75500 26544.82900 26158.55200 25771.01950 27046.36200 26660.08500 26272.55250 27548.95850 27162.68150 26775.14900        nan        nan        nan        nan        nan        nan        nan        nan        nan
