       nan        nan        nan        nan        nan        nan        nan        nan        nan  593.65438        nan        nan        nan        nan        nan        nan        nan        nan  593.75140  595.25671        nan        nan        nan        nan        nan        nan        nan
 593.53835        nan        nan  592.15535        nan        nan        nan        nan        nan  593.63533  595.14006        nan  592.25188  593.74959        nan        nan        nan        nan  593.82948  595.34682  596.61550  592.44512  593.95538  595.21813        nan        nan        nan
 593.40308  594.90663        nan  592.00222  593.49867        nan  590.84979  592.34040        nan  593.59708  595.11323  596.38091  592.19530  593.70429  594.96597  591.04212  592.54522  593.80198  593.88855  595.42363  596.72262  592.48540  594.01323  595.30606  591.33109  592.85296  594.14074
 593.24817  594.76253  596.02872  591.82026  593.32733  594.58741  590.62097  592.12193  593.37689  593.53930  595.07257  596.37003  592.10999  593.63588  594.92707  590.90952  592.42922  593.71516  593.92834  595.48685  596.82485  592.49716  594.04816  595.37969  591.29512  592.83983  594.16594
 593.07311  594.60397  595.89938  591.60912  593.13242  594.42142  590.35069  591.86752  593.15102  593.46154  595.01760  596.35349  591.99563  593.54400  594.87328  590.73557  592.27734  593.60094  593.94838  595.53599  596.92079  592.48007  594.05982  595.43776  591.21794  592.79096  594.16301
 592.87738  594.43038  595.76363  591.36852  592.91361  594.24005  590.04075  591.57890  592.89937  593.36326  594.94774  596.32980  591.85193  593.42833  594.80334  590.52199  592.09131  593.46012  593.94824  595.57043  597.00894  592.43393  594.04784  595.47900  591.10137  592.70803  594.13273
 592.66038  594.24110  595.61988  591.09838  592.67077  594.04227  589.69298  591.25789  592.62285  593.24397  594.86231  596.29739  591.67890  593.28870  594.71620  590.27074  591.87288  593.29356  593.92739  595.58948  597.08766  592.35872  594.01203  595.50228  590.94733  592.59275  594.07588
 592.42161  594.03546  595.46655  590.79882  592.40383  593.82707  589.30919  590.90610  592.32214  593.10314  594.76061  596.25462  591.47662  593.12500  594.61080  589.98357  591.62363  593.10190  593.88531  595.59233  597.15534  592.25451  593.95215  595.50655  590.75753  592.44660  593.99311
 592.16066  593.81286  595.30211  590.47017  592.11294  593.59366  588.89109  590.52507  591.99786  592.94035  594.64193  596.19995  591.24541  592.93727  594.48635  589.66219  591.34499  592.88575  593.82151  595.57821  597.21042  592.12154  593.86819  595.49102  590.53363  592.27091  593.88501
 591.87717  593.57265  595.12506  590.11286  591.79823  593.34136  588.44019  590.11601  591.65037  592.75517  594.50556  596.13188  590.98564  592.72557  594.34216  589.30803  591.03808  592.64547  593.73557  595.54640  597.25153  591.96019  593.76018  595.45508  590.27705  592.06680  593.75204
 591.57083  593.31422  594.93402  589.72737  591.45990  593.06958  587.95788  589.68001  591.28000  592.54731  594.35089  596.04917  590.69777  592.49009  594.17774  588.92246  590.70400  592.38148  593.62716  595.49611  597.27734  591.77088  593.62814  595.39820  589.98912  591.83520  593.59456
 591.24150  593.03712  594.72789  589.31424  591.09816  592.77787  587.44535  589.21795  590.88699  592.31658  594.17728  595.95061  590.38232  592.23087  593.99258  588.50666  590.34346  592.09395  593.49599  595.42675  597.28672  591.55403  593.47216  595.31992  589.67093  591.57685  593.41280
 590.88906  592.74079  594.50554  588.87405  590.71314  592.46583  586.90380  588.73059  590.47151  592.06279  593.98422  595.83517  590.03977  591.94808  593.78634  588.06173  589.95724  591.78314  593.34182  595.33771  597.27871  591.31007  593.29229  595.21996  589.32351  591.29242  593.20708
 590.51348  592.42485  594.26608  588.40739  590.30513  592.13318  586.33421  588.21858  590.03372  591.78582  593.77123  595.70202  589.67066  591.64188  593.55882  587.58858  589.54589  591.44925  593.16449  595.22851  597.25242  591.03948  593.08871  595.09807  588.94775  590.98248  592.97756
 590.11476  592.08896  594.00880  587.91471  589.87419  591.77967  585.73743  587.68241  589.57373  591.48565  593.53798  595.55039  589.27538  591.31238  593.30970  587.08804  589.10991  591.09236  592.96392  595.09871  597.20712  590.74261  592.86141  594.95397  588.54438  590.64741  592.72434
 589.69289  591.73278  593.73295  587.39660  589.42060  591.40514  585.11431  587.12259  589.09166  591.16221  593.28402  595.37957  588.85447  590.95972  593.03886  586.56087  588.64972  590.71260  592.74001  594.94788  597.14211  590.41997  592.61056  594.78754  588.11418  590.28765  592.44758
 589.24802  591.35609  593.43802  586.85348  588.94442  591.00937  584.46559  586.53952  588.58762  590.81561  593.00914  595.18906  588.40834  590.58399  592.74609  586.00781  588.16572  590.31011  592.49272  594.77571  597.05693  590.07179  592.33612  594.59864  587.65770  589.90351  592.14744
 588.78021  590.95862  593.12347  586.28588  588.44584  590.59228  583.79195  585.93354  588.06166  590.44577  592.71298  594.97838  587.93733  590.18528  592.43136  585.42937  587.65814  589.88499  592.22203  594.58193  596.95104  589.69851  592.03830  594.38715  587.17553  589.49531  591.82398
 588.28956  590.54021  592.78899  585.69416  587.92496  590.15383  583.09391  585.30491  587.51393  590.05285  592.39546  594.74715  587.44190  589.76379  592.09458  584.82615  587.12737  589.43733  591.92795  594.36634  596.82408  589.30042  591.71717  594.15301  586.66813  589.06329  591.47729
 587.77624  590.10078  592.43424  585.07874  587.38195  589.69392  582.37213  584.65403  586.94453  589.63688  592.05639  594.49503  586.92231  589.31956  591.73565  584.19865  586.57365  588.96724  591.61055  594.12874  596.67573  588.87783  591.37275  593.89612  586.13603  588.60773  591.10750
 587.24034  589.64018  592.05892  584.44001  586.81697  589.21256  581.62704  583.98113  586.35356  589.19797  591.69562  594.22175  586.37899  588.85274  591.35460  583.54737  585.99723  588.47484  591.26983  593.86893  596.50567  588.43103  591.00518  593.61650  585.57960  588.12881  590.71471
 586.68205  589.15837  591.66283  583.77834  586.23015  588.70972  580.85917  583.28647  585.74116  588.73622  591.31304  593.92709  585.81219  588.36342  590.95139  582.87269  585.39833  587.96023  590.90586  593.58683  596.31364  587.96028  590.61453  593.31404  584.99925  587.62677  590.29898
 586.10152  588.65528  591.24583  583.09405  585.62161  588.18547  580.06891  582.57026  585.10741  588.25175  590.90863  593.61084  585.22223  587.85176  590.52601  582.17502  584.77718  587.42347  590.51871  593.28233  596.09949  587.46585  590.20091  592.98881  584.39530  587.10177  589.86041
 585.49888  588.13090  590.80771  582.38744  584.99150  587.63974  579.25670  581.83277  584.45243  587.74463  590.48229  593.27286  584.60934  587.31780  590.07847  581.45473  584.13397  586.86472  590.10845  592.95538  595.86302  586.94796  589.76440  592.64076  583.76813  586.55406  589.39911
 584.87431  587.58523  590.34843  581.65880  584.33993  587.07261  578.42291  581.07422  583.77638  587.21506  590.03407  592.91306  583.97383  586.76173  589.60881  580.71220  583.46897  586.28411  589.67521  592.60592  595.60413  586.40684  589.30507  592.26989  583.11806  585.98379  588.91520
 584.22799  587.01832  589.86789  580.90850  583.66714  586.48419  577.56795  580.29488  583.07940  586.66312  589.56389  592.53132  583.31598  586.18367  589.11708  579.94777  582.78235  585.68174  589.21903  592.23388  595.32266  585.84275  588.82306  591.87627  582.44538  585.39114  588.40877
 583.56007  586.43016  589.36604  580.13677  582.97321  585.87450  576.69217  579.49494  582.36163  586.08895  589.07178  592.12758  582.63601  585.58370  588.60333  579.16175  582.07431  585.05776  588.74003  591.83932  595.01854  585.25588  588.31849  591.45990  581.75040  584.77634  587.87994
 582.87074  585.82082  588.84289  579.34388  582.25828  585.24361  575.79585  578.67457  581.62318  585.49273  588.55782  591.70180  581.93416  584.96202  588.06759  578.35443  581.34506  584.41224  588.23834  591.42221  594.69176  584.64642  587.79143  591.02084  581.03335  584.13950  587.32880
 582.16018  585.19039  588.29840  578.53016  581.52261  584.59167  574.87941  577.83411  580.86426  584.87455  588.02202  591.25398  581.21071  584.31876  587.51003  577.52616  580.59482  583.74543  587.71406  590.98255  594.34220  584.01467  587.24203  590.55916  580.29459  583.48085  586.75551
 581.42853  584.53891  587.73259  577.69578  580.76625  583.91873  573.94305  576.97365  580.08498  584.23459  587.46439  590.78404  580.46584  583.65399  586.93060  576.67716  579.82371  583.05733  587.16727  590.52036  593.96983  583.36071  586.67035  590.07485  579.53427  582.80051  586.16011
 580.67604  583.86650  587.14550  576.84109  579.98943  583.22491  572.98719  576.09350  579.28554  583.57301  586.88506  590.29206  579.69983  582.96794  586.32948  575.80777  579.03202  582.34820  586.59817  590.03577  593.57473  582.68486  586.07662  589.56810  578.75275  582.09876  585.54286
 579.90284  583.17325  586.53717  575.96626  579.19230  582.51031  572.01206  575.19382  578.46606  582.88997  586.28412  589.77808  578.91287  582.26073  585.70676  574.91824  578.21993  581.61816  586.00685  589.52879  593.15682  581.98725  585.46090  589.03888  577.95023  581.37571  584.90379
 579.10913  582.45927  585.90766  575.07162  578.37507  581.77513  571.01798  574.27489  577.62677  582.18560  585.66162  589.24207  578.10522  581.53255  585.06253  574.00886  577.38764  580.86733  585.39342  588.99942  592.71611  581.26811  584.82331  588.48732  577.12696  580.63153  584.24304
 578.29513  581.72472  585.25704  574.15739  577.53793  581.01944  570.00524  573.33692  576.76781  581.46010  585.01766  588.68411  577.27711  580.78352  584.39692  573.07988  576.53532  580.09590  584.75808  588.44781  592.25268  580.52768  584.16405  587.91355  576.28321  579.86644  583.56080
 577.46099  580.96964  584.58537  573.22381  576.68100  580.24338  568.97413  572.38010  575.88938  580.71363  584.35234  588.10427  576.42876  580.01380  583.71005  572.13161  575.66323  579.30406  584.10092  587.87403  591.76654  579.76610  583.48324  587.31763  575.41924  579.08066  582.85722
 576.60695  580.19421  583.89276  572.27113  575.80449  579.44711  567.92491  571.40464  574.99163  579.94636  583.66581  587.50261  575.56037  579.22360  583.00203  571.16424  574.77154  578.49192  583.42211  587.27815  591.25773  578.98360  582.78100  586.69966  574.53521  578.27430  582.13239
 575.73320  579.39863  583.17935  571.29959  574.90861  578.63077  566.85788  570.41083  574.07479  579.15848  582.95819  586.87924  574.67217  578.41304  582.27299  570.17807  573.86048  577.65970  582.72184  586.66030  590.72635  578.18036  582.05747  586.05975  573.63145  577.44759  581.38651
 574.83990  578.58296  582.44519  570.30945  573.99355  577.79455  565.77331  569.39886  573.13905  578.35015  582.22954  586.23420  573.76442  577.58233  581.52310  569.17338  572.93024  576.80757  582.00019  586.02055  590.17240  577.35662  581.31287  585.39804  572.70815  576.60073  580.61972
 573.92730  577.74739  581.69042  569.30096  573.05952  576.93860  564.67147  568.36894  572.18457  577.52156  581.48007  585.56760  572.83733  576.73167  580.75249  568.15038  571.98104  575.93566  581.25735  585.35903  589.59599  576.51257  580.54733  584.71468  571.76554  575.73389  579.83218
 572.99562  576.89212  580.91518  568.27434  572.10668  576.06305  563.55263  567.32134  571.21158  576.67290  580.70991  584.87960  571.89108  575.86119  579.96129  567.10934  571.01310  575.04422  580.49356  584.67591  588.99727  575.64844  579.76101  584.00976  570.80392  574.84732  579.02409
 572.04499  576.01724  580.11957  567.22982  571.13525  575.16810  562.41704  566.25626  570.22026  575.80437  579.91918  584.17026  570.92598  574.97112  579.14970  566.05054  570.02665  574.13341  579.70887  583.97124  588.37623  574.76437  578.95408  583.28342  569.82344  573.94117  578.19559
 571.07571  575.12298  579.30378  566.16772  570.14548  574.25397  561.26502  565.17395  569.21084  574.91613  579.10806  583.43971  569.94219  574.06164  578.31786  564.97419  569.02189  573.20342  578.90351  583.24519  587.73302  573.86064  578.12673  582.53585  568.82440  573.01566  577.34687
 570.08792  574.20948  578.46790  565.08819  569.13752  573.32076  560.09679  564.07465  568.18353  574.00838  578.27667  582.68809  568.93995  573.13292  577.46591  563.88058  567.99904  572.25447  578.07765  582.49788  587.06775  572.93743  577.27910  581.76714  567.80703  572.07101  576.47812
 569.08187  573.27695  577.61212  563.99151  568.11160  572.36871  558.91260  562.95855  567.13851  573.08135  577.42521  581.91554  567.91951  572.18518  576.59406  562.76994  566.95832  571.28671  577.23150  581.72949  586.38054  571.99496  576.41140  580.97747  566.77156  571.10740  575.58949
 568.05780  572.32555  576.73661  562.87796  567.06795  571.39803  557.71277  561.82594  566.07603  572.13524  576.55386  581.12219  566.88112  571.21864  575.70249  561.64254  565.89997  570.30039  576.36521  580.94014  585.67150  571.03347  575.52382  580.16701  565.71823  570.12505  574.68120
 567.01589  571.35549  575.84149  561.74776  566.00679  570.40888  556.49755  560.67704  564.99630  571.17022  575.66274  580.30818  565.82498  570.23348  574.79136  560.49864  564.82421  569.29570  575.47894  580.12999  584.94074  570.05313  574.61654  579.33591  564.64727  569.12420  573.75342
 565.95640  570.36696  574.92699  560.60114  564.92830  569.40144  555.26719  559.51208  563.89953  570.18653  574.75208  579.47369  564.75129  569.22988  573.86082  559.33845  563.73127  568.27282  574.57295  579.29923  584.18843  569.05417  573.68973  578.48431  563.55894  568.10504  572.80635
 564.87950  569.36013  573.99321  559.43835  563.83275  568.37594  554.02193  558.33132  562.78593  569.18434  573.82203  578.61884  563.66035  568.20810  572.91112  558.16227  562.62138  567.23199  573.64736  578.44799  583.41468  568.03682  572.74362  577.61242  562.45345  567.06780  571.84018
 563.78548  568.33525  573.04039  558.25966  562.72033  567.33258  552.76205  557.13496  561.65573  568.16390  572.87282  577.74382  562.55235  567.16833  571.94240  556.97029  561.49475  566.17340  572.70244  577.57646  582.61968  567.00133  571.77839  576.72043  561.33108  566.01267  570.85512
 562.67453  567.29252  572.06870  557.06528  561.59129  566.27155  551.48781  555.92328  560.50916  567.12545  571.90461  576.84884  561.42756  566.11077  570.95491  555.76284  560.35164  565.09730  571.73839  576.68484  581.80354  565.94790  570.79424  575.80845  560.19206  564.93991  569.85135
 561.54687  566.23208  571.07830  555.85550  560.44583  565.19310  550.19950  554.69652  559.34648  566.06914  570.91757  575.93395  560.28621  565.03566  569.94877  554.54015  559.19228  564.00386  570.75531  575.77321  580.96641  564.87673  569.79135  574.87673  559.03661  563.84971  568.82912
 560.40279  565.15423  570.06941  554.63057  559.28423  564.09740  548.89735  553.45490  558.16784  564.99523  569.91192  574.99947  559.12851  563.94319  568.92426  553.30242  558.01686  562.89334  569.75353  574.84188  580.10852  563.78810  568.76999  573.92546  557.86501  562.74232  567.78861
 559.24244  564.05909  569.04222  553.39068  558.10663  562.98469  547.58164  552.19869  556.97358  563.90393  568.88789  574.04550  557.95473  562.83362  567.88155  552.04999  556.82572  561.76599  568.73318  573.89096  579.22994  562.68219  567.73031  572.95476  556.67751  561.61799  566.73004
 558.06612  562.94697  567.99694  552.13615  556.91337  561.85520  546.25260  550.92813  555.76384  562.79548  567.84564  573.07222  556.76511  561.70715  566.82084  550.78304  555.61899  560.62193  567.69450  572.92067  578.33093  561.55926  566.67257  571.96493  555.47429  560.47689  565.65362
 556.87403  561.81802  566.93373  550.86717  555.70461  560.70910  544.91052  549.64345  554.53889  561.67007  566.78540  572.07988  555.55986  560.56401  565.74236  549.50185  554.39697  559.46150  566.63771  571.93117  577.41159  560.41955  565.59693  570.95606  554.25567  559.31928  564.55956
 555.66641  560.67249  565.85285  549.58402  554.48062  559.54668  543.55563  548.34493  553.29899  560.52797  565.70736  571.06860  554.33927  559.40441  564.64630  548.20669  553.15988  558.28486  565.56300  570.92268  576.47214  559.26325  564.50364  569.92842  553.02186  558.14540  563.44809
 554.44354  559.51060  564.75448  548.28698  553.24162  558.36812  542.18821  547.03275  552.04431  559.36938  564.61177  570.03864  553.10356  558.22862  563.53290  546.89777  551.90795  557.09223  564.47063  569.89545  575.51280  558.09065  563.39296  568.88224  551.77309  556.95548  562.31943
 553.20558  558.33255  563.63881  546.97622  551.98784  557.17363  540.80850  545.70724  550.77515  558.19453  563.49882  568.99017  551.85294  557.03684  562.40237  545.57539  550.64148  555.88393  563.36078  568.84960  574.53368  556.90194  562.26503  567.81764  550.50966  555.74976  561.17381
 551.95284  557.13862  562.50612  545.65206  550.71958  555.96352  539.41676  544.36860  549.49173  557.00367  562.36873  567.92340  550.58772  555.82932  561.25493  544.23977  549.36063  554.66009  562.23371  567.78538  573.53503  555.69741  561.12014  566.73492  549.23178  554.52845  560.01144
 550.68554  555.92900  561.35657  544.31472  549.43699  554.73793  538.01326  543.01708  548.19428  555.79705  561.22173  566.83856  549.30811  554.60625  560.09080  542.89119  548.06569  553.42101  561.08963  566.70305  572.51706  554.47725  559.95849  565.63425  547.93971  553.29184  558.83258
 549.40391  554.70392  560.19040  542.96447  548.14037  553.49716  536.59824  541.65292  546.88305  554.57487  560.05805  565.73583  548.01436  553.36795  558.91023  541.52987  546.75692  552.16691  559.92875  565.60273  571.47992  553.24173  558.78032  564.51586  546.63369  552.04012  557.63743
 548.10820  553.46363  559.00783  541.60154  546.82997  552.24142  535.17194  540.27639  545.55828  553.33736  558.87788  564.61544  546.70671  552.11459  557.71343  540.15607  545.43450  550.89800  558.75132  564.48468  570.42383  551.99107  557.58585  563.37996  545.31395  550.77353  556.42621
 546.79867  552.20838  557.80912  540.22619  545.50600  550.97094  533.73464  538.88773  544.22022  552.08481  557.68150  563.47761  545.38542  550.84643  556.50062  538.77005  544.09874  549.61456  557.55759  563.34916  569.34903  550.72554  556.37533  562.22680  543.98079  549.49235  555.19919
 545.47555  550.93837  556.59445  538.83864  544.16869  549.68593  532.28660  537.48719  542.86911  550.81744  556.46912  562.32258  544.05071  549.56369  555.27203  537.37209  542.74988  548.31683  556.34778  562.19636  568.25571  549.44534  555.14896  561.05654  542.63445  548.19682  553.95661
 544.13906  549.65385  555.36406  537.43918  542.81832  548.38668  530.82804  536.07501  541.50518  549.53546  555.24095  561.15051  542.70286  548.26664  554.02790  535.96239  541.38813  547.00500  555.12210  561.02647  567.14407  548.15075  553.90699  559.86949  541.27514  546.88714  552.69867
 542.78948  548.35504  554.11817  536.02805  541.45513  547.07340  529.35921  534.65143  540.12867  548.23912  553.99722  559.96168  541.34211  546.95550  552.76850  534.54123  540.01375  545.67937  553.88080  559.83974  566.01434  546.84202  552.64968  558.66583  539.90313  545.56357  551.42562
 541.42705  547.04221  552.85706  534.60549  540.07934  545.74634  527.88041  533.21672  538.73988  546.92870  552.73820  558.75630  539.96870  545.63052  551.49402  533.10887  538.62702  544.34017  552.62413  558.63645  564.86674  545.51936  551.37726  557.44581  538.51869  544.22642  550.13774
 540.05201  545.71559  551.58092  533.17178  538.69123  544.40575  526.39183  531.77109  537.33897  545.60440  551.46414  557.53460  538.58288  544.29198  550.20472  531.66551  537.22814  542.98759  551.35234  557.41675  563.70150  544.18307  550.08995  556.20966  537.12203  542.87582  548.83519
 538.66459  544.37543  550.29000  531.72711  537.29103  543.05185  524.89373  530.31484  535.92624  544.26649  550.17519  556.29681  537.18491  542.94004  548.90083  530.21145  535.81735  541.62194  550.06564  556.18095  562.51885  542.83335  548.78804  554.95763  535.71344  541.51212  547.51831
 537.26507  543.02193  548.98453  530.27176  535.87894  541.68487  523.38637  528.84814  534.50191  542.91521  548.87170  555.04319  535.77501  541.57502  547.58262  528.74691  534.39496  540.24345  548.76429  554.92923  561.31898  541.47045  547.47169  553.68990  534.29314  540.13548  546.18723
 535.85367  541.65540  547.66479  528.80596  534.45528  540.30510  521.86999  527.37131  533.06626  541.55080  547.55383  553.77391  534.35344  540.19711  546.25024  527.27215  532.96114  538.85232  547.44853  553.66185  560.10219  540.09461  546.14120  552.40678  532.86137  538.74621  544.84231
 534.43065  540.27602  546.33094  527.32998  533.02023  538.91272  520.34483  525.88454  531.61946  540.17350  546.22187  552.48930  532.92044  538.80659  544.90406  525.78740  531.51619  537.44886  546.11861  552.37905  558.86865  538.70612  544.79682  551.10846  531.41841  537.34453  543.48371
 532.99622  538.88405  544.98329  525.84405  531.57408  537.50805  518.81112  524.38808  530.16183  538.78355  544.87602  551.18951  531.47628  537.40370  543.54424  524.29292  530.06032  536.03325  544.77475  551.08107  557.61862  537.30519  543.43879  549.79523  529.96448  535.93070  542.11171
 531.55068  537.47977  543.62205  524.34842  530.11705  536.09127  517.26912  522.88220  528.69357  537.38123  543.51657  549.87484  530.02120  535.98869  542.17105  522.78895  528.59381  534.60579  543.41723  549.76815  556.35234  535.89208  542.06732  548.46729  528.49984  534.50494  540.72655
 530.09425  536.06340  542.24749  522.84333  528.64940  534.66266  515.71907  521.36714  527.21495  535.96676  542.14373  548.54551  528.55542  534.56178  540.78473  521.27573  527.11687  533.16670  542.04629  548.44053  555.07007  534.46704  540.68270  547.12491  527.02475  533.06752  539.32849
 528.62716  534.63516  540.85982  521.32900  527.17135  533.22244  514.16118  519.84310  525.72619  534.54040  540.75776  547.20178  527.07921  533.12324  539.38553  519.75350  525.62976  531.71624  540.66215  547.09846  553.77201  533.03030  539.28514  545.76831  525.53942  531.61869  537.91776
 527.14967  533.19533  539.45932  519.80572  525.68316  531.77088  512.59572  518.31035  524.22754  533.10236  539.35891  545.84386  525.59280  531.67331  537.97368  518.22250  524.13272  530.25462  539.26509  545.74217  552.45843  531.58215  537.87491  544.39776  524.04413  530.15866  536.49460
 525.66200  531.74413  538.04619  518.27368  524.18507  530.30820  511.02289  516.76912  522.71923  531.65294  537.94739  544.47201  524.09646  530.21222  536.54945  516.68300  522.62598  528.78211  537.85533  544.37193  551.12954  530.12280  536.45227  543.01350  522.53910  528.68772  535.05926
 524.16444  530.28179  536.62070  516.73316  522.67731  528.83466  509.44296  515.21963  521.20151  530.19235  536.52349  543.08647  522.59041  528.74024  535.11306  515.13519  521.10981  527.29894  536.43313  542.98798  549.78565  528.65249  535.01744  541.61579  521.02457  527.20609  533.61202
 522.65719  528.80861  535.18308  515.18438  521.16014  527.35048  507.85615  513.66217  519.67463  528.72083  535.08744  541.68753  521.07489  527.25761  533.66480  513.57935  519.58445  525.80541  534.99873  541.59055  548.42693  527.17149  533.57068  540.20485  519.50081  525.71404  532.15310
 521.14051  527.32480  533.73363  513.62754  519.63378  525.85593  506.26265  512.09689  518.13881  527.23865  533.63949  540.27538  519.55013  525.76454  532.20485  512.01565  518.05008  524.30166  533.55240  540.17992  547.05372  525.68001  532.11221  538.78095  517.96801  524.21176  530.68274
 519.61461  525.83057  532.27251  512.06291  518.09846  524.35121  504.66273  510.52410  516.59429  525.74602  532.17985  538.85030  518.01638  524.26129  530.73350  510.44439  516.50701  522.78803  532.09435  538.75630  545.66617  524.17831  530.64231  537.34433  516.42647  522.69955  529.20120
 518.07977  524.32622  530.80004  510.49074  516.55446  522.83664  503.05660  508.94398  515.04132  524.24322  530.70883  537.41254  516.47390  522.74814  529.25102  508.86578  514.95544  521.26471  530.62487  537.31998  544.26460  522.66668  529.16124  535.89526  514.87639  521.17762  527.70872
 516.53618  522.81195  529.31641  508.91121  515.00197  521.31238  501.44447  507.35677  513.48011  522.73046  529.22662  535.96231  514.92290  521.22528  527.75758  507.28004  513.39561  519.73193  529.14418  535.87116  542.84923  521.14531  527.66921  534.43395  513.31802  519.64623  526.20555
 514.98413  521.28802  527.82190  507.32461  513.44126  519.77872  499.82660  505.76272  511.91091  521.20803  527.73350  534.49991  513.36366  519.69300  526.25351  505.68743  511.82776  518.18998  527.65253  534.41015  541.42035  519.61447  526.16650  532.96072  511.75159  518.10562  524.69195
 513.42385  519.75468  526.31676  505.73115  511.87255  518.23589  498.20318  504.16203  510.33396  519.67613  526.22972  533.02559  511.79637  518.15151  524.73902  504.08813  510.25213  516.63907  526.15018  532.93717  539.97819  518.07438  524.65333  531.47576  510.17734  516.55601  523.16815
 511.85553  518.21215  524.80121  504.13101  510.29607  516.68412  496.57442  502.55494  508.74947  518.13501  524.71550  531.53956  510.22126  516.60104  523.21434  502.48239  508.66893  515.07944  524.63738  531.45249  538.52299  516.52531  523.12997  529.97933  508.59551  514.99767  521.63438
 510.27944  516.66068  523.27552  502.52446  508.71204  515.12364  494.94054  500.94166  507.15769  516.58493  523.19113  530.04210  508.63860  515.04186  521.67972  500.87045  507.07842  513.51132  523.11434  529.95631  537.05500  514.96745  521.59662  528.47166  507.00629  513.43080  520.09089
 508.69582  515.10053  521.73991  500.91172  507.12072  513.55470  493.30180  499.32244  505.55885  515.02611  521.65679  528.53343  507.04858  513.47417  520.13539  499.25251  505.48080  511.93494  521.58138  528.44894  535.57453  513.40110  520.05356  526.95307  505.41000  511.85568  518.53798
 507.10486  513.53187  520.19460  499.29300  505.52231  511.97752  491.65835  497.69746  503.95315  513.45879  520.11276  527.01385  505.45150  511.89824  518.58166  497.62882  503.87633  510.35060  520.03865  526.93058  534.08176  511.82645  518.50104  525.42374  503.80678  510.27251  516.97582
 505.50684  511.95501  518.63992  497.66856  503.91707  510.39239  490.01045  496.06697  502.34086  511.88320  518.55928  525.48355  503.84751  510.31429  517.01870  495.99955  502.26520  508.75844  518.48647  525.40152  532.57700  510.24378  516.93930  523.88398  502.19690  508.68155  515.40469
 503.90193  510.37012  517.07601  496.03854  502.30518  508.79946  488.35826  494.43116  500.72215  510.29959  516.99659  523.94281  502.23686  508.72256  515.44678  494.36497  500.64768  507.15876  516.92503  523.86199  531.06048  508.65327  515.36856  522.33397  500.58057  507.08304  513.82482
 502.29041  508.77749  515.50318  494.40322  500.68690  507.19902  486.70200  492.79024  499.09727  508.70819  515.42494  522.39188  500.61979  507.12328  513.86614  492.72523  499.02393  505.55174  515.35460  522.31225  529.53248  507.05519  513.78908  520.77401  498.95800  505.47716  512.23643
 500.67247  507.17733  513.92164  492.76278  499.06245  505.59127  485.04189  491.14447  497.46645  507.10923  513.84457  520.83101  498.99651  505.51668  512.27701  491.08060  497.39424  503.93767  513.77542  520.75254  527.99322  505.44976  512.20109  519.20433  497.32945  503.86420  510.63981
 499.04833  505.56986  512.33163  491.11744  497.43203  503.97646  483.37811  489.49401  495.82991  505.50293  512.25569  519.26043  497.36724  503.90298  510.67964  489.43127  495.75878  502.31674  512.18772  519.18310  526.44297  503.83721  510.60484  517.62516  495.69512  502.24437  509.03514
 497.41824  503.95533  510.73341  489.46743  495.79589  502.35483  481.71087  487.83909  494.18784  503.88955  510.65859  517.68040  495.73222  502.28245  509.07426  487.77744  494.11780  500.68916  510.59177  517.60420  524.88201  502.21779  509.00057  516.03680  494.05523  500.61788  507.42271
 495.78239  502.33396  509.12717  487.81294  494.15423  500.72657  480.04038  486.17992  492.54049  502.26929  509.05346  516.09117  494.09165  500.65527  507.46112  486.11935  492.47150  499.05521  508.98777  516.01605  523.31054  500.59172  507.38850  514.43944  492.41002  498.98498  505.80272
 494.14103  500.70597  507.51321  486.15418  492.50725  499.09193  478.36679  484.51668  490.88804  500.64241  507.44058  514.49297  492.44576  499.02168  505.84043  484.45716  490.82008  497.41506  507.37598  514.41894  521.72889  498.95921  505.76888  512.83336  490.75965  497.34586  504.17542
 492.49435  499.07158  505.89170  484.49137  490.85520  497.45112  476.69034  482.84958  489.23071  499.00909  505.82013  512.88606  490.79475  497.38192  504.21247  482.79109  489.16378  495.76897  505.75661  512.81307  520.13722  497.32050  504.14193  511.21877  489.10437  495.70077  502.54101
 490.84257  497.43103  504.26294  482.82468  489.19826  495.80439  475.01119  481.17883  487.56874  497.36960  504.19238  511.27065  489.13884  495.73619  502.57741  481.12135  487.50278  494.11713  504.12992  511.19873  518.53587  495.67580  502.50790  509.59596  487.44438  494.04995  500.89978
 489.18590  495.78452  502.62708  481.15433  487.53664  494.15191  473.32955  479.50463  485.90230  495.72412  502.55757  509.64703  487.47823  494.08472  500.93552  479.44813  485.83733  492.45980  502.49614  509.57611  516.92503  494.02534  500.86700  507.96512  485.77992  492.39358  499.25192
 487.52456  494.13231  500.98445  479.48051  485.87058  492.49396  471.64558  477.82717  484.23163  494.07293  500.91591  508.01543  485.81316  492.42773  499.28703  477.77164  484.16760  490.79716  500.85550  507.94553  515.30500  492.36935  499.21951  506.32652  484.11116  490.73191  497.59766
 485.85875  492.47457  499.33519  477.80343  484.20024  490.83071  469.95947  476.14663  482.55690  492.41618  499.26765  506.37605  484.14379  490.76545  497.63214  476.09204  482.49382  489.12943  499.20822  506.30712  513.67597  490.70803  497.56557  504.68038  482.43832  489.06512  495.93722
 484.18869  490.81158  497.67957  476.12325  482.52588  489.16238  468.27140  474.46323  480.87832  490.75414  497.61299  504.72916  482.47037  489.09805  495.97109  474.40955  480.81616  487.45682  497.55453  504.66121  512.03826  489.04158  495.90548  503.02696  480.76158  487.39345  494.27086
 482.51455  489.14346  496.01778  474.44021  480.84765  487.48919  466.58157  472.77712  479.19610  489.08698  495.95216  503.07500  480.79306  487.42580  494.30413  472.72435  479.13485  485.77958  495.89465  503.00799  510.39207  487.37025  494.23944  501.36650  479.08117  485.71710  492.59878
 480.83657  487.47052  494.35012  472.75445  479.16578  485.81137  464.89012  471.08851  477.51044  487.41496  494.28542  501.41381  479.11209  485.74888  492.63146  471.03662  477.45007  484.09788  494.22884  501.34772  508.73766  485.69424  492.56767  499.69919  477.39728  484.03628  490.92117
 479.15493  485.79291  492.67675  471.06620  477.48046  484.12912  463.19723  469.39758  475.82153  485.73826  492.61295  499.74579  477.42766  484.06751  490.95330  469.34655  475.76202  482.41192  492.55729  499.68064  507.07527  484.01376  490.89042  498.02532  475.71010  482.35122  489.23830
 477.46983  484.11086  490.99790  469.37560  475.79186  482.44261  461.50311  467.70452  474.12957  484.05711  490.93501  498.07121  475.73994  482.38189  489.26986  467.65435  474.07093  480.72196  490.88024  498.00696  505.40517  482.32902  489.20787  496.34508  474.01986  480.66211  487.55039
 475.78147  482.42460  489.31379  467.68287  474.10024  480.75209  459.80787  466.00951  472.43473  482.37171  489.25179  496.39029  474.04916  480.69224  487.58139  465.96017  472.37693  479.02815  489.19789  496.32692  503.72757  480.64021  487.52025  494.65871  472.32669  478.96914  485.85761
 474.09007  480.73430  487.62466  465.98819  472.40573  479.05776  458.11173  464.31272  470.73723  480.68226  487.56351  494.70325  472.35548  478.99874  485.88807  464.26417  470.68024  477.33071  487.51048  494.64075  502.04274  478.94756  485.82778  492.96645  470.63082  477.27252  484.16020
 472.39575  479.04016  485.93069  464.29169  470.70853  477.35979  456.41478  462.61429  469.03721  478.98897  485.87039  493.01032  470.65910  477.30160  484.19013  462.56655  468.98103  475.62981  485.81820  492.94869  500.35088  477.25124  484.13068  491.26850  468.93241  475.57245  482.45835
 470.69877  477.34239  484.23211  462.59361  469.00885  475.65842  454.71728  460.91445  467.33491  477.29202  484.17265  491.31172  468.96022  475.60105  482.48778  460.86749  467.27953  473.92570  484.12128  491.25093  498.65228  475.55148  482.42916  489.56514  467.23169  473.86914  480.75232
 468.99928  475.64122  482.52913  460.89406  467.30685  473.95380  453.01930  459.21336  465.63048  475.59165  482.47050  489.60771  467.25900  473.89723  480.78124  459.16715  465.57588  472.21856  482.41994  489.54776  496.94715  473.84846  480.72343  487.85653  465.52880  472.16279  479.04228
 467.29747  473.93681  480.82197  459.19325  465.60271  472.24616  451.32105  457.51116  463.92411  473.88802  480.76416  487.89847  465.55563  472.19039  479.07069  457.46570  463.87029  470.50856  480.71439  487.83934  495.23575  472.14238  479.01368  486.14293  463.82396  470.45356  477.32846
 465.59353  472.22938  479.11083  457.49135  463.89666  470.53569  449.62266  455.80804  462.21597  472.18136  479.05380  486.18426  463.85032  470.48069  477.35639  455.76331  462.16290  468.79591  479.00482  486.12592  493.51827  470.43345  477.30014  484.42454  462.11731  468.74167  475.61102
 463.88765  470.51909  477.39591  455.78850  462.18881  468.82257  447.92429  454.10414  460.50625  470.47184  477.33966  484.46525  462.14322  468.76832  475.63846  454.06013  460.45390  467.08078  477.29143  484.40770  491.79497  468.72181  475.58300  482.70158  460.40903  467.02729  473.89020
 462.18000  468.80617  475.67742  454.08490  460.47938  467.10699  446.22610  452.39965  458.79511  468.75964  475.62195  482.74171  460.43450  467.05350  473.91719  452.35633  458.74350  465.36339  475.57447  482.68493  490.06609  467.00771  473.86247  480.97428  458.69933  465.31063  472.16620
 460.47072  467.09077  473.95556  452.38066  458.76852  465.38914  444.52818  450.69470  457.08271  467.04498  473.90084  481.01381  458.72435  465.33637  472.19271  450.65207  457.03181  463.64388  473.85409  480.95779  488.33182  465.29130  472.13873  479.24282  456.98834  463.59183  470.43918
 458.76004  465.37310  472.23053  450.67598  457.05641  463.66919  442.83076  448.98947  455.36925  465.32802  472.17654  479.28178  457.01293  463.61714  470.46524  448.94751  455.31904  461.92245  472.13052  479.22652  486.59246  463.57278  470.41200  477.50745  455.27626  461.87113  468.70939
 457.04809  463.65332  470.50250  448.97101  455.34322  461.94733  441.13392  447.28408  453.65486  463.60896  470.44926  477.54584  455.30043  461.89600  468.73501  447.24279  453.60536  460.19931  470.40395  477.49132  484.84814  461.85233  468.68248  475.76836  453.56323  460.14867  466.97698
 455.33507  461.93166  468.77173  447.26589  453.62911  460.22376  439.43782  445.57873  451.93974  461.88797  468.71919  475.80618  453.58698  460.17312  467.00215  445.53808  451.89091  458.47458  468.67457  475.75240  483.09916  460.13011  466.95034  474.02575  451.84943  458.42464  465.24215
 453.62113  460.20826  467.03835  445.56079  451.91428  458.49863  437.74261  443.87354  450.22403  460.16524  466.98653  474.06304  451.87279  458.44869  465.26692  443.83352  450.17587  456.74849  466.94258  474.00995  481.34572  458.40633  465.21578  472.27985  450.13503  456.69921  463.50511
 451.90642  458.48331  465.30257  443.85583  450.19883  456.77211  436.04839  442.16866  448.50790  458.44094  465.25143  472.31659  450.15798  456.72283  463.52945  442.12926  448.46038  455.02118  465.20816  472.26421  479.58801  456.68113  463.47899  470.53082  448.42018  454.97256  461.76602
 450.19112  456.75695  463.56459  442.15119  448.48294  455.04441  434.35532  440.46421  446.79149  456.71525  463.51413  470.56703  448.44274  454.99579  461.78994  440.42544  446.74461  453.29281  463.47152  470.51536  477.82628  454.95473  461.74017  468.77890  446.70503  453.24486  460.02506
 448.47540  455.02941  461.82458  440.44700  446.76680  453.31565  432.66352  438.76038  445.07496  454.98834  461.77480  468.81459  446.72721  453.26769  460.04859  438.72220  445.02873  451.56358  461.73282  468.76360  476.06075  453.22724  459.99948  467.02428  444.98973  451.51626  458.28245
 446.75940  453.30083  460.08273  438.74339  445.05053  451.58603  430.97312  437.05729  443.35847  453.26038  460.03361  467.05946  445.01154  451.53871  458.30557  437.01968  443.31286  449.83364  459.99228  467.00913  474.29160  451.49888  458.25711  465.26713  443.27448  449.78695  456.53833
 445.04326  451.57137  458.33922  437.04052  443.33431  449.85572  429.28424  435.35506  441.64218  451.53154  458.29075  465.30182  443.29591  449.80903  456.56107  435.31804  441.59717  448.10315  458.25003  465.25214  472.51907  449.76980  456.51324  463.50769  441.55936  448.05708  454.79289
 443.32718  449.84122  456.59423  435.33853  441.61825  448.12485  427.59703  433.65385  439.92621  449.80199  456.54640  463.54188  441.58044  448.07878  454.81525  433.61738  439.88180  446.37228  456.50629  463.49285  470.74336  448.04015  454.76805  461.74611  439.84457  446.32681  453.04631
 441.61125  448.11051  454.84794  433.63752  439.90253  446.39362  425.91157  431.95377  438.21073  448.07186  454.80073  461.77980  439.86529  446.34815  453.06830  431.91787  438.16691  444.64118  454.76122  461.73141  468.96465  446.31009  453.02172  459.98258  438.13024  444.59632  451.29876
 439.89567  446.37943  453.10053  431.93767  438.18730  444.66217  424.22801  430.25497  436.49587  446.34137  453.05394  460.01581  438.15062  444.61730  451.32038  430.21961  436.45264  442.91001  453.01501  459.96805  467.18318  444.57980  451.27441  458.21733  436.41650  442.86574  449.55041
 438.18056  444.64813  451.35215  430.23908  436.47268  442.93065  422.54644  428.55757  434.78177  444.61063  451.30617  458.25007  436.43654  442.88637  449.57167  428.52273  434.73911  441.17892  451.26781  458.20293  465.39913  442.84943  449.52630  456.45048  434.70351  441.13522  447.80140
 436.46605  442.91676  449.60298  428.54187  434.75881  441.19921  420.86700  426.86169  433.06857  442.87981  449.55760  456.48276  434.72321  441.15551  447.82231  426.82737  433.02647  439.44805  449.51979  456.43623  463.61272  441.11910  447.77753  454.68226  432.99139  439.40493  446.05195
 434.75231  441.18548  447.85318  426.84620  433.04585  439.46801  419.18979  425.16746  431.35640  441.14906  447.80840  454.71409  433.01077  439.42488  446.07251  425.13365  431.31486  437.71758  447.77116  454.66816  461.82413  439.38902  446.02831  452.91284  431.28030  437.67502  444.30218
 433.03945  439.45442  446.10295  425.15215  431.33391  437.73720  417.51490  423.47500  429.64541  439.41855  446.05874  452.94421  431.29935  437.69464  444.32239  423.44169  429.60441  435.98763  446.02203  452.89887  460.03355  437.65930  444.27876  451.14237  429.57036  435.94562  442.55226
 431.32763  437.72376  444.35240  423.45990  429.62315  436.00694  415.84248  421.78443  427.93572  437.68841  444.30876  451.17331  429.58910  435.96492  442.57215  421.75161  427.89524  434.25836  444.27260  451.12856  458.24118  435.93010  442.52908  449.37107  427.86170  434.21689  440.80235
 429.61697  435.99362  442.60173  421.76952  427.91367  434.27734  414.17260  420.09586  426.22745  435.95880  442.55865  449.40156  427.88013  434.23587  440.82191  420.06353  426.18751  432.52989  442.52300  449.35738  456.44722  434.20154  440.77939  447.59908  426.15444  432.48896  439.05261
 427.90761  434.26417  440.85108  420.08114  426.20564  432.54856  412.50538  418.40942  424.52075  434.22984  440.80856  447.62916  426.17257  432.50763  439.07185  418.37755  424.48132  430.80240  440.77343  447.58552  454.65184  432.47381  439.02987  445.82658  424.44875  430.76198  437.30320
 426.19967  432.53554  439.10062  418.39486  424.49914  430.82075  410.84090  416.72520  422.81573  432.50172  439.05863  445.85623  424.46657  430.78033  437.32211  416.69380  422.77680  429.07597  439.02401  445.81316  452.85524  430.74701  437.28067  444.05373  422.74470  429.03608  435.55424
 424.49329  430.80785  437.35047  416.71085  422.79434  429.09404  409.17931  415.04334  421.11252  430.77452  437.30903  444.08297  422.76224  429.05415  435.57286  415.01240  421.07409  427.35080  437.27489  444.04043  451.05759  429.02129  435.53193  442.28071  421.04245  427.31140  433.80592
 422.78858  429.08128  435.60083  415.02914  421.09133  427.36855  407.52065  413.36392  419.41122  429.04842  435.55989  442.30954  421.05968  427.32915  433.82422  413.33343  419.37328  425.62697  435.52626  442.26754  449.25907  427.29678  433.78381  440.50765  419.34210  425.58808  432.05835
 421.08566  427.35592  433.85180  413.34990  419.39023  425.64444  405.86503  411.68705  417.71196  427.32354  433.81139  440.53609  419.35905  425.60554  432.07635  411.65700  417.67451  423.90463  433.77822  440.49462  447.45986  425.57362  432.03645  438.73474  417.64376  423.86623  430.31168
 419.38467  425.63194  432.10355  411.67321  417.69119  423.92181  404.21256  410.01286  416.01487  425.60001  432.06365  438.76279  417.66045  423.88341  430.32939  409.98323  415.97789  422.18391  432.03096  438.72183  445.66014  423.85195  430.29000  436.96214  415.94758  422.14599  428.56607
 417.68572  423.90944  430.35622  409.99917  415.99430  422.20081  402.56331  408.34141  414.32003  423.87797  430.31682  436.98980  415.96399  422.16289  428.58349  408.31221  414.28351  420.46492  430.28458  436.94936  443.86007  422.13187  428.54460  435.18998  414.25363  420.42749  426.82163
 415.98891  422.18856  428.60995  408.32790  414.29966  420.48156  400.91737  406.67282  412.62757  422.15753  428.57105  435.21726  414.26978  420.44412  426.83878  406.64403  412.59152  418.74779  428.53926  435.17733  442.05984  420.41352  426.80037  433.41844  412.56205  418.71083  425.07853
 414.29436  420.46944  426.86487  406.65947  412.60742  418.76417  399.27484  405.00720  410.93760  420.43884  426.82646  433.44535  412.57795  418.72721  425.09541  404.97881  410.90200  417.03266  426.79512  433.40590  440.25959  418.69704  425.05747  431.64765  410.87296  416.99615  423.33688
 412.60218  418.75217  425.12113  404.99400  410.91764  417.04877  397.63580  403.34463  409.25023  418.72200  425.08319  431.67418  410.88859  417.01226  423.35347  403.31664  409.21507  415.31964  425.05229  431.63524  438.45951  416.98252  423.31602  429.87777  409.18644  415.28359  421.59683
 410.91250  417.03689  423.37886  403.33159  409.23046  415.33549  396.00033  401.68520  407.56556  417.00715  423.34140  429.90395  409.20183  415.29944  421.61316  401.65761  407.53084  413.60884  423.31093  429.86548  436.65975  415.27011  421.57617  428.10894  407.50260  413.57323  419.85848
 409.22541  415.32373  421.63819  401.67231  407.54598  413.62443  394.36851  400.02901  405.88369  415.29440  421.60119  428.13475  407.51774  413.58882  419.87455  400.00180  405.84940  411.90036  421.57114  428.09675  434.86048  413.55990  419.83801  426.34130  405.82155  411.86519  418.12199
 407.54100  413.61278  419.89924  400.01627  405.86430  411.91571  392.74043  398.37616  404.20472  413.58386  419.86270  426.36676  405.83645  411.88054  418.13781  398.34932  404.17086  410.19436  419.83306  426.32923  433.06184  411.85201  418.10171  424.57500  404.14339  410.15962  416.38748
 405.85939  411.90417  418.16216  398.36355  404.18551  410.20945  391.11613  396.72669  402.52875  411.87564  418.12607  424.60011  404.15804  410.17471  416.40303  396.70022  402.49530  408.49088  418.09683  424.56303  431.26399  410.14658  416.36738  422.81016  402.46821  408.45657  414.65504
 404.18068  410.19803  416.42706  396.71425  402.50974  408.50575  389.49573  395.08075  400.85588  410.16989  416.39141  422.83494  402.48264  408.47144  414.67036  395.05464  400.82284  406.79009  416.36257  422.79832  429.46709  408.44368  414.63514  421.04693  400.79612  406.75620  412.92482
 402.50497  408.49443  414.69405  395.06843  400.83704  406.80471  387.87928  393.43837  399.18620  408.46667  414.65883  421.07136  400.81031  406.77081  412.93988  393.41262  399.15355  405.09206  414.63038  421.03519  427.67129  406.74344  412.90509  419.28544  399.12720  405.05857  411.19693
 400.83234  406.79351  412.96327  393.42619  399.16753  405.10645  386.26685  391.79966  397.51979  406.76613  412.92848  419.30956  399.14117  405.07296  411.21176  391.77426  397.48754  403.39691  412.90041  419.27382  425.87673  405.04596  411.17739  417.52582  397.46154  403.36383  409.47148
 399.16291  405.09535  411.23484  391.78762  397.50130  403.41107  384.65851  390.16468  395.85676  405.06834  411.20046  417.54961  397.47529  403.37799  409.48608  390.13963  395.82490  401.70472  411.17277  417.51430  424.08355  403.35135  409.45212  415.76820  395.79925  401.67204  407.74859
 397.49674  403.40008  409.50884  390.15279  395.83845  401.71867  383.05434  388.53354  394.19718  403.37344  409.47488  415.79167  395.81279  401.68599  407.76297  388.50882  394.16571  400.01562  409.44757  415.75679  422.29191  401.65971  407.72942  414.01272  394.14040  399.98334  406.02838
 395.83395  401.70778  407.78542  388.52177  394.17904  400.02935  381.45439  386.90627  392.54115  401.68149  407.75188  414.03587  394.15373  399.99706  406.04253  386.88189  392.51006  398.32968  407.72492  414.00139  420.50193  399.97112  406.00938  412.25947  392.48508  398.29778  404.31094
 394.17460  400.01855  406.06467  386.89463  392.52318  398.34320  379.85873  385.28298  390.88874  399.99261  406.03152  412.28229  392.49820  398.31129  404.32486  385.25892  390.85802  396.64701  406.00493  412.24823  418.71375  398.28570  404.29210  410.50858  390.83338  396.61548  402.59638
 392.51880  398.33250  404.34672  385.27146  390.87094  396.66031  378.26742  383.66373  389.24005  398.30691  404.31396  410.53112  390.84629  396.62878  402.61009  383.63999  389.20969  394.96770  404.28772  410.49746  416.92752  396.60353  402.57772  408.76020  389.18538  394.93655  400.88482
 390.86662  396.64971  402.63166  383.65234  389.22240  394.98079  376.68052  382.04857  387.59513  396.62446  402.59929  408.78243  389.19809  394.94964  400.89831  382.02514  387.56514  393.29183  402.57339  408.74918  415.14337  394.92472  400.86633  407.01441  387.54114  393.26105  399.17634
 389.21814  394.97029  400.91959  382.03732  387.57766  393.30473  375.09810  380.43760  385.95410  394.94537  400.88761  407.03635  387.55367  393.27395  399.18963  380.41448  385.92446  391.61950  400.86205  407.00349  413.36141  393.24935  399.15802  405.27136  385.90077  391.58908  397.47106
 387.57346  393.29432  399.21062  380.42646  385.93678  391.63219  373.52020  378.83088  384.31700  393.26972  399.17902  405.29300  385.91309  391.60177  397.48413  378.80805  384.28771  389.95080  399.15379  405.26052  411.58179  391.57749  397.45289  403.53112  384.26432  389.92073  395.76906
 385.93263  391.62189  397.50486  378.81984  384.29984  389.96329  371.94689  377.22845  382.68392  391.59761  397.47362  403.55248  384.27645  389.93322  395.78193  377.20592  382.65496  388.28580  397.44872  403.52039  409.80462  389.90926  395.75107  401.79382  382.63189  388.25609  394.07045
 384.29574  389.95308  395.80239  377.21753  382.66691  388.29810  370.37821  375.63040  381.05493  389.92911  395.77152  401.81491  382.64383  388.26839  394.08313  375.60816  381.02632  386.62460  395.74693  401.78319  408.03002  388.24473  394.05261  400.05958  381.00353  386.59523  392.37532
 382.66286  388.28798  394.10331  375.61959  381.03808  386.63671  368.81422  374.03678  379.43010  388.26432  394.07279  400.08038  381.01529  386.60733  392.38779  374.01482  379.40181  384.96725  394.04853  400.04902  406.25813  386.58398  392.35763  398.32849  379.37932  384.93822  390.68376
 381.03407  386.62668  392.40771  374.02608  379.41340  384.97918  367.25497  372.44764  377.80949  386.60332  392.37755  398.34903  379.39091  384.95015  390.69604  372.42597  377.78153  383.31387  392.35360  398.31804  404.48904  384.92710  390.66623  396.60066  377.75933  383.28518  388.99584
 379.40945  384.96924  390.71570  372.43706  377.79294  383.32562  365.70051  370.86305  376.19319  384.94619  390.68589  396.62092  377.77074  383.29692  389.00794  370.84166  376.16555  381.66450  390.66223  396.59028  402.72290  383.27415  388.97847  394.87618  376.14362  381.63613  387.31168
 377.78904  383.31577  389.02734  370.85258  376.17679  381.67608  364.15089  369.28308  374.58123  383.29299  388.99787  394.89618  376.15486  381.64771  387.32360  369.26194  374.55391  380.01925  388.97452  394.86590  400.95979  381.62523  387.29446  393.15517  374.53226  379.99121  385.63135
 376.17292  381.66630  387.34275  369.27270  374.56498  380.03064  362.60615  367.70774  372.97371  381.64383  387.31361  393.17490  374.54333  380.00260  385.64309  367.68688  372.94670  378.37817  387.29056  393.14497  399.19983  379.98041  385.61429  391.43769  372.92532  378.35045  383.95493
 374.56116  380.02095  385.66199  367.69748  372.95760  378.38939  361.06633  366.13713  371.37067  379.99876  385.63319  391.45717  372.93622  378.36166  383.96648  366.11652  371.34397  376.74132  385.61042  391.42758  397.44314  378.33974  383.93801  389.72387  371.32285  376.71391  382.28251
 372.95383  378.37979  383.98515  366.12697  371.35471  376.75238  359.53148  364.57128  369.77217  378.35786  383.95668  389.74310  371.33360  376.72497  382.29390  364.55092  369.74577  375.10879  383.93419  389.71384  395.68981  376.70333  382.26574  388.01380  369.72491  375.08169  380.61416
 371.35097  376.74286  382.31231  364.56121  369.75635  375.11968  358.00165  363.01023  368.17828  376.72121  382.28416  388.03277  369.73549  375.09258  380.62537  362.99013  368.15216  373.48065        nan        nan        nan        nan        nan        nan        nan        nan        nan
