       nan        nan        nan        nan        nan        nan        nan        nan        nan 32240.54600        nan        nan        nan        nan        nan        nan        nan        nan 32237.63000 32194.66700        nan        nan        nan        nan        nan        nan        nan
32243.61400        nan        nan 32278.52750        nan        nan        nan        nan        nan 32240.69800 32197.73500        nan 32275.61150 32232.64850        nan        nan        nan        nan 32234.86300 32191.53650 32155.74650 32269.77650 32226.45000 32190.66000        nan        nan        nan
32246.84300 32203.88000        nan 32282.27450 32239.31150        nan 32311.49600 32268.53300        nan 32241.00800 32197.68150 32161.89150 32276.43950 32233.11300 32197.32300 32305.66100 32262.33450 32226.54450 32232.24800 32188.37550 32151.63150 32267.67950 32223.80700 32187.06300 32296.90100 32253.02850 32216.28450
32250.24550 32206.91900 32171.12900 32286.45700 32243.13050 32207.34050 32317.02050 32273.69400 32237.90400 32241.48550 32197.61300 32160.86900 32277.69700 32233.82450 32197.08050 32308.26050 32264.38800 32227.64400 32229.79100 32185.19050 32147.22000 32266.00250 32221.40200 32183.43150 32296.56600 32251.96550 32213.99500
32253.83700 32209.96450 32173.22050 32291.08550 32247.21300 32210.46900 32323.33400 32279.46150 32242.71750 32242.14250 32197.54200 32159.57150 32279.39100 32234.79050 32196.82000 32311.63950 32267.03900 32229.06850 32227.50250 32181.99400 32142.55500 32264.75100 32219.24250 32179.80350 32296.99950 32251.49100 32212.05200
32257.63350 32213.03300 32175.06250 32296.16750 32251.56700 32213.59650 32330.38400 32285.78350 32247.81300 32242.99350 32197.48500 32158.04600 32281.52750 32236.01900 32196.58000 32315.74400 32270.23550 32230.79650 32225.39550 32178.80300 32137.68550 32263.92950 32217.33700 32176.21950 32298.14600 32251.55350 32210.43600
32261.65050 32216.14200 32176.70300 32301.70500 32256.19650 32216.75750 32338.11550 32292.60700 32253.16800 32244.05250 32197.46000 32156.34250 32284.10700 32237.51450 32196.39700 32320.51750 32273.92500 32232.80750 32223.48300 32175.63800 32132.66050 32263.53750 32215.69250 32172.71500 32299.94800 32252.10300 32209.12550
32265.90300 32219.31050 32178.19300 32307.69250 32261.10000 32219.98250 32346.47800 32299.88550 32258.76800 32245.33350 32197.48850 32154.51100 32287.12300 32239.27800 32196.30050 32325.90850 32278.06350 32235.08600 32221.77850 32172.52000 32127.52950 32263.56800 32214.30950 32169.31900 32302.35350 32253.09500 32208.10450
32270.40100 32222.55600 32179.57850 32314.11900 32266.27400 32223.29650 32355.42450 32307.57950 32264.60200 32246.84600 32197.58750 32152.59700 32290.56400 32241.30550 32196.31500 32331.86950 32282.61100 32237.62050 32220.29300 32169.47050 32122.33650 32264.01100 32213.18850 32166.05450 32305.31650 32254.49400 32207.36000
32275.15400 32225.89550 32180.90500 32320.97200 32271.71350 32226.72300 32364.91200 32315.65350 32270.66300 32248.60100 32197.77850 32150.64450 32294.41900 32243.59650 32196.46250 32338.35900 32287.53650 32240.40250 32219.03550 32166.51050 32117.12250 32264.85350 32212.32850 32162.94050 32308.79350 32256.26850 32206.88050
32280.16800 32229.34550 32182.21150 32328.23650 32277.41400 32230.28000 32374.90350 32324.08100 32276.94700 32250.60250 32198.07750 32148.68950 32298.67100 32246.14600 32196.75800 32345.33800 32292.81300 32243.42500 32218.01400 32163.65800 32111.92350 32266.08250 32211.72650 32159.99200 32312.74950 32258.39350 32206.65900
32285.44650 32232.92150 32183.53350 32335.89400 32283.36900 32233.98100 32385.36450 32332.83950 32283.45150 32252.85800 32198.50200 32146.76750 32303.30550 32248.94950 32197.21500 32352.77600 32298.42000 32246.68550 32217.23550 32160.93250 32106.77250 32267.68300 32211.38000 32157.22000 32317.15350 32260.85050 32206.69050
32290.99200 32236.63600 32184.90150 32343.93100 32289.57500 32237.84050 32396.26550 32341.90950 32290.17500 32255.36950 32199.06650 32144.90650 32308.30850 32252.00550 32197.84550 32360.64300 32304.34000 32250.18000 32216.70250 32158.34750 32101.69500 32269.64150 32211.28650 32154.63400 32321.97600 32263.62100 32206.96850
32296.80450 32240.50150 32186.34150 32352.33100 32296.02800 32241.86800 32407.58150 32351.27850 32297.11850 32258.13750 32199.78250 32143.13000 32313.66400 32255.30900 32198.65650 32368.91450 32310.55950 32253.90700 32216.41850 32155.91700 32096.71450 32271.94500 32211.44350 32152.24100 32327.19550 32266.69400 32207.49150
32302.88150 32244.52650 32187.87400 32361.07850 32302.72350 32246.07100 32419.28750 32360.93250 32304.28000 32261.16250 32200.66100 32141.45850 32319.35950 32258.85800 32199.65550 32377.56850 32317.06700 32257.86450 32216.38450 32153.65100 32091.84900 32274.58150 32211.84800 32150.04600 32332.79050 32270.05700 32208.25500
32309.22400 32248.72250 32189.52000 32370.16100 32309.65950 32250.45700 32431.36300 32370.86150 32311.65900 32264.44600 32201.71250 32139.91050 32325.38300 32262.64950 32200.84750 32386.58500 32323.85150 32262.04950 32216.60200 32151.56150 32087.11700 32277.53900 32212.49850 32148.05400 32338.74100 32273.70050 32209.25600
32315.82800 32253.09450 32191.29250 32379.56650 32316.83300 32255.03100 32443.79250 32381.05900 32319.25700 32267.98400 32202.94350 32138.49900 32331.72250 32266.68200 32202.23750 32395.94850 32330.90800 32266.46350 32217.06950 32149.65450 32082.53000 32280.80800 32213.39300 32146.26850 32345.03400 32277.61900 32210.49450
32322.69050 32257.65000 32193.20550 32389.28250 32324.24200 32259.79750 32456.55750 32391.51700 32327.07250 32271.77600 32204.36100 32137.23650 32338.36800 32270.95300 32203.82850 32405.64300 32338.22800 32271.10350 32217.78650 32147.93600 32078.10100 32284.37850 32214.52800 32144.69300 32351.65350 32281.80300 32211.96800
32329.80900 32262.39400 32195.26950 32399.29900 32331.88400 32264.75950 32469.64350 32402.22850 32335.10400 32275.81950 32205.96900 32136.13400 32345.30950 32275.45900 32205.62400 32415.65400 32345.80350 32275.96850 32218.75250 32146.41350 32073.83800 32288.24250 32215.90350 32143.32800 32358.58700 32286.24800 32213.67250
32337.17950 32267.32900 32197.49400 32409.60550 32339.75500 32269.92000 32483.03800 32413.18750 32343.35250 32280.11250 32207.77350 32135.19800 32352.53850 32280.19950 32207.62400 32425.97100 32353.63200 32281.05650 32219.96500 32145.09000 32069.75000 32292.39100 32217.51600 32142.17600 32365.82350 32290.94850 32215.60850
32344.80000 32272.46100 32199.88550 32420.19450 32347.85550 32275.28000 32496.73000 32424.39100 32351.81550 32284.65250 32209.77750 32134.43750 32360.04700 32285.17200 32209.83200 32436.58250 32361.70750 32286.36750 32221.42350 32143.96950 32065.84350 32296.81800 32219.36400 32141.23800 32373.35350 32295.89950 32217.77350
32352.66650 32277.79150 32202.45150 32431.05650 32356.18150 32280.84150 32510.70800 32435.83300 32360.49300 32289.43750 32211.98350 32133.85750 32367.82750 32290.37350 32212.24750 32447.47900 32370.02500 32291.89900 32223.12550 32143.05500 32062.12350 32301.51550 32221.44500 32140.51350 32381.16700 32301.09650 32220.16500
32360.77550 32283.32150 32205.19550 32442.18550 32364.73150 32286.60550 32524.96250 32447.50850 32369.38250 32294.46350 32214.39300 32133.46150 32375.87350 32295.80300 32214.87150 32458.65050 32378.58000 32297.64850 32225.06850 32142.34750 32058.59450 32306.47850 32223.75750 32140.00450 32389.25550 32306.53450 32222.78150
32369.12300 32289.05250 32208.12100 32453.57300 32373.50250 32292.57100 32539.48500 32459.41450 32378.48300 32299.72800 32217.00700 32133.25400 32384.17800 32301.45700 32217.70400 32470.09000 32387.36900 32303.61600 32227.24950 32141.84850 32055.25900 32311.69950 32226.29850 32139.70900 32397.61150 32312.21050 32225.62100
32377.70600 32294.98500 32211.23200 32465.21300 32382.49200 32298.73900 32554.26700 32471.54600 32387.79300 32305.22750 32219.82650 32133.23700 32392.73450 32307.33350 32220.74400 32481.78850 32396.38750 32309.79800 32229.66650 32141.55900 32052.12050 32317.17350 32229.06600 32139.62750 32406.22750 32318.12000 32228.68150
32386.52050 32301.11950 32214.53000 32477.09900 32391.69800 32305.10850 32569.29950 32483.89850 32397.30900 32310.95950 32222.85200 32133.41350 32401.53800 32313.43050 32223.99200 32493.73850 32405.63100 32316.19250 32232.31700 32141.47950 32049.18050 32322.89550 32232.05800 32139.75900 32415.09600 32324.25850 32231.95950
32395.56250 32307.45500 32218.01650 32489.22550 32401.11800 32311.67950 32584.57600 32496.46850 32407.03000 32316.92000 32226.08250 32133.78350 32410.58300 32319.74550 32227.44650 32505.93350 32415.09600 32322.79700 32235.19800 32141.60900 32046.44000 32328.86100 32235.27200 32140.10300 32424.21150 32330.62250 32235.45350
32404.82950 32313.99200 32221.69300 32501.58550 32410.74800 32318.44900 32600.09000 32509.25250 32416.95350 32323.10750 32229.51850 32134.34950 32419.86350 32326.27450 32231.10550 32518.36800 32424.77900 32329.61000 32238.30700 32141.94900 32043.90000 32335.06300 32238.70500 32140.65600 32433.56750 32337.20950 32239.16050
32414.31700 32320.72800 32225.55900 32514.17450 32420.58550 32325.41650 32615.83500 32522.24600 32427.07700 32329.51650 32233.15850 32135.10950 32429.37400 32333.01600 32234.96700 32531.03450 32434.67650 32336.62750 32241.64050 32142.49600 32041.56100 32341.49800 32242.35350 32141.41850 32443.15850 32344.01400 32243.07900
32424.02100 32327.66300 32229.61400 32526.98600 32430.62800 32332.57900 32631.80250 32535.44450 32437.39550 32336.14500 32237.00050 32136.06550 32439.11000 32339.96550 32239.03050 32543.92650 32444.78200 32343.84700 32245.19600 32143.25050 32039.42250 32348.16100 32246.21550 32142.38750 32452.97750 32351.03200 32247.20400
32433.93850 32334.79400 32233.85900 32540.01650 32440.87200 32339.93700 32647.98900 32548.84450 32447.90950 32342.98950 32241.04400 32137.21600 32449.06750 32347.12200 32243.29400 32557.04000 32455.09450 32351.26650 32248.96950 32144.21050 32037.48500 32355.04750 32250.28850 32143.56300 32463.02000 32358.26100 32251.53550
32444.06550 32342.12000 32238.29200 32553.26000 32451.31450 32347.48650 32664.38650 32562.44100 32458.61300 32350.04550 32245.28650 32138.56100 32459.24000 32354.48100 32247.75550 32570.36650 32465.60750 32358.88200 32252.95850 32145.37500 32035.74650 32362.15300 32254.56950 32144.94100 32473.27950 32365.69600 32256.06750
32454.39700 32349.63800 32242.91250 32566.71000 32461.95100 32355.22550 32680.99050 32576.23150 32469.50600 32357.31000 32249.72650 32140.09800 32469.62300 32362.03950 32252.41100 32583.90350 32476.32000 32366.69150 32257.15900 32146.74050 32034.20600 32369.47200 32259.05350 32146.51900 32483.75250 32373.33400 32260.79950
32464.93100 32357.34750 32247.71900 32580.36300 32472.77950 32363.15100 32697.79400 32590.21050 32480.58200 32364.78000 32254.36150 32141.82700 32480.21200 32369.79350 32257.25900 32597.64300 32487.22450 32374.69000 32261.56900 32148.30700 32032.86300 32377.00100 32263.73900 32148.29500 32494.43200 32381.17000 32265.72600
32475.66200 32365.24350 32252.70900 32594.21350 32483.79500 32371.26050 32714.79150 32604.37300 32491.83850 32372.45100 32259.18900 32143.74500 32491.00250 32377.74050 32262.29650 32611.58050 32498.31850 32382.87450 32266.18250 32150.07050 32031.71500 32384.73400 32268.62200 32150.26650 32505.31200 32389.20000 32270.84450
32486.58650 32373.32450 32257.88050 32608.25700 32494.99500 32379.55100 32731.97850 32618.71650 32503.27250 32380.31800 32264.20600 32145.85050 32501.98850 32385.87650 32267.52100 32625.71000 32509.59800 32391.24250 32270.99800 32152.02900 32030.76000 32392.66850 32273.69950 32152.43050 32516.39000 32397.42100 32276.15200
32497.69900 32381.58700 32263.23150 32622.48600 32506.37400 32388.01850 32749.34700 32633.23500 32514.87950 32388.37900 32269.41000 32148.14100 32513.16600 32394.19700 32272.92800 32640.02700 32521.05800 32399.78900 32276.01050 32154.17950 32029.99650 32400.79750 32278.96650 32154.78350 32527.65850 32405.82750 32281.64450
32508.99750 32390.02850 32268.75950 32636.89950 32517.93050 32396.66150 32766.89350 32647.92450 32526.65550 32396.62900 32274.79800 32150.61500 32524.53100 32402.70000 32278.51700 32654.52500 32532.69400 32408.51100 32281.21700 32156.51950 32029.42200 32409.11900 32284.42150 32157.32400 32539.11300 32414.41550 32287.31800
32520.47600 32398.64500 32274.46200 32651.48850 32529.65750 32405.47450 32784.61150 32662.78050 32538.59750 32405.06400 32280.36650 32153.26900 32536.07650 32411.37900 32284.28150 32669.19950 32544.50200 32417.40450 32286.61350 32159.04600 32029.03400 32417.62600 32290.05850 32160.04650 32550.74900 32423.18150 32293.16950
32532.13000 32407.43250 32280.33500 32666.25050 32541.55300 32414.45550 32802.49550 32677.79800 32550.70050 32413.67950 32286.11200 32156.10000 32547.80000 32420.23250 32290.22050 32684.04500 32556.47750 32426.46550 32292.19450 32161.75400 32028.82800 32426.31500 32295.87450 32162.94850 32562.56000 32432.11950 32299.19350
32543.95650 32416.38900 32286.37700 32681.17900 32553.61150 32423.59950 32820.53950 32692.97200 32562.96000 32422.47150 32292.03100 32159.10500 32559.69400 32429.25350 32296.32750 32699.05450 32568.61400 32435.68800 32297.95800 32164.64300 32028.80400 32435.18050 32301.86550 32166.02650 32574.54100 32441.22600 32305.38700
32555.94950 32425.50900 32292.58300 32696.26900 32565.82850 32432.90250 32838.73800 32708.29750 32575.37150 32431.43600 32298.12100 32162.28200 32571.75550 32438.44050 32302.60150 32714.22450 32580.90950 32445.07050 32303.89900 32167.70750 32028.95750 32444.21850 32308.02700 32169.27700 32586.68750 32450.49600 32311.74600
32568.10450 32434.78950 32298.95050 32711.51600 32578.20100 32442.36200 32857.08500 32723.77000 32587.93100 32440.56750 32304.37600 32165.62600 32583.97900 32447.78750 32309.03750 32729.54800 32593.35650 32454.60650 32310.01200 32170.94400 32029.28400 32453.42350 32314.35550 32172.69550 32598.99250 32459.92450 32318.26450
32580.41750 32444.22600 32305.47600 32726.91350 32590.72200 32451.97200 32875.57600 32739.38450 32600.63450 32449.86200 32310.79400 32169.13400 32596.35800 32457.29000 32315.63000 32745.02050 32605.95250 32464.29250 32316.29450 32174.35000 32029.78200 32462.79050 32320.84600 32176.27800 32611.45300 32469.50850 32324.94050
32592.88250 32453.81450 32312.15450 32742.45600 32603.38800 32461.72800 32894.20300 32755.13500 32613.47500 32459.31500 32317.37050 32172.80250 32608.88850 32466.94400 32322.37600 32760.63550 32618.69100 32474.12300 32322.74100 32177.92000 32030.44750 32472.31450 32327.49350 32180.02100 32624.06150 32479.24050 32331.76800
32605.49500 32463.55050 32318.98250 32758.13950 32616.19500 32471.62700 32912.96200 32771.01750 32626.44950 32468.92100 32324.10000 32176.62750 32621.56550 32476.74450 32329.27200 32776.38800 32631.56700 32484.09450 32329.34650 32181.64900 32031.27500 32481.99100 32334.29350 32183.91950 32636.81350 32489.11600 32338.74200
32618.25050 32473.42950 32325.95700 32773.95750 32629.13650 32481.66400 32931.84650 32787.02550 32639.55300 32478.67600 32330.97850 32180.60450 32634.38300 32486.68550 32336.31150 32792.27200 32644.57450 32494.20050 32336.10650 32185.53550 32032.26250 32491.81350 32341.24250 32187.96950 32649.70250 32499.13150 32345.85850
32631.14400 32483.44650 32333.07250 32789.90450 32642.20700 32491.83300 32950.85050 32803.15300 32652.77900 32488.57450 32338.00350 32184.73050 32647.33500 32496.76400 32343.49100 32808.28100 32657.71000 32504.43700 32343.01750 32189.57400 32033.40550 32501.77800 32348.33450 32192.16600 32662.72400 32509.28050 32353.11200
32644.16850 32493.59750 32340.32450 32805.97400 32655.40300 32502.13000 32969.96750 32819.39650 32666.12350 32498.61150 32345.16800 32188.99950 32660.41700 32506.97350 32350.80500 32824.41050 32670.96700 32514.79850 32350.07250 32193.75900 32034.70000 32511.87800 32355.56450 32196.50550 32675.87150 32519.55800 32360.49900
32657.32050 32503.87700 32347.70850 32822.16150 32668.71800 32512.54950 32989.19150 32835.74800 32679.57950 32508.78150 32352.46800 32193.40900 32673.62250 32517.30900 32358.25000 32840.65250 32684.33900 32525.28000 32357.26750 32198.08700 32036.14100 32522.10850 32362.92800 32200.98200 32689.13850 32529.95800 32368.01200
32670.59300 32514.27950 32355.22050 32838.46100 32682.14750 32523.08850 33008.51600 32852.20250 32693.14350 32519.07900 32359.89850 32197.95250 32686.94700 32527.76650 32365.82050 32857.00200 32697.82150 32535.87550 32364.59700 32202.55200 32037.72450 32532.46500 32370.42000 32205.59250 32702.52000 32540.47500 32375.64750
32683.98150 32524.80100 32362.85500 32854.86500 32695.68450 32533.73850 33027.93500 32868.75450 32706.80850 32529.49950 32367.45450 32202.62700 32700.38300 32538.33800 32373.51050 32873.45300 32711.40800 32546.58050 32372.05650 32207.15100 32039.44550 32542.94000 32378.03450 32210.32900 32716.01000 32551.10450 32383.39900
32697.48050 32535.43550 32370.60800 32871.36950 32709.32450 32544.49700 33047.44250 32885.39750 32720.57000 32540.03750 32375.13200 32207.42650 32713.92650 32549.02100 32381.31550 32889.99950 32725.09400 32557.38850 32379.64000 32211.87800 32041.30050 32553.52900 32385.76700 32215.18950 32729.60200 32561.84000 32391.26250
32711.08400 32546.17850 32378.47300 32887.96650 32723.06100 32555.35550 33067.03150 32902.12600 32734.42050 32550.68650 32382.92450 32212.34700 32727.56900 32559.80700 32389.22950 32906.63400 32738.87200 32568.29450 32387.34250 32216.72750 32043.28350 32564.22500 32393.61000 32220.16600 32743.29000 32572.67500 32399.23100
32724.78450 32557.02250 32386.44500 32904.65100 32736.88900 32566.31150 33086.69550 32918.93350 32748.35600 32561.44050 32390.82550 32217.38150 32741.30700 32570.69200 32397.24800 32923.35150 32752.73650 32579.29250 32395.15800 32221.69400 32045.38900 32575.02450 32401.56050 32225.25550 32757.06900 32583.60500 32407.30000
32738.57800 32567.96300 32394.51900 32921.41600 32750.80100 32577.35700 33106.42750 32935.81250 32762.36850 32572.29550 32398.83150 32222.52650 32755.13350 32581.66950 32405.36450 32940.14500 32766.68100 32590.37600 32403.08050 32226.77350 32047.61300 32585.91850 32409.61150 32230.45100 32770.93000 32594.62300 32415.46250
32752.45900 32578.99500 32402.69000 32938.25650 32764.79250 32588.48750 33126.22200 32952.75800 32776.45300 32583.24400 32406.93700 32227.77650 32769.04150 32592.73450 32413.57400 32957.00700 32780.70000 32601.53950 32411.10500 32231.96000 32049.95000 32596.90250 32417.75750 32235.74750 32784.86800 32605.72300 32423.71300
32766.41900 32590.11200 32410.95150 32955.16350 32778.85650 32599.69600 33146.07050 32969.76350 32790.60300 32594.28000 32415.13500 32233.12500 32783.02450 32603.87950 32421.86950 32973.93150 32794.78650 32612.77650 32419.22550 32237.24750 32052.39450 32607.97000 32425.99200 32241.13900 32798.87700 32616.89900 32432.04600
32780.45300 32601.30800 32419.29800 32972.13200 32792.98700 32610.97700 33165.96650 32986.82150 32804.81150 32605.39850 32423.42050 32238.56750 32797.07750 32615.09950 32430.24650 32990.91200 32808.93400 32624.08100 32427.43600 32242.63100 32054.94150 32619.11500 32434.31000 32246.62050 32812.94950 32628.14450 32440.45500
32794.55500 32612.57700 32427.72400 32989.15550 32807.17750 32622.32450 33185.90400 33003.92600 32819.07300 32616.59250 32431.78750 32244.09800 32811.19300 32626.38800 32438.69850 33007.94150 32823.13650 32635.44700 32435.72950 32248.10350 32057.58500 32630.33000 32442.70400 32252.18550 32827.07850 32639.45250 32448.93400
32808.71750 32623.91250 32436.22300 33006.22650 32821.42150 32633.73200 33205.87500 33021.07000 32833.38050 32627.85450 32440.22850 32249.71000 32825.36350 32637.73750 32447.21900 33025.01200 32837.38600 32646.86750 32444.10100 32253.65950 32060.31850 32641.61000 32451.16850 32257.82750 32841.25850 32650.81700 32457.47600
32822.93400 32635.30800 32444.78950 33023.33700 32835.71100 32645.19250 33225.87200 33038.24600 32847.72750 32639.18050 32448.73900 32255.39800 32839.58350 32649.14200 32455.80100 33042.11850 32851.67700 32658.33600 32452.54400 32259.29400 32063.13800 32652.94700 32459.69700 32263.54100 32855.48200 32662.23200 32466.07600
32837.19900 32646.75750 32453.41650 33040.48200 32850.04050 32656.69950 33245.88850 33055.44700 32862.10600 32650.56250 32457.31250 32261.15650 32853.84550 32660.59550 32464.43950 33059.25200 32866.00200 32669.84600 32461.05100 32265.00000 32066.03600 32664.33400 32468.28300 32269.31900 32869.74050 32673.68950 32474.72550
32851.50450 32658.25450 32462.09850 33057.65400 32864.40400 32668.24800 33265.91650 33072.66650 32876.51050 32661.99300 32465.94200 32266.97800 32868.14250 32672.09150 32473.12750 33076.40500 32880.35400 32681.39000 32469.61700 32270.77100 32069.00750 32675.76650 32476.92050 32275.15700 32884.02900 32685.18300 32483.41950
32865.84300 32669.79200 32470.82800 33074.84400 32878.79300 32679.82900 33285.94750 33089.89650 32890.93250 32673.46700 32474.62100 32272.85750 32882.46800 32683.62200 32481.85850 33093.57150 32894.72550 32692.96200 32478.23400 32276.60050 32072.04450 32687.23500 32485.60150 32281.04550 32898.33850 32696.70500 32492.14900
32880.21000 32681.36400 32479.60050 33092.04700 32893.20100 32691.43750 33305.97650 33107.13050 32905.36700 32684.97700 32483.34350 32278.78750 32896.81400 32695.18050 32490.62450 33110.74350 32909.11000 32704.55400 32486.89650 32282.48300 32075.14350 32698.73350 32494.32000 32286.98050 32912.66300 32708.24950 32500.91000
32894.59550 32692.96200 32488.40600 33109.25350 32907.62000 32703.06400 33325.99350 33124.36000 32919.80400 32696.51500 32492.10150 32284.76200 32911.17300 32706.75950 32499.42000 33127.91300 32923.49950 32716.16000 32495.59700 32288.41100 32078.29550 32710.25500 32503.06900 32292.95350 32926.99500 32719.80900 32509.69350
32908.99400 32704.58050 32497.24100 33126.45700 32922.04350 32714.70400 33345.99100 33141.57750 32934.23800 32708.07600 32500.89000 32290.77450 32925.53900 32718.35300 32508.23750 33145.07300 32937.88700 32727.77150 32504.32850 32294.37900 32081.49600 32721.79150 32511.84200 32298.95900 32941.32550 32731.37600 32518.49300
32923.39750 32716.21150 32506.09600 33143.65100 32936.46500 32726.34950 33365.96200 33158.77600 32948.66050 32719.65000 32509.70050 32296.81750 32939.90350 32729.95400 32517.07100 33162.21450 32952.26500 32739.38200 32513.08450 32300.37750 32084.73650 32733.33800 32520.63100 32304.99000 32955.64900 32742.94200 32527.30100
32937.79850 32727.84900 32514.96600 33160.82500 32950.87550 32737.99250 33385.89700 33175.94750 32963.06450 32731.23300 32518.52600 32302.88500 32954.25950 32741.55250 32525.91150 33179.33150 32966.62450 32750.98350 32521.85700 32306.40300 32088.01150 32744.88350 32529.42950 32311.03800 32969.95550 32754.50150 32536.11000
32952.19050 32739.48350 32523.84250 33177.97400 32965.26700 32749.62600 33405.79050 33193.08350 32977.44250 32742.81450 32527.36050 32308.96900 32968.59800 32753.14400 32534.75250 33196.41450 32980.96050 32762.56900 32530.63950 32312.44550 32091.31400 32756.42300 32538.22900 32317.09750 32984.23950 32766.04550 32544.91400
32966.56350 32751.10950 32532.71800 33195.08750 32979.63350 32761.24200 33425.63100 33210.17700 32991.78550 32754.38850 32536.19450 32315.06300 32982.91250 32764.71850 32543.58700 33213.45600 32995.26200 32774.13050 32539.42400 32318.49950 32094.63650 32767.94800 32547.02350 32323.16050 32998.49150 32777.56700 32553.70400
32980.91250 32762.71850 32541.58700 33212.15950 32993.96550 32772.83400 33445.41250 33227.21850 33006.08700 32765.94800 32545.02350 32321.16050 32997.19500 32776.27050 32552.40750 33230.44800 33009.52350 32785.66050 32548.20350 32324.55750 32097.97250 32779.45050 32555.80450 32329.21950 33012.70350 32789.05750 32562.47250
32995.22750 32774.30300 32550.44000 33229.18100 33008.25650 32784.39350 33465.12550 33244.20100 33020.33800 32777.48300 32553.83700 32327.25200 33011.43650 32787.79050 32561.20550 33247.38100 33023.73500 32797.15000 32556.96950 32330.61100 32101.31350 32790.92300 32564.56450 32335.26700 33026.86750 32800.50900 32571.21150
33009.50150 32785.85550 32559.27050 33246.14300 33022.49700 32795.91200 33484.76100 33261.11500 33034.53000 32788.98800 32562.62950 32333.33200 33025.62950 32799.27100 32569.97350 33264.24750 33037.88900 32808.59150 32565.71550 32336.65400 32104.65400 32802.35700 32573.29550 32341.29550 33040.97500 32811.91350 32579.91350
33023.72600 32797.36750 32568.07000 33263.03800 33036.67950 32807.38200 33504.31150 33277.95300 33048.65550 32800.45350 32571.39200 32339.39200 33039.76550 32810.70400 32578.70400 33281.03900 33051.97750 32819.97750 32574.43300 32342.67850 32107.98550 32813.74500 32581.99050 32347.29750 33055.01850 32823.26400 32588.57100
33037.89350 32808.83200 32576.83200 33279.85750 33050.79600 32818.79600 33523.76750 33294.70600 33062.70600 32811.87300 32580.11850 32345.42550 33053.83700 32822.08250 32587.38950 33297.74700 33065.99250 32831.29950 32583.11550 32348.67650 32111.30150 32825.07950 32590.64050 32353.26550 33068.98950 32834.55050 32597.17550
33051.99400 32820.23950 32585.54650 33296.59250 33064.83800 32830.14500 33543.12050 33311.36600 33076.67300 32823.23650 32588.79750 32351.42250 33067.83500 32833.39600 32596.02100 33314.36300 33079.92400 32842.54900 32591.75200 32354.63900 32114.59200 32836.35050 32599.23750 32359.19050 33082.87850 32845.76550 32605.71850
33066.02150 32831.58250 32594.20750 33313.23500 33078.79600 32841.42100 33562.36200 33327.92300 33090.54800 32834.53700 32597.42400 32357.37700 33081.75050 32844.63750 32604.59050 33330.87750 33093.76450 32853.71750 32600.33700 32360.56050 32117.85150 32847.55050 32607.77400 32365.06500 33096.67750 32856.90100 32614.19200
33079.96600 32842.85300 32602.80600 33329.77500 33092.66200 32852.61500 33581.48150 33344.36850 33104.32150 32845.76600 32605.98950 32363.28050 33095.57500 32855.79850 32613.08950 33347.28150 33107.50500 32864.79600 32608.86150 32366.43150 32121.07150 32858.67050 32616.24050 32370.88050 33110.37700 32867.94700 32622.58700
33093.81900 32854.04250 32611.33350 33346.20500 33106.42850 32863.71950 33600.47100 33360.69450 33117.98550 32856.91450 32614.48450 32369.12450 33109.30050 32866.87050 32621.51050 33363.56650 33121.13650 32875.77650 32617.31700 32372.24400 32124.24350 32869.70300 32624.63000 32376.62950 33123.96900 32878.89600 32630.89550
33107.57150 32865.14150 32619.78150 33362.51500 33120.08500 32874.72500 33619.32100 33376.89100 33131.53100 32867.97400 32622.90100 32374.90050 33122.91750 32877.84450 32629.84400 33379.72350 33134.65050 32886.65000 32625.69450 32377.98950 32127.36000 32880.63800 32632.93300 32382.30350 33137.44400 32889.73900 32639.10950
33121.21500 32876.14200 32628.14150 33378.69550 33133.62250 32885.62200 33638.02150 33392.94850 33144.94800 32878.93550 32631.23050 32380.60100 33136.41600 32888.71100 32638.08150 33395.74200 33148.03700 32897.40750 32633.98650 32383.65950 32130.41200 32891.46700 32641.14000 32387.89250 33150.79300 32900.46600 32647.21850
33134.74050 32887.03550 32636.40600 33394.73850 33147.03350 32896.40400 33656.56300 33408.85800 33158.22850 32889.79150 32639.46450 32386.21700 33149.78950 32899.46250 32646.21500 33411.61400 33161.28700 32908.03950 32642.18350 32389.24600 32133.39250 32902.18150 32649.24400 32393.39050 33164.00600 32911.06850 32655.21500
33148.13950 32897.81250 32644.56500 33410.63450 33160.30750 32907.06000 33674.93700 33424.61000 33171.36250 32900.53150 32647.59400 32391.74050 33163.02650 32910.08900 32654.23550 33427.32900 33174.39150 32918.53800 32650.27750 32394.74100 32136.29150 32912.77250 32657.23600 32398.78650 33177.07500 32921.53850 32663.08900
33161.40150 32908.46400 32652.61050 33426.37250 33173.43500 32917.58150 33693.13300 33440.19550 33184.34200 32911.14750 32655.61100 32397.16150 33176.11850 32920.58200 32662.13250 33442.87900 33187.34250 32928.89300 32658.25900 32400.13450 32139.10150 32923.23000 32665.10550 32404.07250 33189.99050 32931.86600 32670.83300
33174.51850 32918.98200 32660.53250 33441.94450 33186.40800 32927.95850 33711.14150 33455.60500 33197.15550 32921.63000 32663.50550 32402.47250 33189.05600 32930.93150 32669.89850 33458.25300 33200.12850 32939.09550 32666.11900 32405.41800 32141.81350 32933.54500 32672.84400 32409.23950 33202.74200 32942.04100 32678.43650
33187.48050 32929.35600 32668.32300 33457.34100 33199.21650 32938.18350 33728.95200 33470.82750 33209.79450 32931.96950 32671.26850 32407.66400 33201.83000 32941.12900 32677.52450 33473.44100 33212.74000 32949.13550 32673.84850 32410.58300 32144.41900 32943.70900 32680.44350 32414.27950 33215.32000 32952.05450 32685.89050
33200.27750 32939.57650 32675.97200 33472.55050 33211.84950 32948.24500 33746.55500 33485.85400 33222.24950 32942.15650 32678.89100 32412.72700 33214.42950 32951.16400 32685.00000 33488.43400 33225.16850 32959.00450 32681.43850 32415.62000 32146.90850 32953.71150 32687.89300 32419.18150 33227.71600 32961.89750 32693.18600
33212.90050 32949.63500 32683.47100 33487.56450 33224.29900 32958.13500 33763.93950 33500.67400 33234.51000 32952.18250 32686.36400 32417.65250 33226.84650 32961.02800 32692.31650 33503.22150 33237.40300 32968.69150 32688.87900 32420.52050 32149.27350 32963.54300 32695.18450 32423.93750 33239.91800 32971.55950 32700.31250
33225.34050 32959.52200 32690.81050 33502.37350 33236.55500 32967.84350 33781.09650 33515.27800 33246.56650 32962.03700 32693.67850 32422.43150 33239.07000 32970.71150 32699.46450 33517.79300 33249.43450 32978.18750 32696.16200 32425.27500 32151.50500 32973.19500 32702.30800 32428.53800 33251.91800 32981.03100 32707.26100
33237.58600 32969.22750 32697.98050 33516.96500 33248.60650 32977.35950 33798.01450 33529.65600 33258.40900 32971.71100 32700.82400 32427.05400 33251.09000 32980.20300 32706.43300 33532.13950 33261.25250 32987.48250 32703.27650 32429.87300 32153.59350 32982.65550 32709.25200 32432.97250 33263.70500 32990.30150 32714.02200
33249.62850 32978.74150 32704.97150 33531.33200 33260.44500 32986.67500 33814.68450 33543.79750 33270.02750 32981.19400 32707.79050 32431.51100 33262.89750 32989.49400 32713.21450 33546.25000 33272.84650 32996.56700 32710.21350 32434.30650 32155.52950 32991.91700 32716.01000 32437.23300 33275.26950 32999.36250 32720.58550
33261.45750 32988.05400 32711.77450 33545.46200 33272.05850 32995.77900 33831.09450 33557.69100 33281.41150 32990.47700 32714.57000 32435.79300 33274.48150 32998.57450 32719.79750 33560.11400 33284.20700 33005.43000 32716.96350 32438.56550 32157.30350 33000.96800 32722.57000 32441.30800 33286.60050 33008.20250 32726.94050
33273.06250 32997.15550 32718.37850 33559.34550 33283.43850 33004.66150 33847.23450 33571.32750 33292.55050 32999.54900 32721.15100 32439.88900 33285.83200 33007.43400 32726.17200 33573.72100 33295.32300 33014.06100 32723.51550 32442.63950 32158.90650 33009.79850 32728.92250 32445.18950 33297.68750 33016.81150 32733.07850
33284.43400 33006.03600 32724.77400 33572.97150 33294.57350 33013.31150 33863.09350 33584.69550 33303.43350 33008.40050 32727.52450 32443.79150 33296.93800 33016.06200 32732.32900 33587.06000 33306.18400 33022.45100 32729.86100 32446.52000 32160.32950 33018.39850 32735.05750 32448.86700 33308.52050 33025.17950 32738.98900
33295.56000 33014.68400 32730.95100 33586.32950 33305.45350 33021.72050 33878.66050 33597.78450 33314.05150 33017.02050 32733.67950 32447.48900 33307.79000 33024.44900 32738.25850 33600.12100 33316.78000 33030.58950 32735.98850 32450.19600 32161.56050 33026.75800 32740.96550 32452.33000 33319.08900 33033.29650 32744.66100
33306.43200 33023.09100 32736.90050 33599.40900 33316.06800 33029.87750 33893.92450 33610.58350 33324.39300 33025.40000 32739.60750 32450.97200 33318.37700 33032.58450 32743.94900 33612.89250 33327.10000 33038.46450 32741.88900 32453.65800 32162.59200 33034.86600 32746.63500 32455.56900 33329.38150 33041.15050 32750.08450
33317.03850 33031.24600 32742.61050 33612.19850 33326.40600 33037.77050 33908.87500 33623.08250 33334.44700 33033.52750 32745.29650 32454.23050 33328.68750 33040.45650 32749.39050 33625.36400 33337.13300 33046.06700 32747.55150 32456.89600 32163.41250 33042.71150 32752.05600 32458.57250 33339.38800 33048.73250 32755.24900
33327.36850 33039.13750 32748.07150 33624.68750 33336.45650 33045.39050 33923.49950 33635.26850 33344.20250 33041.39250 32750.73700 32457.25350 33338.71150 33048.05600 32754.57250 33637.52350 33346.86800 33053.38450 32752.96550 32459.89900 32164.01200 33050.28450 32757.21800 32461.33100 33349.09650 33056.03000 32760.14300
33337.41150 33046.75600 32753.27250 33636.86500 33346.20950 33052.72600 33937.78750 33647.13200 33353.64850 33048.98450 32755.91800 32460.03100 33348.43800 33055.37150 32759.48450 33649.36050 33356.29400 33060.40700 32758.12150 32462.65750 32164.38100 33057.57500 32762.11100 32463.83450 33358.49750 33063.03350 32764.75700
33347.15700 33054.09050 32758.20350 33648.71950 33355.65300 33059.76600 33951.72750 33658.66100 33362.77400 33056.29400 32760.83000 32462.55350 33357.85650 33062.39250 32764.11600 33660.86450 33365.40050 33067.12400 32763.00800 32465.16150 32164.51000 33064.57050 32766.72400 32466.07250 33367.57850 33069.73200 32769.08050
33356.59350 33061.12950 32762.85300 33660.24050 33364.77650 33066.50000 33965.30950 33669.84550 33371.56900 33063.30750 32765.46100 32464.80950 33366.95450 33069.10800 32768.45650 33672.02350 33374.17700 33073.52550 32767.61400 32467.39800 32164.38600 33071.26100 32771.04500 32468.03300 33376.33000 33076.11400 32773.10200
33365.71000 33067.86350 32767.21200 33671.41600 33373.56950 33072.91800 33978.51850 33680.67200 33380.02050 33070.01650 32769.80050 32466.78850 33375.72250 33075.50650 32772.49450 33682.82500 33382.60900 33079.59700 32771.93000 32469.35900 32164.00100 33077.63600 32775.06500 32469.70700 33384.73850 33082.16750 32776.80950
33374.49500 33074.27900 32771.26700 33682.23450 33382.01850 33079.00650 33991.34550 33691.12950 33388.11750 33076.40850 32773.83750 32468.47950 33384.14800 33081.57700 32776.21900 33693.25900 33390.68800 33085.33000 32775.94300 32471.03150 32163.34250 33083.68250 32778.77100 32471.08200 33392.79350 33087.88200 32780.19300
33382.93750 33080.36650 32775.00850 33692.68450 33390.11350 33084.75550 34003.77800 33701.20700 33395.84900 33082.47200 32777.56050 32469.87150 33392.21900 33087.30750 32779.61850 33703.31250 33398.40100 33090.71200 32779.64350 32472.40650 32162.40000 33089.39050 32782.15350 32472.14700 33400.48400 33093.24700 32783.24050
33391.02600 33086.11450 32778.42550 33702.75400 33397.84250 33090.15350 34015.80350 33710.89200 33403.20300 33088.19750 32780.96050 32470.95400 33399.92550 33092.68850 32782.68200 33712.97500 33405.73800 33095.73150 32783.02050 32473.47200 32161.16450 33094.74850 32785.20000 32472.89250 33407.79800 33098.24950 32785.94200
33398.74950 33091.51250 32781.50600 33712.43150 33405.19450 33095.18800 34027.41000 33720.17300 33410.16650 33093.57250 32784.02400 32471.71650 33407.25450 33097.70600 32785.39850 33722.23300 33412.68450 33100.37700 32786.06150 32474.21750 32159.62350 33099.74350 32787.89950 32473.30550 33414.72200 33102.87800 32788.28400
33406.09500 33096.54650 32784.23900 33721.70500 33412.15650 33099.84900 34038.58600 33729.03750 33416.73000 33098.58400 32786.74000 32472.14600 33414.19400 33102.35000 32787.75600 33731.07500 33419.23100 33104.63700 32788.75550 32474.63100 32157.76550 33104.36550 32790.24100 32473.37550 33421.24650 33107.12200 32790.25650
33413.05100 33101.20700 32786.61300 33730.56250 33418.71850 33104.12450 34049.31750 33737.47350 33422.87950 33103.22250 32789.09800 32472.23250 33420.73400 33106.60950 32789.74400 33739.48900 33425.36450 33108.49900 32791.09200 32474.70150 32155.58000 33108.60350 32792.21300 32473.09150 33427.35850 33110.96800 32791.84650
33419.60650 33105.48200 32788.61650 33738.99200 33424.86750 33108.00200 34059.59400 33745.46950 33428.60400 33107.47600 32791.08550 32471.96400 33426.86150 33110.47100 32791.34950 33747.46350 33431.07300 33111.95150 32793.05800 32474.41800 32153.05550 33112.44350 32793.80350 32472.44100 33433.04550 33114.40550 32793.04300
33425.74950 33109.35900 32790.23750 33746.98050 33430.59000 33111.46850 34069.40300 33753.01250 33433.89100 33111.33150 32792.69150 32471.32900 33432.56250 33113.92250 32792.56000 33754.98500 33436.34500 33114.98250 32794.64300 32473.76750 32150.18150 33115.87400 32794.99850 32471.41250 33438.29650 33117.42100 32793.83500
33431.46650 33112.82650 32791.46400 33754.51650 33435.87650 33114.51400 34078.73050 33760.09050 33438.72800 33114.77800 32793.90250 32470.31650 33437.82800 33116.95250 32793.36650 33762.04200 33441.16650 33117.58050 32795.83400 32472.74000 32146.94550 33118.88400 32795.79000 32469.99550 33443.09800 33120.00400 32794.20950
33436.74700 33115.87150 32792.28550 33761.58750 33440.71200 33117.12600 34087.56400 33766.68850 33443.10250 33117.80300 32794.70900 32468.91450 33442.64350 33119.54950 32793.75500 33768.62000 33445.52600 33119.73150 32796.62050 32471.32350 32143.33550 33121.46100 32796.16400 32468.17600 33447.43750 33122.14050 32794.15250
33441.57800 33118.48400 32792.68950 33768.18050 33445.08650 33119.29200 34095.89150 33772.79750 33447.00300 33120.39550 32795.09850 32467.11050 33446.99800 33121.70100 32793.71300 33774.70900 33449.41200 33121.42400 32796.99000 32469.50550 32139.34150 33123.59250 32796.10800 32465.94400 33451.30350 33123.81900 32793.65500
33445.94650 33120.64950 32792.66150 33774.28250 33448.98550 33120.99750 34103.70000 33778.40300 33450.41500 33122.54100 32795.05650 32464.89250 33450.87700 33123.39250 32793.22850 33780.29450 33452.81000 33122.64600 32796.92850 32467.27350 32134.94950 33125.26450 32795.60950 32463.28550 33454.68200 33125.02700 32792.70300
33449.84050 33122.35600 32792.19200 33779.88200 33452.39750 33122.23350 34110.97600 33783.49150 33453.32750 33124.22800 32794.57300 32462.24900 33454.26950 33124.61450 32792.29050 33785.36350 33455.70850 33123.38450 32796.42600 32464.61650 32130.14850 33126.46750 32794.65800 32460.19000 33457.56150 33125.75200 32791.28400
33453.24700 33123.59200 32791.26800 33784.96400 33455.30900 33122.98500 34117.70550 33788.05050 33455.72650 33125.44500 32793.63550 32459.16750 33457.16200 33125.35250 32790.88450 33789.90350 33458.09400 33123.62600 32795.46950 32461.52150 32124.92750 33127.18650 32793.23850 32456.64450 33459.92800 33125.98000 32789.38600
33456.15450 33124.34500 32789.87700 33789.51800 33457.70850 33123.24050 34123.87700 33792.06750 33457.59950 33126.17900 32792.23100 32455.63700 33459.54250 33125.59450 32789.00050 33793.90150 33459.95350 33123.35950 32794.04700 32457.97750 32119.27350 33127.41050 32791.34100 32452.63700 33461.76950 33125.70000 32786.99600
33458.54850 33124.60050 32788.00650 33793.52850 33459.58050 33122.98650 34129.47650 33795.52850 33458.93450 33126.41650 32790.34700 32451.64300 33461.39650 33125.32700 32786.62300 33797.34450 33461.27500 33122.57100 32792.14500 32453.97050 32113.17300 33127.12500 32788.95050 32448.15300 33463.07300 33124.89850 32784.10100
33460.41600 33124.34650 32785.64250 33796.98400 33460.91450 33122.21050 34134.48950 33798.42000 33459.71600 33126.14450 32787.97000 32447.17250 33462.71250 33124.53800 32783.74050 33800.21800 33462.04350 33121.24600 32789.75050 32449.48850 32106.61450 33126.31850 32786.05650 32443.18250 33463.82400 33123.56200 32780.68800
33461.74550 33123.57100 32782.77350 33799.87050 33461.69600 33120.89850 34138.90400 33800.72950 33459.93200 33125.35150 32785.08950 32442.21550 33463.47650 33123.21450 32780.34050 33802.51000 33462.24800 33119.37400 32786.85150 32444.51900 32099.58650 33124.97650 32782.64400 32437.71150 33464.01000 33121.67750 32776.74500
33462.52300 33122.26100 32779.38700 33802.17450 33461.91250 33119.03850 34142.70500 33802.44300 33459.56900 33124.02300 32781.69050 32436.75800 33463.67450 33121.34200 32776.40950 33804.20500 33461.87250 33116.94000 32783.43550 32439.04950 32092.07550 33123.08700 32778.70100 32431.72700 33463.61750 33119.23150 32772.25750
33462.73400 33120.40150 32775.46900 33803.88150 33461.54900 33116.61650 34145.87900 33803.54650 33458.61400 33122.14650 32777.76050 32430.78650 33463.29400 33118.90800 32771.93400 33805.29150 33460.90550 33113.93150 32779.48850 32433.06650 32084.06850 33120.63600 32774.21400 32425.21600 33462.63350 33116.21150 32767.21350
33462.36650 33117.98050 32771.00650 33804.98000 33460.59400 33113.62000 34148.41200 33804.02600 33457.05200 33119.70850 32773.28650 32424.28850 33462.32200 33115.90000 32766.90200 33805.75400 33459.33200 33110.33400 32774.99800 32426.55750 32075.55300 33117.61150 32769.17100 32418.16650 33461.04350 33112.60300 32761.59850
33461.40700 33114.98500 32765.98700 33805.45500 33459.03300 33110.03500 34150.29050 33803.86850 33454.87050 33116.69650 32768.25600 32417.25150 33460.74450 33112.30400 32761.29950 33805.58000 33457.13950 33106.13500 32769.95050 32419.50900 32066.51650 33113.99850 32763.55700 32410.56450 33458.83400 33108.39250 32755.40000
33459.84200 33111.40150 32760.39700 33805.29250 33456.85200 33105.84750 34151.50050 33803.06000 33452.05550 33113.09600 32762.65450 32409.66200 33458.54650 33108.10500 32755.11250 33804.75450 33454.31300 33101.32050 32764.33300 32411.90850 32056.94500 33109.78350 32757.35900 32402.39550 33455.99150 33103.56700 32748.60350
33457.65600 33107.21450 32754.22200 33804.47900 33454.03750 33101.04500 34152.02700 33801.58550 33448.59300 33108.89300 32756.46850 32401.50500 33455.71600 33103.29150 32748.32800 33803.26400 33450.83950 33095.87600 32758.13100 32403.74150 32046.82600 33104.95400 32750.56450 32393.64900 33452.50200 33098.11250 32741.19700
33454.83750 33102.41300 32747.44950 33802.99950 33450.57500 33095.61150 34151.85600 33799.43150 33444.46800 33104.07550 32749.68600 32392.77050 33452.23750 33097.84800 32740.93250 33801.09400 33446.70450 33089.78900 32751.33300 32394.99650 32036.14650 33099.49500 32743.15850 32384.30850 33448.35150 33092.01500 32733.16500
33451.37100 33096.98150 32740.06600 33800.84050 33446.45100 33089.53550 34150.97350 33796.58400 33439.66850 33098.62850 32742.29200 32383.44200 33448.09800 33091.76150 32732.91150 33798.23100 33441.89450 33083.04450 32743.92350 32385.65800 32024.89300 33093.39300 32735.12750 32374.36250 33443.52600 33085.26050 32724.49550
33447.24350 33090.90700 32732.05700 33797.98850 33441.65200 33082.80200 34149.36400 33793.02750 33434.17750 33092.53850 32734.27300 32373.50800 33443.28350 33085.01800 32724.25300 33794.65900 33436.39350 33075.62850 32735.88850 32375.71350 32013.05100 33086.63350 32726.45850 32363.79600 33438.00900 33077.83400 32715.17150
33442.44000 33084.17450 32723.40950 33794.42750 33436.16200 33075.39700 34147.01300 33788.74750 33427.98250 33085.79000 32725.61500 32362.95250 33437.77750 33077.60250 32714.94000 33790.36300 33430.18800 33067.52550 32727.21600 32365.14900 32000.60800 33079.20350 32717.13650 32352.59550 33431.78900 33069.72200 32705.18100
33436.94500 33076.77000 32714.10750 33790.14250 33429.96750 33067.30500 34143.90600 33783.73100 33421.06850 33078.37100 32716.30400 32351.76300 33431.56850 33069.50150 32704.96050 33785.33200 33423.26500 33058.72400 32717.89000 32353.95000 31987.55000 33071.08750 32707.14750 32340.74750 33424.85100 33060.91100 32694.51100
33430.74800 33068.68100 32704.14000 33785.12150 33423.05450 33058.51350 34140.02850 33777.96150 33413.42050 33070.26700 32706.32700 32339.92700 33424.64050 33060.70050 32694.30050 33779.54750 33415.60750 33049.20750 32707.89850 32342.10450 31973.86400 33062.27200 32696.47800 32328.23750 33417.17900 33051.38500 32683.14450
33423.83050 33059.89050 32693.49050 33779.34750 33415.40750 33049.00750 34135.36500 33771.42500 33405.02500 33061.46200 32695.66800 32327.42750 33416.97900 33051.18500 32682.94450 33772.99650 33407.20250 33038.96200 32697.22500 32329.59600 31959.53400 33052.74200 32685.11300 32315.05100 33408.75950 33041.13050 32671.06850
33416.18000 33050.38600 32682.14550 33772.80650 33407.01250 33038.77200 34129.90050 33764.10650 33395.86600 33051.94300 32684.31400 32314.25200 33408.56950 33040.94050 32670.87850 33765.66350 33398.03450 33027.97250 32685.85750 32316.41250 31944.54800 33042.48400 32673.03900 32301.17450 33399.57800 33030.13300 32658.26850
33407.78100 33040.15200 32670.09000 33765.48300 33397.85400 33027.79200 34123.61900 33755.99000 33385.92800 33041.69550 32672.25050 32300.38600 33399.39750 33029.95250 32658.08800 33757.53350 33388.08850 33016.22400 32673.77900 32302.53750 31928.89100 33031.48100 32660.23950 32286.59300 33389.61700 33018.37550 32644.72900
33398.62000 33029.17500 32657.31050 33757.36400 33387.91900 33016.05450 34116.50750 33747.06250 33375.19800 33030.70350 32659.46200 32285.81550 33389.44750 33018.20600 32644.55950 33748.59100 33377.34950 33003.70300 32660.97700 32287.95900 31912.54900 33019.72100 32646.70300 32271.29300 33378.86450 33005.84650 32630.43650
33388.67950 33017.43800 32643.79150 33748.43000 33377.18850 33003.54200 34108.54750 33737.30600 33363.65950 33018.95300 32645.93500 32270.52500 33378.70350 33005.68550 32630.27550 33738.82100 33365.80300 32990.39300 32647.43650 32272.66000 31895.50700 33007.18700 32632.41050 32255.25750 33367.30450 32992.52800 32615.37500
33377.94650 33004.92850 32629.51850 33738.67000 33365.65200 32990.24200 34099.72500 33726.70700 33351.29700 33006.43000 32631.65350 32254.50050 33367.15350 32992.37700 32615.22400 33728.20850 33353.43200 32976.27900 32633.14200 32256.62750 31877.75200 32993.86550 32617.35100 32238.47550 33354.92050 32978.40600 32599.53050
33366.40600 32991.62950 32614.47650 33728.06650 33353.29000 32976.13700 34090.02550 33715.24900 33338.09600 32993.11800 32616.60350 32237.72800 33354.77850 32978.26400 32599.38850 33716.73750 33340.22300 32961.34750 32618.07950 32239.84750 31859.26800 32979.74000 32601.50800 32220.92850 33341.69900 32963.46700 32582.88750
33354.04150 32977.52700 32598.65150 33716.60450 33340.09000 32961.21450 34079.43050 33702.91600 33324.04050 32979.00300 32600.77100 32220.19150 33341.56600 32963.33400 32582.75450 33704.39200 33326.16000 32945.58050 32602.23300 32222.30350 31840.04100 32964.79600 32584.86650 32202.60400 33327.62200 32947.69250 32565.43000
33340.83850 32962.60650 32582.02700 33704.26900 33326.03700 32945.45750 34067.92700 33689.69500 33309.11550 32964.06850 32584.13900 32201.87650 33327.49900 32947.56950 32565.30700 33691.15700 33311.22750 32928.96500 32585.58850 32203.98100 31820.05600 32949.01900 32567.41150 32183.48650 33312.67700 32931.06950 32547.14450
33326.78050 32946.85100 32564.58850 33691.04200 33311.11250 32928.85000 34055.49650 33675.56700 33293.30450 32948.30050 32566.69300 32182.76800 33312.56200 32930.95450 32547.02950 33677.01650 33295.40900 32911.48400 32568.12950 32184.86500 31799.29750 32932.39100 32549.12650 32163.55900 33296.84550 32913.58100 32528.01350
33311.85300 32930.24550 32546.32050 33676.91100 33295.30350 32911.37850 34042.12500 33660.51750 33276.59250 32931.68200 32548.41750 32162.85000 33296.74000 32913.47550 32527.90800 33661.95400 33278.68950 32893.12200 32549.84200 32164.94050 31777.75150 32914.90000 32529.99850 32142.80950 33280.11400 32895.21250 32508.02350
33296.04000 32912.77550 32527.20800 33661.85650 33278.59200 32893.02450 34027.79450 33644.53000 33258.96250 32914.20000 32529.29850 32142.10950 33280.01650 32895.11500 32507.92600 33645.95450 33261.05300 32873.86400 32530.71050 32144.19350 31755.40350 32896.52700 32510.01000 32121.22000 33262.46500 32875.94800 32487.15800
33279.32600 32894.42450 32507.23550 33645.86550 33260.96400 32873.77500 34012.49000 33627.58850 33240.39950 32895.83650 32509.31950 32120.52950 33262.37600 32875.85900 32487.06900 33629.00050 33242.48350 32853.69350 32510.71950 32122.60600 31732.23650 32877.25900 32489.14550 32098.77600 33243.88350 32855.77000 32465.40050
33261.69350 32875.17650 32486.38650 33628.92000 33242.40300 32853.61300 33996.19400 33609.67700 33220.88700 32876.57650 32488.46300 32098.09350 33243.80300 32855.68950 32465.32000 33611.07700 33222.96350 32832.59400 32489.85150 32100.16400 31708.23550 32857.07800 32467.39050 32075.46200 33224.35200 32834.66450 32442.73600
33243.12950 32855.01600 32464.64650 33611.00450 33222.89100 32832.52150 33978.89200 33590.77850 33200.40900 32856.40450 32466.71700 32074.78850 33224.27950 32834.59200 32442.66350 33592.16700 33202.47950 32810.55100 32468.09350 32076.85250 31683.38600 32835.96850 32444.72750 32051.26100 33203.85600 32812.61500 32419.14850
33223.61500 32833.92750 32441.99900 33592.10200 33202.41450 32810.48600 33960.56500 33570.87750 33178.94900 32835.30400 32444.06300 32050.59650 33203.79100 32812.55000 32419.08350 33572.25400 33181.01300 32787.54650 32445.42800 32052.65500 31657.67200 32813.91500 32421.14200 32026.15900 33182.37800 32789.60500 32394.62200
33203.13500 32811.89400 32418.42750 33572.19700 33180.95600 32787.48950 33941.19750 33549.95650 33156.49000 32813.25900 32420.48600 32025.50300 33182.32100 32789.54800 32394.56500 33551.32150 33158.54850 32763.56550 32421.83950 32027.55600 31631.07850 32790.90150 32396.61800 32000.14050 33159.90200 32765.61850 32369.14100
33181.67250 32788.89950 32393.91650 33551.27250 33158.49950 32763.51650 33920.77200 33527.99900 33133.01600 32790.25300 32395.96950 31999.49200 33159.85300 32765.56950 32369.09200 33529.35250 33135.06900 32738.59150 32397.31150 32001.53850 31603.58800 32766.91150 32371.13850 31973.18800 33136.41100 32740.63800 32342.68750
33159.21250 32764.92900 32368.45150 33529.31100 33135.02750 32738.55000 33899.27250 33504.98900 33108.51150 32766.27100 32370.49800 31972.54750 33136.36950 32740.59650 32342.64600 33506.33100 33110.55800 32712.60750 32371.82900 31974.58850 31575.18600 32741.92750 32344.68700 31945.28450 33111.88900 32714.64850 32315.24600
33135.73700 32739.96400 32342.01350 33506.29650 33110.52350 32712.57300 33876.68100 33480.90800 33082.95750 32741.29500 32344.05450 31944.65200 33111.85450 32714.61400 32315.21150 33482.23900 33084.99850 32685.59600 32345.37500 31946.68850 31545.85650 32715.93450 32317.24800 31916.41600 33086.31900 32687.63250 32286.80050
33111.22950 32713.98900 32314.58650 33482.21200 33084.97150 32685.56900 33852.98050 33455.74000 33056.33750 32715.30950 32316.62300 31915.79100 33086.29200 32687.60550 32286.77350 33457.06050 33058.37400 32657.54200 32317.93200 31917.82150 31515.58250 32688.91450 32288.80400 31886.56500 33059.68300 32659.57250 32257.33350
33085.67450 32686.98800 32286.15600 33457.04100 33058.35450 32657.52250 33828.15500 33429.46850 33028.63650 32688.29700 32288.18650 31885.94750 33059.66350 32659.55300 32257.31400 33430.77750 33030.66700 32628.42800 32289.48550 31887.97300 31484.34900 32660.85200 32259.33950 31855.71550 33031.96600 32630.45350 32226.82950
33059.05350 32658.94300 32256.70400 33430.76400 33030.65350 32628.41450 33802.18450 33402.07400 32999.83500 32660.24200 32258.72950 31855.10550 33031.95250 32630.44000 32226.81600 33403.37300 33001.86050 32598.23650 32260.01800 31857.12650 31452.13950 32631.72850 32228.83700 31823.85000 33003.14900 32600.25750 32195.27050
33031.35000 32629.83750 32226.21350 33403.36700 33001.85450 32598.23050 33775.05450 33373.54200 32969.91800 32631.12600 32228.23450 31823.24750 33003.14300 32600.25150 32195.26450 33374.83050 32971.93900 32566.95200 32229.51250 31825.26350 31418.93600 32601.52950 32197.28050 31790.95300 32973.21700 32568.96800 32162.64050
33002.54700 32599.65550 32194.66850 33374.83050 32971.93900 32566.95200 33746.74450 33343.85300 32938.86600 32600.93350 32196.68450 31790.35700 32973.21700 32568.96800 32162.64050 33345.13100 32940.88200 32534.55450 32197.95200 31792.36900 31384.72400 32570.23550 32164.65250 31757.00750 32942.14950 32536.56650 32128.92150
32972.62800 32568.37900 32162.05150 33345.13750 32940.88850 32534.56100 33717.23900 33312.99000 32906.66250 32569.64650 32164.06350 31756.41850 32942.15600 32536.57300 32128.92800 33314.25750 32908.67450 32501.02950 32165.32100 31758.42500 31349.48550 32537.83050 32130.93450 31721.99500 32909.93200 32503.03600 32094.09650
32941.57450 32535.99150 32128.34650 33314.27050 32908.68750 32501.04250 33686.51900 33280.93600 32873.29100 32537.24900 32130.35300 31721.41350 32909.94500 32503.04900 32094.10950 33282.19350 32875.29750 32466.35800 32131.60150 31723.41700 31313.20500 32504.29750 32096.11300 31685.90100 32876.54600 32468.36150 32058.14950
32909.36950 32502.47350 32093.53400 33282.21200 32875.31600 32466.37650 33654.56700 33247.67100 32838.73150 32503.72200 32095.53750 31685.32550 32876.56450 32468.38000 32058.16800 33248.91950 32840.73500 32430.52300 32096.77500 31687.32450 31275.86400 32469.61750 32060.16700 31648.70650 32841.97250 32432.52200 32021.06150
32875.99600 32467.81150 32057.59950 33248.94450 32840.76000 32430.54800 33621.36550 33213.18100 32802.96900 32469.04900 32059.59850 31648.13800 32841.99750 32432.54700 32021.08650 33214.41850 32804.96800 32393.50750 32060.82650 31650.13300 31237.44700 32433.77500 32023.08150 31610.39550 32806.19600 32395.50250 31982.81650
32841.43500 32431.98450 32020.52400 33214.44900 32804.99850 32393.53800 33586.89500 33177.44450 32765.98400 32433.21250 32022.51900 31609.83300 32806.22650 32395.53300 31982.84700 33178.67250 32767.97900 32355.29300 32023.73800 31611.82450 31197.93650 32396.75200 31984.83850 31570.95050 32769.19800 32357.28450 31943.39650
32805.67000 32394.97650 31982.29050 33178.70850 32768.01500 32355.32900 33551.13750 33140.44400 32727.75800 32396.19550 31984.28200 31570.39400 32769.23400 32357.32050 31943.43250 33141.66300 32729.74950 32315.86150 31985.49150 31572.38150 31157.31500 32358.53000 31945.42000 31530.35350 32730.95900 32317.84900 31902.78250
32768.68350 32356.77000 31942.88200 33141.70500 32729.79150 32315.90350 33514.07600 33102.16250 32688.27450 32357.97950 31944.86950 31529.80300 32731.00100 32317.89100 31902.82450 33103.37200 32690.26200 32275.19550 31946.06950 31531.78700 31115.56550 32319.09100 31904.80850 31488.58700 32691.46200 32277.17950 31860.95800
32730.45600 32317.34600 31902.27950 33103.41950 32690.30950 32275.24300 33475.69150 33062.58150 32647.51500 32318.54600 31904.26350 31488.04200 32691.50950 32277.22700 31861.00550 33063.78150 32649.49900 32233.27750 31905.45450 31490.02300 31072.67000 32278.41800 31862.98650 31445.63350 32650.69000 32235.25850 31817.90550
32690.97000 32276.68750 31860.46600 33063.83300 32649.55050 32233.32900 33435.96400 33021.68150 32605.46000 32277.87850 31862.44700 31445.09400 32650.74150 32235.31000 31817.95700 33022.87250 32607.44100 32190.08800 31863.62900 31447.07200 31028.61200 32236.49200 31819.93500 31401.47500 32608.62300 32192.06600 31773.60600
32650.20850 32234.77700 31817.42400 33022.92900 32607.49750 32190.14450 33394.87650 32979.44500 32562.09200 32235.95900 31819.40200 31400.94200 32608.67950 32192.12250 31773.66250 32980.62700 32564.07000 32145.61000 31820.57500 31402.91650 30983.37400 32193.29550 31775.63700 31356.09450 32565.24300 32147.58450 31728.04200
32608.15100 32191.59400 31773.13400 32980.68800 32564.13100 32145.67100 33352.40900 32935.85200 32517.39200 32192.76700 31775.10850 31355.56600 32565.30400 32147.64550 31728.10300 32937.02500 32519.36650 32099.82400 31776.27250 31357.53800 30936.93600 32148.80950 31730.07500 31309.47300 32520.53050 32101.79600 31681.19400
32564.78100 32147.12250 31727.58000 32937.09150 32519.43300 32099.89050 33308.54300 32890.88450 32471.34200 32148.28650 31729.55200 31308.95000 32520.59700 32101.86250 31681.26050 32892.04850 32473.31400 32052.71200        nan        nan        nan        nan        nan        nan        nan        nan        nan
