       nan        nan        nan        nan        nan        nan        nan        nan        nan  310.16844        nan        nan        nan        nan        nan        nan        nan        nan  310.19650  310.61045        nan        nan        nan        nan        nan        nan        nan
 310.13893        nan        nan  309.80348        nan        nan        nan        nan        nan  310.16698  310.58085        nan  309.83147  310.24444        nan        nan        nan        nan  310.22313  310.64066  310.98640  309.88749  310.30411  310.64911        nan        nan        nan
 310.10788  310.52159        nan  309.76752  310.18032        nan  309.48737  309.89943        nan  310.16400  310.58137  310.92699  309.82352  310.23997  310.58483  309.54327  309.95897  310.30320  310.24830  310.67116  311.02621  309.90763  310.32956  310.68383  309.62723  310.04840  310.40203
 310.07516  310.49229  310.83771  309.72739  310.14358  310.48823  309.43447  309.84987  310.19386  310.15941  310.58203  310.93687  309.81145  310.23312  310.58717  309.51837  309.93924  310.29262  310.27195  310.70190  311.06889  309.92373  310.35273  310.71889  309.63044  310.05862  310.42409
 310.04063  310.46293  310.81750  309.68299  310.10432  310.45807  309.37403  309.79451  310.14756  310.15309  310.58271  310.94942  309.79519  310.22382  310.58968  309.48600  309.91378  310.27890  310.29398  310.73277  311.11404  309.93576  310.37353  310.75392  309.62629  310.06318  310.44281
 310.00414  310.43336  310.79971  309.63426  310.06245  310.42793  309.30656  309.73385  310.09855  310.14490  310.58326  310.96417  309.77468  310.21200  310.59199  309.44669  309.88308  310.26227  310.31427  310.76358  311.16118  309.94365  310.39189  310.78853  309.61529  310.06258  310.45839
 309.96554  310.40340  310.78386  309.58118  310.01795  310.39747  309.23261  309.66840  310.04706  310.13471  310.58351  310.98064  309.74993  310.19761  310.59376  309.40099  309.84766  310.24291  310.33269  310.79415  311.20984  309.94741  310.40773  310.82238  309.59802  310.05730  310.47102
 309.92469  310.37287  310.76947  309.52381  309.97083  310.36640  309.15267  309.59862  309.99324  310.12239  310.58323  310.99835  309.72100  310.18064  310.59469  309.34939  309.80793  310.22098  310.34910  310.82427  311.25954  309.94712  310.42106  310.85520  309.57497  310.04776  310.48086
 309.88149  310.34161  310.75609  309.46225  309.92113  310.33448  309.06719  309.52489  309.93719  310.10785  310.58228  311.01687  309.68799  310.16114  310.59455  309.29235  309.76429  310.19659  310.36341  310.85373  311.30986  309.94286  310.43186  310.88675  309.54657  310.03432  310.48804
 309.83586  310.30945  310.74328  309.39664  309.86889  310.30148  308.97659  309.44756  309.87898  310.09097  310.58043  311.03576  309.65103  310.13910  310.59313  309.23029  309.71703  310.16982  310.37552  310.88234  311.36040  309.93477  310.44015  310.91685  309.51326  310.01726  310.49266
 309.78773  310.27624  310.73067  309.32711  309.81416  310.26724  308.88123  309.36688  309.81865  310.07173  310.57755  311.05467  309.61026  310.11458  310.59028  309.16356  309.66643  310.14075  310.38536  310.90991  311.41081  309.92297  310.44595  310.94535  309.47537  309.99684  310.49480
 309.73708  310.24181  310.71790  309.25386  309.75701  310.23162  308.78146  309.28307  309.75622  310.05004  310.57345  311.07327  309.56584  310.08762  310.58587  309.09249  309.61267  310.10939  310.39286  310.93626  311.46077  309.90759  310.44929  310.97215  309.43319  309.97323  310.49449
 309.68389  310.20606  310.70469  309.17701  309.69748  310.19447  308.67755  309.19634  309.69173  310.02590  310.56801  311.09128  309.51791  310.05824  310.57979  309.01735  309.55593  310.07579  310.39800  310.96125  311.51003  309.88879  310.45019  310.99716  309.38703  309.94661  310.49181
 309.62816  310.16887  310.69079  309.09674  309.63560  310.15573  308.56977  309.10679  309.62515  309.99930  310.56110  311.10847  309.46661  310.02648  310.57196  308.93838  309.49634  310.03996  310.40074  310.98476  311.55837  309.86667  310.44868  311.02031  309.33707  309.91709  310.48677
 309.56991  310.13015  310.67600  309.01319  309.57142  310.11530  308.45835  309.01458  309.55650  309.97023  310.55263  311.12465  309.41207  309.99237  310.56233  308.85581  309.43402  310.00192  310.40106  311.00667  311.60560  309.84135  310.44478  311.04155  309.28354  309.88480  310.47941
 309.50914  310.08980  310.66012  308.92648  309.50496  310.07313  308.34350  308.91980  309.48581  309.93869  310.54249  311.13963  309.35442  309.95594  310.55083  308.76982  309.36907  309.96171  310.39897  311.02688  311.65156  309.81296  310.43851  311.06082  309.22663  309.84981  310.46976
 309.44589  310.04777  310.64301  308.83675  309.43626  310.02915  308.22537  308.82251  309.41305  309.90470  310.53062  311.15330  309.29376  309.91721  310.53743  308.68057  309.30155  309.91931  310.39446  311.04533  311.69612  309.78159  310.42989  311.07810  309.16647  309.81220  310.45782
 309.38019  310.00398  310.62455  308.74410  309.36534  309.98335  308.10415  308.72281  309.33825  309.86829  310.51695  311.16552  309.23020  309.87619  310.52209  308.58823  309.23154  309.87475  310.38756  311.06196  311.73915  309.74733  310.41895  311.09334  309.10321  309.77204  310.44362
 309.31207  309.95840  310.60464  308.64865  309.29221  309.93567  307.97998  308.62075  309.26141  309.82947  310.50145  311.17620  309.16384  309.83293  310.50477  308.49293  309.15912  309.82804  310.37825  311.07669  311.78059  309.71026  310.40570  311.10655  309.03698  309.72939  310.42720
 309.24157  309.91099  310.58318  308.55050  309.21694  309.88611  307.85298  308.51640  309.18254  309.78826  310.48405  311.18526  309.09476  309.78743  310.48549  308.39477  309.08431  309.77920  310.36657  311.08950  311.82033  309.67047  310.39016  311.11770  308.96788  309.68431  310.40854
 309.16871  309.86171  310.56011  308.44972  309.13950  309.83465  307.72327  308.40980  309.10166  309.74470  310.46473  311.19263  309.02304  309.73972  310.46421  308.29388  309.00718  309.72825  310.35252  311.10034  311.85832  309.62803  310.37236  311.12678  308.89602  309.63683  310.38768
 309.09353  309.81054  310.53536  308.34641  309.05996  309.78127  307.59096  308.30101  309.01878  309.69880  310.44347  311.19824  308.94875  309.68982  310.44093  308.19035  308.92778  309.67519  310.33613  311.10920  311.89450  309.58300  310.35231  311.13380  308.82148  309.58701  310.36464
 309.01608  309.75747  310.50891  308.24064  308.97831  309.72596  307.45616  308.19007  308.93391  309.65060  310.42025  311.20208  308.87198  309.63776  310.41564  308.08428  308.84616  309.62006  310.31742  311.11604  311.92883  309.53544  310.33004  311.13872  308.74436  309.53490  310.33944
 308.93639  309.70249  310.48070  308.13248  308.89460  309.66875  307.31894  308.07703  308.84708  309.60013  310.39507  311.20409  308.79277  309.58356  310.38835  307.97574  308.76234  309.56287  310.29642  311.12087  311.96129  309.48542  310.30557  311.14159  308.66473  309.48053  310.31210
 308.85449  309.64560  310.45071  308.02200  308.80885  309.60961  307.17939  307.96193  308.75830  309.54743  310.36790  311.20425  308.71120  309.52725  310.35907  307.86482  308.67639  309.50364  310.27315  311.12368  311.99184  309.43300  310.27893  311.14237  308.58266  309.42394  310.28263
 308.77043  309.58679  310.41893  307.90927  308.72108  309.54857  307.03761  307.84482  308.66761  309.49251  310.33876  311.20254  308.62733  309.46884  310.32778  307.75160  308.58834  309.44239  310.24763  311.12445  312.02046  309.37822  310.25012  311.14110  308.49824  309.36518  310.25107
 308.68425  309.52608  310.38534  307.79435  308.63133  309.48561  306.89367  307.72575  308.57502  309.43543  310.30765  311.19896  308.54119  309.40838  310.29452  307.63614  308.49824  309.37917  310.21990  311.12319  312.04714  309.32114  310.21919  311.13777  308.41151  309.30428  310.21744
 308.59598  309.46347  310.34992  307.67730  308.53962  309.42079  306.74762  307.60473  308.48056  309.37619  310.27457  311.19348  308.45287  309.34589  310.25929  307.51851  308.40611  309.31397  310.18999  311.11990  312.07188  309.26181  310.18616  311.13242  308.32254  309.24128  310.18177
 308.50565  309.39897  310.31269  307.55817  308.44600  309.35410  306.59954  307.48184  308.38426  309.31486  310.23953  311.18612  308.36241  309.28139  310.22213  307.39877  308.31200  309.24684  310.15792  311.11461  312.09466  309.20027  310.15106  311.12504  308.23139  309.17622  310.14408
 308.41332  309.33260  310.27365  307.43703  308.35049  309.28557  306.44951  307.35710  308.28616  309.25146  310.20256  311.17686  308.26986  309.21492  310.18302  307.27700  308.21597  309.17782  310.12372  311.10730  312.11549  309.13658  310.11391  311.11566  308.13814  309.10915  310.10440
 308.31902  309.26438  310.23279  307.31392  308.25312  309.21520  306.29758  307.23057  308.18626  309.18601  310.16365  311.16572  308.17527  309.14651  310.14201  307.15323  308.11804  309.10691  310.08743  311.09801  312.13436  309.07079  310.07475  311.10428  308.04281  309.04009  310.06276
 308.22278  309.19433  310.19013  307.18890  308.15393  309.14303  306.14382  307.10228  308.08464  309.11858  310.12285  311.15270  308.07869  309.07620  310.09910  307.02756  308.01826  309.03416  310.04908  311.08674  312.15130  309.00293  310.03359  311.09094  307.94549  308.96910  310.01919
 308.12466  309.12247  310.14568  307.06203  308.05296  309.06909  305.98828  306.97228  307.98128  309.04918  310.08015  311.13782  307.98017  309.00401  310.05434  306.90000  307.91666  308.95960  310.00870  311.07353  312.16631  308.93306  309.99050  311.07567  307.84621  308.89620  309.97372
 308.02468  309.04882  310.09945  306.93335  307.95023  308.99340  305.83103  306.84061  307.87626  308.97785  310.03559  311.12108  307.87976  308.92999  310.00774  306.77065  307.81331  308.88327  309.96633  311.05837  312.17940  308.86122  309.94548  311.05849  307.74503  308.82145  309.92639
 307.92290  308.97342  310.05148  306.80292  307.84580  308.91599  305.67213  306.70732  307.76960  308.90463  309.98919  311.10252  307.77751  308.85416  309.95934  306.63954  307.70823  308.80520  309.92201  311.04131  312.19059  308.78747  309.89858  311.03941  307.64202  308.74489  309.87723
 307.81935  308.89630  310.00177  306.67079  307.73970  308.83690  305.51163  306.57246  307.66133  308.82958  309.94099  311.08214  307.67348  308.77657  309.90915  306.50674  307.60147  308.72542  309.87576  311.02236  312.19990  308.71183  309.84982  311.01848  307.53721  308.66654  309.82628
 307.71409  308.81748  309.95035  306.53703  307.63197  308.75615  305.34960  306.43606  307.55150  308.75272  309.89101  311.05998  307.56771  308.69726  309.85723  306.37230  307.49307  308.64399  309.82763  311.00156  312.20734  308.63438  309.79926  310.99572  307.43067  308.58647  309.77356
 307.60715  308.73699  309.89726  306.40165  307.52265  308.67378  305.18609  306.29818  307.44015  308.67409  309.83927  311.03604  307.46024  308.61626  309.80358  306.23627  307.38309  308.56092  309.77766  310.97893  312.21294  308.55513  309.74692  310.97115  307.32245  308.50471  309.71913
 307.49857  308.65488  309.84250  306.26475  307.41178  308.58983  305.02115  306.15887  307.32732  308.59374  309.78583  311.01037  307.35113  308.53362  309.74826  306.09872  307.27156  308.47627  309.72589  310.95450  312.21672  308.47416  309.69284  310.94482  307.21259  308.42131  309.66301
 307.38842  308.57119  309.78613  306.12635  307.29941  308.50433  304.85485  306.01817  307.21305  308.51172  309.73070  310.98299  307.24043  308.44936  309.69129  305.95968  307.15854  308.39007  309.67236  310.92832  312.21873  308.39150  309.63707  310.91677  307.10116  308.33631  309.60525
 307.27671  308.48593  309.72816  305.98651  307.18558  308.41733  304.68725  305.87614  307.09739  308.42806  309.67393  310.95393  307.12819  308.36356  309.63273  305.81924  307.04408  308.30239  309.61710  310.90039  312.21896  308.30721  309.57964  310.88702  306.98821  308.24976  309.54590
 307.16352  308.39917  309.66863  305.84529  307.07034  308.32886  304.51840  305.73282  306.98038  308.34281  309.61553  310.92321  307.01446  308.27623  309.57259  305.67743  306.92820  308.21323  309.56016  310.87077  312.21747  308.22132  309.52060  310.85560  306.87378  308.16170  309.48498
 307.04888  308.31093  309.60758  305.70274  306.95372  308.23896  304.34836  305.58826  306.86207  308.25601  309.55558  310.89089  306.89929  308.18742  309.51092  305.53431  306.81099  308.12267  309.50159  310.83950  312.21428  308.13390  309.45999  310.82257  306.75795  308.07219  309.42256
 306.93284  308.22125  309.54504  305.55891  306.83579  308.14768  304.17718  305.44252  306.74250  308.16772  309.49410  310.85698  306.78274  308.09719  309.44778  305.38994  306.69247  308.03074  309.44142  310.80659  312.20943  308.04499  309.39784  310.78797  306.64074  307.98126  309.35865
 306.81545  308.13019  309.48107  305.41386  306.71659  308.05507  304.00493  305.29564  306.62173  308.07797  309.43112  310.82154  306.66485  308.00558  309.38320  305.24438  306.57269  307.93749  309.37970  310.77211  312.20294  307.95464  309.33422  310.75182  306.52223  307.88897  309.29332
 306.69677  308.03778  309.41568  305.26764  306.59616  307.96116  303.83166  305.14768  306.49979  307.98683  309.36670  310.78459  306.54568  307.91264  309.31720  305.09768  306.45173  307.84297  309.31649  310.73610  312.19488  307.86290  309.26917  310.71418  306.40246  307.79539  309.22662
 306.57683  307.94407  309.34892  305.12031  306.47455  307.86600  303.65743  304.99870  306.37674  307.89432  309.30088  310.74618  306.42528  307.81841  309.24987  304.94990  306.32962  307.74722  309.25183  310.69857  312.18525  307.76983  309.20272  310.67508  306.28150  307.70053  309.15859
 306.45570  307.84911  309.28085  304.97192  306.35183  307.76965  303.48230  304.84874  306.25265  307.80052  309.23369  310.70635  306.30372  307.72295  309.18122  304.80110  306.20641  307.65031  309.18575  310.65959  312.17411  307.67548  309.13493  310.63458  306.15940  307.60447  309.08928
 306.33343  307.75294  309.21149  304.82253  306.22804  307.67214  303.30633  304.69786  306.12754  307.70545  309.16519  310.66514  306.18103  307.62630  309.11132  304.65132  306.08216  307.55227  309.11832  310.61921  312.16150  307.57989  309.06585  310.59271  306.03621  307.50725  309.01872
 306.21006  307.65561  309.14091  304.67220  306.10323  307.57354  303.12959  304.54613  306.00149  307.60919  309.09543  310.62259  306.05728  307.52852  309.04020  304.50065  305.95693  307.45316  309.04958  310.57746  312.14746  307.48314  308.99553  310.54954  305.91201  307.40894  308.94699
 306.08566  307.55718  309.06913  304.52097  305.97745  307.47387  302.95212  304.39359  305.87453  307.51178  309.02446  310.57875  305.93252  307.42965  308.96791  304.34913  305.83077  307.35303  308.97959  310.53439  312.13203  307.38525  308.92401  310.50508  305.78683  307.30959  308.87413
 305.96028  307.45768  308.99622  304.36893  305.85076  307.37322  302.77400  304.24031  305.74674  307.41328  308.95232  310.53367  305.80682  307.32977  308.89452  304.19682  305.70375  307.25194  308.90839  310.49005  312.11526  307.28631  308.85136  310.45942  305.66075  307.20924  308.80020
 305.83396  307.35719  308.92222  304.21611  305.72322  307.27161  302.59528  304.08633  305.61815  307.31372  308.87905  310.48740  305.68021  307.22890  308.82007  304.04379  305.57590  307.14994  308.83605  310.44449  312.09719  307.18636  308.77762  310.41258  305.53381  307.10795  308.72523
 305.70678  307.25574  308.84718  304.06258  305.59488  307.16912  302.41602  303.93173  305.48884  307.21318  308.80472  310.43997  305.55279  307.12713  308.74461  303.89009  305.44730  307.04709  308.76260  310.39776  312.07788  307.08546  308.70286  310.36463  305.40608  307.00580  308.64930
 305.57879  307.15340  308.77115  303.90840  305.46580  307.06578  302.23629  303.77655  305.35884  307.11172  308.72940  310.39146  305.42458  307.02449  308.66819  303.73578  305.31800  306.94344  308.68811  310.34992  312.05738  306.98365  308.62711  310.31562  305.27762  306.90281  308.57245
 305.45004  307.05021  308.69420  303.75364  305.33604  306.96167  302.05615  303.62087  305.22824  307.00937  308.65311  310.34190  305.29566  306.92104  308.59088  303.58093  305.18807  306.83905  308.61263  310.30100  312.03572  306.88102  308.55044  310.26559  305.14850  306.79907  308.49475
 305.32059  306.94624  308.61635  303.59834  305.20566  306.85683  301.87566  303.46474  305.09708  306.90621  308.57591  310.29134  305.16608  306.81685  308.51272  303.42561  305.05755  306.73398  308.53623  310.25107  312.01297  306.77761  308.47291  310.21462  305.01877  306.69463  308.41625
 305.19051  306.84154  308.53769  303.44258  305.07471  306.75133  301.69489  303.30821  304.96542  306.80230  308.49787  310.23985  305.03592  306.71197  308.43379  303.26987  304.92652  306.62829  308.45894  310.20018  311.98917  306.67349  308.39457  310.16274  304.88849  306.58954  308.33701
 305.05985  306.73616  308.45825  303.28642  304.94325  306.64521  301.51390  303.15137  304.83333  306.69768  308.41903  310.18748  304.90522  306.60645  308.35412  303.11378  304.79503  306.52204  308.38084  310.14839  311.96438  306.56871  308.31548  310.11002  304.75773  306.48387  308.25708
 304.92867  306.63017  308.37810  303.12992  304.81135  306.53855  301.33276  302.99426  304.70087  306.59242  308.33946  310.13428  304.77404  306.50037  308.27377  302.95740  304.66315  306.41529  308.30199  310.09575  311.93866  306.46334  308.23571  310.05651  304.62656  306.37769  308.17653
 304.79704  306.52363  308.29730  302.97314  304.67906  306.43139  301.15153  302.83695  304.56809  306.48659  308.25923  310.08031  304.64248  306.39379  308.19282  302.80080  304.53094  306.30810  308.22244  310.04234  311.91206  306.35744  308.15531  310.00228  304.49503  306.27105  308.09543
 304.66502  306.41660  308.21590  302.81616  304.54647  306.32382  300.97028  302.67951  304.43506  306.38024  308.17839  310.02563  304.51056  306.28676  308.11133  302.64403  304.39846  306.20054  308.14225  309.98819  311.88463  306.25107  308.07435  309.94738  304.36321  306.16401  308.01382
 304.53267  306.30913  308.13397  302.65902  304.41363  306.21588  300.78907  302.52200  304.30186  306.27344  308.09698  309.97029  304.37837  306.17935  308.02934  302.48718  304.26579  306.09266  308.06150  309.93336  311.85645  306.14431  307.99288  309.89188  304.23118  306.05665  307.93178
 304.40006  306.20130  308.05156  302.50180  304.28058  306.10763  300.60798  302.36449  304.16853  306.16625  308.01509  309.91437  304.24597  306.07162  307.94693  302.33032  304.13298  305.98454  307.98023  309.87794  311.82755  306.03720  307.91097  309.83583  304.09899  305.94903  307.84936
 304.26726  306.09316  307.96874  302.34459  304.14742  305.99915  300.42708  302.20705  304.03516  306.05874  307.93277  309.85790  304.11343  305.96364  307.86416  302.17349  304.00010  305.87623  307.89851  309.82197  311.79802  305.92982  307.82869  309.77931  303.96672  305.84122  307.76665
 304.13431  305.98478  307.88556  302.18741  304.01419  305.89050  300.24641  302.04974  303.90179  305.95096  307.85008  309.80098  303.98080  305.85548  307.78110  302.01678  303.86723  305.76781  307.81641  309.76552  311.76790  305.82224  307.74609  309.72237  303.83442  305.73327  307.68369
 304.00131  305.87623  307.80211  302.03037  303.88099  305.78175  300.06607  301.89263  303.76852  305.84299  307.76710  309.74365  303.84818  305.74720  307.69780  301.86025  303.73442  305.65934  307.73400  309.70864  311.73726  305.71452  307.66325  309.66508  303.70218  305.62526  307.60056
 303.86830  305.76757  307.71843  301.87351  303.74785  305.67295  299.88612  301.73579  303.63538  305.73489  307.68388  309.68598  303.71561  305.63886  307.61434  301.70397  303.60175  305.55090  307.65133  309.65141  311.70616  305.60674  307.58023  309.60750  303.57006  305.51725  307.51733
 303.73536  305.65886  307.63460  301.71691  303.61485  305.56418  299.70663  301.57929  303.50247  305.62674  307.60050  309.62803  303.58316  305.53052  307.53077  301.54802  303.46928  305.44254  307.56848  309.59390  311.67468  305.49894  307.49711  309.54970  303.43811  305.40933  307.43405
 303.60256  305.55018  307.55068  301.56065  303.48207  305.45550  299.52767  301.42319  303.36985  305.51859  307.51701  309.56987  303.45091  305.42229  307.44719  301.39245  303.33709  305.33434  307.48552  309.53616  311.64287  305.39122  307.41394  309.49176  303.30645  305.30155  307.35082
 303.46996  305.44159  307.46675  301.40478  303.34958  305.34700  299.34930  301.26758  303.23758  305.41052  307.43349  309.51158  303.31893  305.31420  307.36364  301.23735  303.20524  305.22637  307.40250  309.47828  311.61080  305.28364  307.33080  309.43373  303.17510  305.19399  307.26767
 303.33765  305.33317  307.38286  301.24939  303.21744  305.23873  299.17161  301.11252  303.10575  305.30260  307.35002  309.45321  303.18729  305.20635  307.28020  301.08279  303.07382  305.11870  307.31951  309.42031  311.57854  305.17627  307.24776  309.37569  303.04416  305.08671  307.18471
 303.20568  305.22498  307.29909  301.09454  303.08573  305.13077  298.99467  300.95808  302.97442  305.19489  307.26664  309.39483  303.05606  305.09878  307.19694  300.92883  302.94288  305.01139  307.23662  309.36232  311.54616  305.06918  307.16489  309.31771  302.91370  304.97979  307.10199
 303.07413  305.11709  307.21551  300.94031  302.95450  305.02318  298.81854  300.80434  302.84366  305.08749  307.18345  309.33653  302.92532  304.99158  307.11394  300.77557  302.81251  304.90454  307.15390  309.30439  311.51373  304.96244  307.08226  309.25986  302.78379  304.87332  307.01959
 302.94308  305.00958  307.13219  300.78677  302.82386  304.91605  298.64331  300.65138  302.71355  304.98044  307.10051  309.27836  302.79514  304.88483  307.03126  300.62306  302.68278  304.79821  307.07140  309.24659  311.48132  304.85614  306.99995  309.20221  302.65451  304.76735  306.93759
 302.81259  304.90252  307.04920  300.63400  302.69386  304.80945  298.46905  300.49925  302.58417  304.87383  307.01789  309.22041  302.66559  304.77859  306.94898  300.47139  302.55376  304.69247  306.98923  309.18899  311.44900  304.75034  306.91802  309.14484  302.52592  304.66196  306.85604
 302.68274  304.79598  306.96662  300.48206  302.56457  304.70344  298.29583  300.34805  302.45558  304.76773  306.93565  309.16273  302.53674  304.67293  306.86717  300.32062  302.42552  304.58740  306.90742  309.13166  311.41684  304.64511  306.83656  309.08781  302.39811  304.55724  306.77505
 302.55361  304.69004  306.88453  300.33103  302.43608  304.59811  298.12372  300.19784  302.32787  304.66222  306.85391  309.10542  302.40867  304.56795  306.78591  300.17083  302.29816  304.48307  306.82610  309.07469  311.38493  304.54054  306.75564  309.03122  302.27116  304.45325  306.69467
 302.42526  304.58477  306.80298  300.18099  302.30846  304.49352  297.95281  300.04870  302.20110  304.55736  306.77271  309.04854  302.28146  304.46370  306.70528  300.02210  302.17173  304.37956  306.74530  309.01813  311.35333  304.43670  306.67533  308.97512  302.14513  304.35007  306.61499
 302.29777  304.48025  306.72207  300.03203  302.18179  304.38977  297.78317  299.90072  302.07536  304.45324  306.69212  308.99216  302.15520  304.36028  306.62535  299.87452  302.04632  304.27695  306.66511  308.96208  311.32212  304.33368  306.59573  308.91962  302.02012  304.24778  306.53608
 302.17123  304.37655  306.64186  299.88420  302.05614  304.28692  297.61488  299.75395  301.95073  304.34994  306.61224  308.93638  302.02994  304.25775  306.54620  299.72815  301.92201  304.17532  306.58561  308.90661  311.29138  304.23153  306.51689  308.86476  301.89619  304.14647  306.45803
 302.04571  304.27375  306.56245  299.73759  301.93159  304.18505  297.44801  299.60849  301.82728  304.24753  306.53313  308.88126  301.90577  304.15619  306.46791  299.58307  301.79887  304.07475  306.50689  308.85179  311.26118  304.13035  306.43890  308.81064  301.77343  304.04620  306.38091
 301.92129  304.17194  306.48390  299.59230  301.80823  304.08426  297.28264  299.46442  301.70510  304.14610  306.45489  308.82688  301.78279  304.05570  306.39056  299.43937  301.67699  303.97532  306.42900  308.79771  311.23161  304.03022  306.36185  308.75735  301.65191  303.94706  306.30481
 301.79805  304.07119  306.40629  299.44837  301.68612  303.98459  297.11887  299.32181  301.58427  304.04571  306.37758  308.77333  301.66104  303.95633  306.31422  299.29712  301.55645  303.87711  306.35206  308.74445  311.20275  303.93122  306.28581  308.70495  301.53173  303.84914  306.22980
 301.67606  303.97158  306.32971  299.30590  301.56536  303.88616  296.95675  299.18075  301.46486  303.94646  306.30129  308.72068  301.54063  303.85819  306.23899  299.15642  301.43733  303.78020  306.27611  308.69208  311.17467  303.83341  306.21085  308.65354  301.41295  303.75251  306.15598
 301.55541  303.87319  306.25423  299.16498  301.44602  303.78903  296.79638  299.04131  301.34694  303.84841  306.22609  308.66902  301.42164  303.76134  306.16494  299.01732  301.31970  303.68467  306.20126  308.64069  311.14747  303.73691  306.13708  308.60319  301.29566  303.65725  306.08341
 301.43618  303.77610  306.17994  299.02567  301.32818  303.69329  296.63783  298.90358  301.23063  303.75167  306.15208  308.61842  301.30414  303.66587  306.09217  298.87992  301.20365  303.59061  306.12758  308.59037  311.12121  303.64177  306.06457  308.55399  301.17994  303.56346  306.01219
 301.31844  303.68040  306.10693  298.88807  301.21193  303.59901  296.48120  298.76764  301.11599  303.65630  306.07933  308.56899  301.18822  303.57187  306.02073  298.74431  301.08928  303.49810  306.05516  308.54119  311.09599  303.54809  305.99340  308.50601  301.06589  303.47121  305.94241
 301.20230  303.58617  306.03527  298.75226  301.09735  303.50630  296.32654  298.63357  301.00310  303.56240  306.00794  308.52079  301.07397  303.47942  305.95074  298.61056  300.97665  303.40722  305.98408  308.49325  311.07190  303.45596  305.92366  308.45936  300.95358  303.38059  305.87414
 301.08783  303.49350  305.96505  298.61831  300.98453  303.41523  296.17397  298.50146  300.89205  303.47004  305.93797  308.47391  300.96145  303.38860  305.88227  298.47876  300.86586  303.31807  305.91444  308.44662  311.04902  303.36545  305.85544  308.41412  300.84310  303.29169  305.80748
 300.97509  303.40246  305.89636  298.48631  300.87354  303.32588  296.02355  298.37139  300.78294  303.37931  305.86953  308.42844  300.85078  303.29949  305.81541  298.34900  300.75699  303.23073  305.84629  308.40139  311.02743  303.27665  305.78881  308.37036  300.73453  303.20459  305.74251
 300.86421  303.31314  305.82929  298.35637  300.76448  303.23835  295.87537  298.24344  300.67584  303.29030  305.80269  308.38447  300.74202  303.21220  305.75025  298.22135  300.65013  303.14529  305.77976  308.35767  311.00723  303.18966  305.72390  308.32820  300.62797  303.11939  305.67932
 300.75524  303.22564  305.76391  298.22853  300.65743  303.15271  295.72951  298.11771  300.57084  303.20309  305.73756  308.34209  300.63526  303.12681  305.68687  298.09591  300.54537  303.06183  305.71491  308.31552  310.98850  303.10455  305.66075  308.28770  300.52349  303.03616  305.61800
 300.64828  303.14004  305.70032  298.10291  300.55249  303.06907  295.58606  297.99428  300.46803  303.11778  305.67420  308.30139  300.53060  303.04339  305.62536  297.97277  300.44279  302.98045  305.65184  308.27504  310.97135  303.02141  305.59947  308.24898  300.42119  302.95500  305.55866
 300.54342  303.05643  305.63862  297.97959  300.44973  302.98750  295.44511  297.87324  300.36750  303.03444  305.61272  308.26246  300.42812  302.96205  305.56583  297.85200  300.34248  302.90124  305.59064  308.23633  310.95585  302.94035  305.54015  308.21210  300.32116  302.87601  305.50136
 300.44074  302.97489  305.57889  297.85865  300.34924  302.90812  295.30675  297.75467  300.26934  302.95318  305.55320  308.22538  300.32792  302.88288  305.50836  297.73371  300.24454  302.82428  305.53139  308.19946  310.94209  302.86145  305.48289  308.17717  300.22348  302.79926  305.44621
 300.34035  302.89552  305.52122  297.74019  300.25113  302.83098  295.17106  297.63867  300.17364  302.87409  305.49575  308.19026  300.23007  302.80596  305.45302  297.61798  300.14905  302.74967  305.47420  308.16455  310.93019  302.78479  305.42777  308.14428  300.12825  302.72486  305.39330
 300.24231  302.81841  305.46569  297.62428  300.15547  302.75619  295.03813  297.52533  300.08048  302.79724  305.44044  308.15718  300.13467  302.73138  305.39994  297.50489  300.05611  302.67750  305.41915  308.13168  310.92021  302.71048  305.37489  308.11353  300.03557  302.65290  305.34272
 300.14673  302.74365  305.41242  297.51104  300.06236  302.68386  294.90804  297.41473  299.98998  302.72274  305.38737  308.12624  300.04182  302.65926  305.34919  297.39455  299.96581  302.60787  305.36634  308.10093  310.91228  302.63860  305.32434  308.08502  299.94552  302.58347  305.29458
 300.05369  302.67134  305.36149  297.40053  299.97189  302.61407  294.78091  297.30698  299.90221  302.65068  305.33664  308.09754  299.95160  302.58966  305.30089  297.28705  299.87824  302.54088  305.31587  308.07243  310.90649  302.56926  305.27623  308.05884  299.85820  302.51667  305.24897
 299.96330  302.60156  305.31300  297.29287  299.88416  302.54691  294.65680  297.20215  299.81727  302.58116  305.28835  308.07118  299.86412  302.52269  305.25511  297.18247  299.79350  302.47662  305.26781  308.04625  310.90292  302.50253  305.23064  308.03508  299.77369  302.45259  305.20599
 299.87564  302.53442  305.26705  297.18813  299.79926  302.48248  294.53582  297.10035  299.73527  302.51425  305.24257  308.04724  299.77945  302.45845  305.21196  297.08090  299.71167  302.41517  305.22228  308.02249  310.90167  302.43853  305.18767  308.01385  299.69211  302.39132  305.16572
 299.79080  302.47000  305.22372  297.08641  299.71728  302.42088  294.41804  297.00166  299.65627  302.45008  305.19943  308.02583  299.69771  302.39703  305.17153  296.98245  299.63286  302.35664  305.17938  308.00128  310.90287  302.37734  305.14743  307.99525  299.61353  302.33298  305.12827
 299.70889  302.40841  305.18312  296.98781  299.63831  302.36219  294.30359  296.90619  299.58040  302.38872  305.15901  308.00706  299.61898  302.33853  305.13393  296.88721  299.55717  302.30114  305.13918  307.98267  310.90659  302.31907  305.11000  307.97937  299.53807  302.27765  305.09376
 299.63000  302.34975  305.14536  296.89242  299.56247  302.30654  294.19253  296.81403  299.50775  302.33028  305.12142  307.99102  299.54336  302.28305  305.09926  296.79527  299.48469  302.24876  305.10182  307.96681  310.91296  302.26381  305.07550  307.96633  299.46581  302.22545  305.06227
 299.55423  302.29411  305.11052  296.80033  299.48985  302.25401  294.08497  296.72528  299.43841  302.27487  305.08677  307.97781  299.47096  302.23070  305.06761  296.70674  299.41553  302.19960  305.06738  307.95377  310.92207  302.21167  305.04402  307.95623  299.39686  302.17645  305.03391
 299.48166  302.24159  305.07872  296.71166  299.42054  302.20470  293.98100  296.64003  299.37249  302.22257  305.05512  307.96755  299.40187  302.18155  305.03911  296.62170  299.34977  302.15377  305.03596  307.94367  310.93401  302.16274  305.01568  307.94916  299.33131  302.13078  305.00877
 299.41241  302.19229  305.05005  296.62648  299.35464  302.15873  293.88073  296.55838  299.31009  302.17348  305.02662  307.96031  299.33618  302.13574  305.01383  296.54027  299.28754  302.11136  305.00766  307.93660  310.94891  302.11714  304.99057  307.94524  299.26929  302.08854  304.98699
 299.34657  302.14633  305.02462  296.54491  299.29227  302.11618  293.78424  296.48044  299.25130  302.12773  305.00135  307.95624  299.27402  302.09336  304.99190  296.46253  299.22891  302.07249  304.98260  307.93268  310.96688  302.07496  304.96879  307.94458  299.21086  302.04981  304.96864
 299.28425  302.10379  305.00253  296.46704  299.23350  302.07716  293.69164  296.40631  299.19624  302.08539  304.97942  307.95542  299.21545  302.05449  304.97341  296.38860  299.17400  302.03725  304.96087  307.93201  310.98802  302.03630  304.95045  307.94727  299.15615  302.01473  304.95385
 299.22555  302.06478  304.98390  296.39297  299.17845  302.04178  293.60303  296.33608  299.14501  302.04658  304.96093  307.95797  299.16060  302.01926  304.95848  296.31857  299.12291  302.00576  304.94259  307.93469  311.01243  302.00127  304.93566  307.95344  299.10527  301.98338  304.94273
 299.17055  302.02941  304.96882  296.32281  299.12724  302.01016  293.51850  296.26985  299.09770  302.01141  304.94600  307.96399  299.10959  301.98778  304.94722  296.25254  299.07575  301.97812  304.92785  307.94086  311.04023  301.96999  304.92455  307.96320  299.05830  301.95588  304.93536
 299.11939  301.99778  304.95741  296.25665  299.07994  301.98239  293.43816  296.20774  299.05444  301.97998  304.93474  307.97359  299.06249  301.96015  304.93972  296.19062  299.03263  301.95443  304.91678  307.95061  311.07154  301.94254  304.91719  307.97664  299.01536  301.93233  304.93188
 299.07216  301.97001  304.94977  296.19460  299.03670  301.95857  293.36212  296.14986  299.01532  301.95240  304.92724  307.98689  299.01942  301.93647  304.93611  296.13292  298.99365  301.93481  304.90946  307.96404  311.10648  301.91905  304.91371  307.99390  298.97657  301.91285  304.93241
 299.02895  301.94619  304.94602  296.13677  298.99758  301.93882  293.29047  296.09629  298.98045  301.92876  304.92362  308.00400  298.98049  301.91686  304.93650  296.07953  298.95892  301.91939  304.90603  307.98128  311.14514  301.89962  304.91423  308.01507  298.94201  301.89756  304.93704
 298.98989  301.92645  304.94628  296.08327  298.96273  301.92327  293.22332  296.04715  298.94995  301.90920  304.92401  308.02505  298.94582  301.90144  304.94100  296.03057  298.92855  301.90825  304.90660  308.00246  311.18767  301.88438  304.91886  308.04029  298.91182  301.88655  304.94589
 298.95509  301.91089  304.95064  296.03419  298.93224  301.91201  293.16077  296.00256  298.92393  301.89383  304.92850  308.05013  298.91551  301.89031  304.94973  295.98616  298.90265  301.90152  304.91127  308.02766  311.23417  301.87342  304.92771  308.06967  298.88610  301.87994  304.95909
 298.92465  301.89962  304.95923  295.98966  298.90622  301.90516  293.10295  295.96262  298.90249  301.88274  304.93722  308.07937  298.88967  301.88358  304.96280  295.94639  298.88134  301.89932  304.92017  308.05703  311.28475  301.86687  304.94091  308.10332  298.86496  301.87786  304.97674
 298.89867  301.89276  304.97217  295.94977  298.88478  301.90283  293.04994  295.92744  298.88576  301.87605  304.95028  308.11289  298.86840  301.88137  304.98032  295.91138  298.86473  301.90174  304.93339  308.09067  311.33955  301.86483  304.95856  308.14137  298.84851  301.88041  304.99897
 298.87728  301.89043  304.98957  295.91465  298.86806  301.90514  293.00186  295.89713  298.87383  301.87388  304.96780  308.15081  298.85184  301.88381  305.00244  295.88123  298.85293  301.90893  304.95108  308.12871  311.39869  301.86743  304.98079  308.18395  298.83687  301.88772  305.02590
 298.86060  301.89275  305.01156  295.88439  298.85615  301.91222  292.95883  295.87182  298.86685  301.87636  304.98991  308.19326  298.84009  301.89100  305.02926  295.85608  298.84606  301.92101  304.97335  308.17127  311.46230  301.87478  305.00771  308.23117  298.83016  301.89990  305.05766
 298.84873  301.89982  305.03825  295.85912  298.84917  301.92418  292.92094  295.85160  298.86492  301.88359  305.01671  308.24035  298.83327  301.90307  305.06089  295.83602  298.84424  301.93807  305.00031  308.21847  311.53049  301.88701  305.03946  308.28315  298.82850  301.91708  305.09436
 298.84178  301.91176  305.06977  295.83896  298.84723  301.94113  292.88833  295.83661  298.86817  301.89570  305.04833  308.29222  298.83150  301.92013  305.09748  295.82119  298.84759  301.96027  305.03209  308.27044  311.60341  301.90423  305.07615  308.34004  298.83201  301.93937  305.13614
 298.83990  301.92871  305.10624  295.82402  298.85048  301.96322  292.86111  295.82695  298.87670  301.91280  305.08491  308.34898  298.83490  301.94232  305.13915  295.81168  298.85623  301.98770  305.06882  308.32731  311.68117  301.92657  305.11792  308.40195  298.84080  301.96691  305.18311
 298.84318  301.95078  305.14778  295.81440  298.85901  301.99054  292.83939  295.82275  298.89065  301.93502  305.12655  308.41078  298.84358  301.96975  305.18601  295.80763  298.87028  302.02051  305.11062  308.38920  311.76392  301.95414  305.16488  308.46902  298.85500  301.99982  305.23541
 298.85175  301.97809  305.19453  295.81025  298.87295  302.02324  292.82328  295.82413  298.91014  301.96249  305.17340  308.47773  298.85767  302.00254  305.23820  295.80915  298.88987  302.05882  305.15762  308.45624  311.85177  301.98709  305.21717  308.54137  298.87473  302.03822  305.29317
 298.86573  302.01077  305.24661  295.81167  298.89244  302.06144  292.81290  295.83121  298.93529  301.99532  305.22557  308.54996  298.87730  302.04084  305.29585  295.81638  298.91512  302.10275  305.20994  308.52858  311.94488  302.02553  305.27492  308.61916  298.90012  302.08225  305.35653
 298.88525  302.04897  305.30415  295.81879  298.91758  302.10527  292.80839  295.84411  298.96624  302.03366  305.28321  308.62764  298.90259  302.08476  305.35910  295.82942  298.94616  302.15245  305.26772  308.60634  312.04338  302.06959  305.33825  308.70249  298.93130  302.13203  305.42561
 298.91043  302.09278  305.36729  295.83174  298.94852  302.15486  292.80985  295.86296  299.00311  302.07761  305.34644  308.71086  298.93367  302.13445  305.42808  295.84841  298.98312  302.20803  305.33108  308.68965  312.14741  302.11941  305.40731  308.79152  298.96840  302.18770  305.50055
 298.94141  302.14236  305.43616  295.85063  298.98538  302.21035  292.81742  295.88789  299.04603  302.12732  305.41539  308.79979  298.97066  302.19002  305.50292  295.87347  299.02612  302.26964  305.40018  308.77866  312.25709  302.17512  305.48224  308.88639  299.01153  302.24940  305.58149
 298.97830  302.19782  305.51089  295.87560  299.02829  302.27186  292.83122  295.91903  299.09514  302.18292  305.49021  308.89454  299.01370  302.25161  305.58375  295.90475  299.07532  302.33741  305.47514  308.87350  312.37260  302.23685  305.56316  308.98724  299.06087  302.31726  305.66858
 299.02124  302.25932  305.59163  295.90677  299.07739  302.33953  292.85138  295.95652  299.15057  302.24456  305.57103  308.99529  299.06294  302.31937  305.67074  295.94237  299.13083  302.41150  305.55609  308.97432  312.49406  302.30474  305.65022  309.09421  299.11651  302.39141  305.76195
 299.07038  302.32698  305.67852  295.94430  299.13281  302.41352  292.87803  296.00046  299.21246  302.31235  305.65800  309.10217  299.11848  302.39343  305.76401  295.98644  299.19279  302.49201  305.64318  309.08127  312.62163  302.37893  305.74357  309.20745  299.17860  302.47200  305.86174
 299.12582  302.40093  305.77169  295.98828  299.19468  302.49394  292.91130  296.05102  299.28094  302.38643  305.75124  309.21529  299.18048  302.47393  305.86371  296.03712  299.26136  302.57912  305.73655  309.19447  312.75544  302.45955  305.84334  309.32710  299.24728  302.55918  305.96811
 299.18773  302.48134  305.87129  296.03887  299.26315  302.58095  292.95131  296.10832  299.35616  302.46696  305.85092  309.33485  299.24907  302.56101  305.96998  296.09454  299.33665  302.67295  305.83635  309.31410  312.89568  302.54676  305.94968  309.45333  299.32270  302.65308  306.08120
 299.25623  302.56833  305.97746  296.09621  299.33835  302.67469  292.99822  296.17250  299.43826  302.55407  305.95716  309.46098  299.32440  302.65482  306.08298  296.15885  299.41882  302.77366  305.94272  309.44029  313.04246  302.64069  306.06274  309.58627  299.40498  302.75385  306.20117
 299.33146  302.66205  306.09037  296.16043  299.42044  302.77531  293.05215  296.24372  299.52739  302.64791  306.07013  309.59382  299.40660  302.75551  306.20286  296.23017  299.50801  302.88140  306.05581  309.57320  313.19597  302.74150  306.18269  309.72608  299.49430  302.86166  306.32817
 299.41357  302.76263  306.21015  296.23166  299.50953  302.88295  293.11324  296.32209  299.62369  302.74862  306.18998  309.73354  299.49582  302.86321  306.32976  296.30867  299.60438  302.99630  306.17578  309.71298  313.35635  302.84932  306.30964  309.87293  299.59078  302.97663  306.46234
 299.50271  302.87026  306.33696  296.31008  299.60582  302.99778  293.18164  296.40778  299.72731  302.85636  306.31685  309.88030  299.59222  302.97810  306.46385  296.39447  299.70806  303.11855  306.30276  309.85980  313.52378  302.96432  306.44380  310.02698  299.69457  303.09893  306.60386
 299.59902  302.98505  306.47096  296.39580  299.70941  303.11993  293.25750  296.50093  299.83841  302.97127  306.45091  310.03425  299.69593  303.10032  306.60528  296.48773  299.81922  303.24828  306.43693  310.01381  313.69841  303.08665  306.58529  310.18836  299.80584  303.22872  306.75288
 299.70264  303.10719  306.61231  296.48898  299.82050  303.24959  293.34094  296.60169  299.95714  303.09351  306.59232  310.19556  299.80712  303.23003  306.75422  296.58860  299.93801  303.38565  306.57844  310.17516  313.88041  303.21646  306.73428  310.35729  299.92473  303.36615  306.90957
 299.81374  303.23681  306.76116  296.58977  299.93920  303.38688  293.43213  296.71023  300.08366  303.22324  306.74121  310.36439  299.92592  303.36737  306.91082  296.69724  300.06457  303.53085  306.72746  310.34404  314.06995  303.35392  306.89093  310.53389  300.05141  303.51139  307.07410
 299.93247  303.37407  306.91768  296.69832  300.06568  303.53198  293.53121  296.82667  300.21812  303.36061  306.89778  310.54091  300.05252  303.51252  307.07526  296.81379  300.19908  303.68401  306.88413  310.52062  314.26720  303.49917  307.05541  310.71836  300.18602  303.66460  307.24662
 300.05899  303.51914  307.08203  296.81480  300.20012  303.68507  293.63836  296.95120  300.36069  303.50579  307.06219  310.72529  300.18706  303.66566  307.24770  296.93842  300.34171  303.84531  307.04864  310.70505  314.47236  303.65241  307.22791  310.91087  300.32875  303.82595  307.42732
 300.19345  303.67220  307.25439  296.93935  300.34266  303.84628  293.75369  297.08396  300.51154  303.65895  307.23460  310.91772  300.32970  303.82692  307.42832  297.07129  300.49260  304.01492  307.22115  310.89751  314.68557  303.81377  307.40856  311.11157  300.47974  303.99560  307.61636
 300.33602  303.83339  307.43493  297.07215  300.49348  304.01583  293.87741  297.22514  300.67083  303.82024  307.41518  311.11835  300.48062  303.99651  307.61729  297.21255  300.65194  304.19302  307.40183  311.09818  314.90704  303.98346  307.59757  311.32068  300.63917  304.17374  307.81394
 300.48685  304.00289  307.62382  297.21334  300.65274  304.19384  294.00964  297.37488  300.83874  303.98984  307.60410  311.32737  300.63998  304.17456  307.81478  297.36239  300.81988  304.37978  307.59085  311.30725  315.13694  304.16161  307.79511  311.53836  300.80721  304.36054  308.02023
 300.64615  304.18088  307.82125  297.36310  300.82061  304.38053  294.15057  297.53336  301.01544  304.16792  307.80157  311.54498  300.80794  304.36129  308.02099  297.52096  300.99663  304.57539  307.78842  311.52489  315.37548  304.34843  308.00135  311.76480  300.98405  304.55618  308.23541
 300.81404  304.36753  308.02738  297.52160  300.99729  304.57606  294.30036  297.70075  301.20111  304.35467  308.00774  311.77135  300.98471  304.55685  308.23610  297.68845  301.18233  304.78001  307.99468  311.75129  315.62283  304.54409  308.21649  312.00020  301.16984  304.76084  308.45967
 300.99073  304.56302  308.24241  297.68902  301.18292  304.78061  294.45918  297.87723  301.39592  304.55025  308.22280  312.00667  301.17043  304.76144  308.46029  297.86502  301.37718  304.99385  308.20983  311.98664  315.87920  304.74876  308.44071  312.24475  301.36478  304.97470  308.69321
 301.17638  304.76753  308.46653  297.86552  301.37769  304.99438  294.62720  298.06298  301.60008  304.75486  308.44695  312.25115  301.36530  304.97523  308.69376  298.05085  301.58136  305.21709  308.43407  312.23113  316.14477  304.96264  308.67420  312.49863  301.56905  305.19796  308.93622
 301.37119  304.98126  308.69994  298.05129  301.58180  305.21754  294.80461  298.25818  301.81376  304.96867  308.68037  312.50496  301.56949  305.19842  308.93669  298.24614  301.79506  305.44992  308.66759  312.48498  316.41977  305.18592  308.91715  312.76206  301.78283  305.43082  309.18890
 301.57532  305.20438  308.94280  298.24651  301.79543  305.45030  294.99158  298.46301  302.03714  305.19188  308.92327  312.76832  301.78321  305.43121  309.18930  298.45106  302.01847  305.69254  308.91057  312.74836  316.70439  305.41879  309.16979  313.03525  302.00633  305.67347  309.45146
 301.78897  305.43711  309.19534  298.45137  302.01878  305.69286  295.18830  298.67768  302.27044  305.42469  309.17583  313.04144  302.00664  305.67379  309.45179  298.66581  302.25179  305.94516  309.16321  313.02149  316.99884  305.66145  309.43229  313.31839  302.23973  305.92610  309.72409
 302.01234  305.67963  309.45777  298.66605  302.25204  305.94542  295.39497  298.90237  302.51385  305.66729  309.43827  313.32452  302.23997  305.92635  309.72435  298.89057  302.49522  306.20798  309.42574  313.30459  317.30335  305.91410  309.70487  313.61170  302.48324  306.18894  310.00703
 302.24561  305.93213  309.73028  298.89075  302.49539  306.20816  295.61175  299.13727  302.76757  305.91988  309.71080  313.61778  302.48342  306.18913  310.00721  299.12556  302.74896  306.48121  309.69834  313.59786  317.61813  306.17695  309.98775  313.91541  302.73705  306.46218  310.30046
 302.48900  306.19485  310.01308  299.12568  302.74908  306.48133  295.83887  299.38261  303.03182  306.18267  309.99361  313.92142  302.73718  306.46231  310.30059  299.37096  303.01322  306.76506  309.98123  313.90151  317.94339  306.45021  310.28113  314.22974  303.00139  306.74604  310.60463
 302.74270  306.46797  310.30639  299.37102  303.01327  306.76512  296.07650  299.63856  303.30679  306.45587  310.28693  314.23569  303.00144  306.74610  310.60469  299.62699  303.28820  307.05975  310.27463  314.21578  318.27940  306.73408  310.58524  314.55490  303.27644  307.04074  310.91975
 303.00692  306.75171  310.61044  299.62699  303.28820  307.05975  296.32488  299.90535  303.59272  306.73968  310.59099  314.56080  303.27644  307.04074  310.91975  299.89386  303.57414  307.36551  310.57876  314.54089  318.62635  307.02879  310.90030  314.89113  303.56246  307.34651  311.24605
 303.28186  307.04629  310.92544  299.89380  303.57408  307.36545  296.58419  300.18320  303.88983  307.03434  310.90599  314.89697  303.56240  307.34644  311.24599  300.17178  303.87125  307.68256  310.89384  314.87708  318.98450  307.33457  311.22655  315.23869  303.85964  307.66357  311.58378
 303.56776  307.35194  311.25162  300.17166  303.87113  307.68244  296.85466  300.47232  304.19832  307.34006  311.23219  315.24446  303.85952  307.66344  311.58366  300.46097  304.17976  308.01114  311.22009  315.22455  319.35409  307.65163  311.56421  315.59778  304.16821  307.99214  311.93316
 303.86483  307.66889  311.58924  300.46080  304.17959  308.01097  297.13649  300.77295  304.51846  307.65707  311.56979  315.60351  304.16803  307.99196  311.93298  300.76165  304.49988  308.35149  311.55778  315.58360  319.73537  307.98022  311.91353  315.96868  304.48841  308.33248  312.29446
 304.17329  307.99735  311.93852  300.76143  304.49965  308.35125  297.42992  301.08528  304.85045  307.98561  311.91907  315.97436  304.48818  308.33224  312.29421  301.07407  304.83188  308.70384  311.90712  315.95444  320.12859  308.32057  312.27476  316.35163  304.82047  308.68482  312.66790
 304.49339  308.33759  312.29970  301.07379  304.83159  308.70354  297.73517  301.40959  305.19456  308.32592  312.28024  316.35726  304.82018  308.68453  312.66760  301.39844  305.17598  309.06844  312.26836  316.33732  320.53402  308.67292  312.64813  316.74688  305.16462  309.04942  313.05375
 304.82535  308.68984  312.67304  301.39811  305.17564  309.06810  298.05249  301.74611  305.55102  308.67822  312.65357  316.75246  305.16429  309.04908  313.05340  301.73501  305.53243  309.44556  312.64175  316.73252  320.95192  309.03752  313.03392  317.15471  305.52114  309.42653  313.45228
 305.16942  309.05433  313.05879  301.73463  305.53204  309.44516  298.38209  302.09507  305.92009  309.04278  313.03931  317.16024  305.52075  309.42613  313.45187  302.08403  305.90149  309.83546  313.02755  317.14029  321.38256  309.41464  313.43238  317.57538  305.89027  309.81641  313.86376
 305.52584  309.43135  313.45722  302.08360  305.90105  309.83500  298.72423  302.45672  306.30203  309.41986  313.43773  317.58088  305.88982  309.81596  313.86329  302.44574  306.28341  310.23839  313.42603  317.56090  321.82622  309.80453  313.84378  318.00918  306.27224  310.21932  314.28844
 305.89487  309.82114  313.86860  302.44527  306.28293  310.23789  299.07916  302.83134  306.69710  309.80970  313.84909  318.01463  306.27176  310.21883  314.28793  302.82042  306.67847  310.65463  313.83745  317.99463  322.28319  310.20745  314.26840  318.45638  306.66735  310.63555  314.72663
 306.27676  310.22395  314.29320  302.81990  306.67794  310.65409  299.44713  303.21917  307.10558  310.21258  314.27366  318.46178  306.66682  310.63500  314.72607  303.20830  307.08692  311.08447  314.26208  318.44176  322.75375  310.62368  314.70652  318.91727  307.07586  311.06536  315.17860
 306.67179  310.64010  314.73131  303.20774  307.08635  311.08388  299.82842  303.62050  307.52774  310.62878  314.71175  318.92264  307.07528  311.06477  315.17800  303.60969  307.50907  311.52819  314.70022  318.90259  323.23822  311.05351  315.15841  319.39215  307.49806  311.50905  315.64467
 307.08022  311.06983  315.18319  303.60908  307.50844  311.52754  300.22328  304.03561  307.96387  311.05857  315.16361  319.39749  307.49743  311.50841  315.64401  304.02485  307.94516  311.98608        nan        nan        nan        nan        nan        nan        nan        nan        nan
