       nan        nan        nan        nan        nan        nan        nan        nan        nan  333.72816        nan        nan        nan        nan        nan        nan        nan        nan  333.76134  334.24200        nan        nan        nan        nan        nan        nan        nan
 333.69194        nan        nan  333.26106        nan        nan        nan        nan        nan  333.72511  334.20567        nan  333.29414  333.77346        nan        nan        nan        nan  333.79152  334.27648  334.67672  333.36039  333.84409  334.24329        nan        nan        nan
 333.65260  334.13295        nan  333.21601  333.69510        nan  332.85615  333.33420        nan  333.71898  334.20373  334.60380  333.28222  333.76570  334.16472  332.92221  333.40465  333.80280  333.81870  334.31008  334.72161  333.38168  333.87177  334.28223  333.02145  333.51049  333.92005
 333.61003  334.09446  334.49426  333.16483  333.64797  334.04670  332.79011  333.27216  333.67000  333.70968  334.20074  334.61200  333.26421  333.75396  334.16413  332.88927  333.37792  333.78716  333.84281  334.34272  334.76874  333.39699  333.89556  334.32044  333.02175  333.51920  333.94312
 333.56407  334.05470  334.46560  333.10738  333.59667  334.00645  332.71390  333.20204  333.61084  333.69708  334.19655  334.62220  333.24003  333.73814  334.16261  332.84624  333.34317  333.76664  333.86377  334.37430  334.81761  333.40627  333.91539  334.35749  333.01208  333.52000  333.96106
 333.51457  334.01349  334.43867  333.04360  333.54111  333.96509  332.62813  333.12440  333.54732  333.68107  334.19104  334.63387  333.20963  333.71816  334.15974  332.79375  333.30101  333.74148  333.88146  334.40464  334.86769  333.40946  333.93115  334.39289  332.99308  333.51347  333.97405
 333.46138  333.97068  334.41292  332.97351  333.48131  333.92226  332.53339  333.03985  333.47963  333.66151  334.18399  334.64643  333.17304  333.69400  334.15508  332.73240  333.25198  333.71183  333.89575  334.43355  334.91840  333.40660  333.94282  334.42626  332.96533  333.50014  333.98229
 333.40437  333.92605  334.38778  332.89714  333.41724  333.87755  332.43025  332.94888  333.40791  333.63825  334.17522  334.65933  333.13031  333.66565  334.14828  332.66276  333.19660  333.67787  333.90651  334.46078  334.96920  333.39776  333.95033  334.45720  332.92946  333.48048  333.98593
 333.34342  333.87944  334.36269  332.81463  333.34895  333.83066  332.31925  332.85198  333.33226  333.61121  334.16450  334.67202  333.08157  333.63310  334.13900  332.58539  333.13528  333.63968  333.91364  334.48611  335.01958  333.38304  333.95369  334.48546  332.88596  333.45491  333.98509
 333.27845  333.83064  334.33714  332.72612  333.27647  333.78130  332.20089  332.74951  333.25274  333.58028  334.15160  334.68401  333.02694  333.59637  334.12701  332.50077  333.06840  333.59735  333.91700  334.50927  335.06904  333.36255  333.95285  334.51076  332.83532  333.42375  333.97988
 333.20941  333.77946  334.31068  332.63179  333.19986  333.72924  332.07561  332.64179  333.16939  333.54538  334.13634  334.69485  332.96660  333.55550  334.11207  332.40931  332.99624  333.55094  333.91655  334.53008  335.11719  333.33648  333.94787  334.53294  332.77795  333.38729  333.97040
 333.13623  333.72573  334.28287  332.53179  333.11915  333.67427  331.94380  332.52908  333.08223  333.50648  334.11850  334.70417  332.90071  333.51050  334.09404  332.31141  332.91904  333.50051  333.91218  334.54828  335.16363  333.30493  333.93872  334.55183  332.71420  333.34574  333.95667
 333.05890  333.66928  334.25337  332.42635  333.03441  333.61628  331.80580  332.41159  332.99128  333.46351  334.09791  334.71160  332.82942  333.46140  334.07276  332.20737  332.83699  333.44605  333.90385  334.56372  335.20806  333.26809  333.92544  334.56732  332.64440  333.29929  333.93876
 332.97740  333.60995  334.22185  332.31559  332.94562  333.55509  331.66192  332.28947  332.89653  333.41646  334.07440  334.71685  332.75291  333.40823  334.04812  332.09752  332.75026  333.38762  333.89151  334.57621  335.25017  333.22606  333.90803  334.57930  332.56881  333.24809  333.91670
 332.89176  333.54763  334.18805  332.19972  332.85287  333.49062  331.51244  332.16288  332.79799  333.36531  334.04785  334.71968  332.67131  333.35101  334.02003  331.98207  332.65896  333.32521  333.87513  334.58560  335.28974  333.17900  333.88651  334.58771  332.48767  333.19224  333.89052
 332.80195  333.48218  334.15174  332.07886  332.75613  333.42277  331.35758  332.03191  332.69565  333.31005  334.01811  334.71986  332.58475  333.28973  333.98842  331.86127  332.56318  333.25883  333.85467  334.59176  335.32654  333.12700  333.86087  334.59245  332.40116  333.13184  333.86022
 332.70800  333.41351  334.11272  331.95314  332.65544  333.35147  331.19755  331.89665  332.58951  333.25066  333.98508  334.71720  332.49333  333.22441  333.95320  331.73528  332.46303  333.18849  333.83013  334.59457  335.36040  333.07017  333.83113  334.59347  332.30949  333.06697  333.82582
 332.60992  333.34152  334.07082  331.82269  332.55082  333.27666  331.03252  331.75719  332.47956  333.18716  333.94866  334.71154  332.39720  333.15508  333.91433  331.60430  332.35857  333.11419  333.80148  334.59394  335.39118  333.00861  333.79729  334.59074  332.21279  332.99771  333.78736
 332.50774  333.26614  334.02589  331.68763  332.44228  333.19828  330.86268  331.61358  332.36581  333.11956  333.90878  334.70275  332.29642  333.08174  333.87179  331.46845  332.24986  333.03595  333.76873  334.58978  335.41872  332.94239  333.75937  334.58420  332.11120  332.92410  333.74480
 332.40147  333.18728  333.97783  331.54804  332.32982  333.11630  330.68815  331.46587  332.24826  333.04784  333.86534  334.69069  332.19110  333.00439  333.82549  331.32787  332.13694  332.95375  333.73186  334.58202  335.44291  332.87160  333.71737  334.57382  332.00484  332.84620  333.69818
 332.29112  333.10491  333.92650  331.40402  332.21345  333.03065  330.50906  331.31412  332.12689  332.97204  333.81832  334.67528  332.08129  332.92304  333.77541  331.18268  332.01987  332.86762  333.69089  334.57058  335.46366  332.79630  333.67127  334.55956  331.89382  332.76404  333.64750
 332.17674  333.01897  333.87184  331.25564  332.09320  332.94132  330.32552  331.15838  332.00173  332.89216  333.76763  334.65643  331.96709  332.83770  333.72155  331.03298  331.89869  332.77755  333.64579  334.55541  335.48088  332.71654  333.62109  334.54139  331.77821  332.67766  333.59276
 332.05833  332.92942  333.81376  331.10300  331.96907  332.84831  330.13764  330.99867  331.87277  332.80820  333.71325  334.63406  331.84854  332.74838  333.66386  330.87885  331.77342  332.68354  333.59659  334.53649  335.49449  332.63239  333.56686  334.51930  331.65811  332.58711  333.53396
 331.93591  332.83622  333.75219  330.94613  331.84107  332.75156  329.94550  330.83503  331.74000  332.72017  333.65513  334.60808  331.72571  332.65509  333.60233  330.72037  331.64412  332.58560  333.54325  334.51374  335.50442  332.54388  333.50855  334.49327  331.53358  332.49239  333.47111
 331.80950  332.73935  333.68707  330.78511  331.70921  332.65107  329.74919  330.66751  331.60345  332.62808  333.59324  334.57847  331.59864  332.55782  333.53693  330.55762  331.51079  332.48373  333.48583  334.48714  335.51061  332.45107  333.44617  334.46327  331.40471  332.39354  333.40422
 331.67912  332.63877  333.61836  330.61998  331.57351  332.54682  329.54877  330.49612  331.46311  332.53197  333.52755  334.54515  331.46739  332.45660  333.46766  330.39069  331.37347  332.37795  333.42428  334.45665  335.51301  332.35399  333.37973  334.42929  331.27153  332.29059  333.33329
 331.54480  332.53447  333.54601  330.45082  331.43396  332.43881  329.34433  330.32089  331.31899  332.43182  333.45804  334.50809  331.33198  332.35142  333.39450  330.21959  331.23218  332.26824  333.35864  334.42225  335.51158  332.25268  333.30923  334.39130  331.13411  332.18355  333.25831
 331.40656  332.42645  333.47001  330.27765  331.29060  332.32702  329.13591  330.14185  331.17109  332.32767  333.38470  334.46726  331.19248  332.24229  333.31744  330.04442  331.08695  332.15462  333.28891  334.38393  335.50628  332.14716  333.23468  334.34932  330.99248  332.07244  333.17930
 331.26440  332.31467  333.39028  330.10052  331.14341  332.21144  328.92359  329.95904  331.01944  332.21950  333.30749  334.42261  331.04891  332.12923  333.23648  329.86521  330.93781  332.03712  333.21509  334.34165  335.49708  332.03749  333.15608  334.30333  330.84673  331.95730  333.09629
 331.11834  332.19912  333.30683  329.91947  330.99242  332.09209  328.70739  329.77246  330.86402  332.10734  333.22640  334.37413  330.90131  332.01225  333.15161  329.68202  330.78477  331.91571  333.13719  334.29539  335.48393  331.92368  333.07344  334.25329  330.69686  331.83812  333.00922
 330.96842  332.07981  333.21964  329.73454  330.83764  331.96895  328.48741  329.58217  330.70489  331.99121  333.14144  334.32177  330.74970  331.89133  333.06281  329.49489  330.62786  331.79042  333.05521  334.24515  335.46681  331.80575  332.98677  334.19923  330.54293  331.71496  332.91816
 330.81464  331.95672  333.12866  329.54578  330.67909  331.84201  328.26365  329.38815  330.54199  331.87110  333.05259  334.26553  330.59414  331.76653  332.97010  329.30386  330.46710  331.66125  332.96916  334.19091  335.44570  331.68375  332.89606  334.14113  330.38497  331.58779  332.82307
 330.65703  331.82987  333.03390  329.35319  330.51678  331.71129  328.03618  329.19047  330.37539  331.74706  332.95984  334.20538  330.43463  331.63781  332.87346  329.10897  330.30251  331.52821  332.87906  334.13267  335.42058  331.55768  332.80133  334.07898  330.22302  331.45666  332.72398
 330.49559  331.69922  332.93533  329.15683  330.35071  331.57677  327.80504  328.98912  330.20508  331.61906  332.86318  334.14130  330.27120  331.50520  332.77290  328.91026  330.13410  331.39131  332.78490  334.07040  335.39142  331.42757  332.70258  334.01278  330.05710  331.32157  332.62090
 330.33036  331.56481  332.83296  328.95673  330.18091  331.43848  327.57027  328.78413  330.03106  331.48714  332.76261  334.07329  330.10390  331.36873  332.66842  328.70777  329.96190  331.25056  332.68671  334.00411  335.35820  331.29345  332.59982  333.94253  329.88726  331.18255  332.51381
 330.16135  331.42661  332.72677  328.75292  330.00739  331.29641  327.33190  328.57554  329.85337  331.35132  332.65814  334.00132  329.93274  331.22838  332.56001  328.50153  329.78593  331.10597  332.58448  333.93379  335.32093  331.15534  332.49306  333.86823  329.71353  331.03960  332.40275
 329.98857  331.28465  332.61674  328.54542  329.83017  331.15057  327.08999  328.36335  329.67201  331.21159  332.54976  333.92540  329.75775  331.08418  332.44769  328.29157  329.60621  330.95755  332.47822  333.85943  335.27957  331.01326  332.38230  333.78988  329.53593  330.89275  332.28771
 329.81204  331.13891  332.50287  328.33427  329.64925  331.00095  326.84454  328.14760  329.48698  331.06797  332.43746  333.84551  329.57895  330.93613  332.33145  328.07793  329.42275  330.80532  332.36793  333.78103  335.23412  330.86722  332.26756  333.70747  329.35447  330.74201  332.16870
 329.63178  330.98940  332.38518  328.11949  329.46465  330.84757  326.59563  327.92830  329.29833  330.92047  332.32126  333.76164  329.39636  330.78424  332.21130  327.86064  329.23559  330.64929  332.25365  333.69859  335.18455  330.71726  332.14884  333.62100  329.16923  330.58741  332.04573
 329.44782  330.83614  332.26365  327.90111  329.27640  330.69045  326.34326  327.70548  329.10604  330.76913  332.20116  333.67379  329.21002  330.62855  332.08724  327.63974  329.04474  330.48946  332.13537  333.61211  335.13089  330.56338  332.02615  333.53048  328.98019  330.42895  331.91881
 329.26017  330.67913  332.13827  327.67916  329.08450  330.52957  326.08747  327.47917  328.91014  330.61394  332.07715  333.58195  329.01994  330.46904  331.95927  327.41523  328.85021  330.32584  332.01309  333.52158  335.07309  330.40560  331.89949  333.43591  328.78738  330.26664  331.78795
 329.06884  330.51837  332.00905  327.45366  328.88897  330.36495  325.82831  327.24937  328.71064  330.45491  331.94925  333.48613  328.82614  330.30575  331.82741  327.18716  328.65202  330.15846  331.88685  333.42702  335.01118  330.24396  331.76889  333.33729  328.59086  330.10052  331.65316
 328.87384  330.35388  331.87599  327.22464  328.68984  330.19662  325.56578  327.01613  328.50757  330.29208  331.81745  333.38632  328.62866  330.13867  331.69166  326.95557  328.45021  329.98732  331.75662  333.32841  334.94513  330.07845  331.63434  333.23463  328.39061  329.93059  331.51444
 328.67523  330.18567  331.73911  326.99213  328.48711  330.02457  325.29995  326.77946  328.30093  330.12543  331.68177  333.28252  328.42749  329.96782  331.55203  326.72046  328.24478  329.81245  331.62245  333.22577  334.87495  329.90912  331.49587  333.12793  328.18669  329.75687  331.37181
 328.47298  330.01374  331.59839  326.75615  328.28080  329.84882  325.03081  326.53937  328.09075  329.95502  331.54221  333.17473  328.22270  329.79323  331.40852  326.48188  328.03576  329.63384  331.48433  333.11909  334.80062  329.73596  331.35347  333.01718  327.97910  329.57938  331.22528
 328.26715  329.83810  331.45384  326.51673  328.07094  329.66937  324.75843  326.29590  327.87704  329.78082  331.39878  333.06294  328.01426  329.61489  331.26115  326.23984  327.82316  329.45152  331.34228  333.00837  334.72215  329.55900  331.20716  332.90241  327.76787  329.39812  331.07485
 328.05772  329.65878  331.30547  326.27389  327.85753  329.48624  324.48281  326.04908  327.65982  329.60287  331.25147  332.94717  327.80224  329.43283  331.10991  325.99439  327.60700  329.26550  331.19630  332.89363  334.63954  329.37826  331.05696  332.78361  327.55304  329.21314  330.92055
 327.84474  329.47575  331.15328  326.02766  327.64060  329.29944  324.20400  325.79890  327.43910  329.42118  331.10032  332.82741  327.58663  329.24707  330.95484  325.74554  327.38732  329.07580  331.04642  332.77487  334.55277  329.19377  330.90288  332.66079  327.33462  329.02443  330.76238
 327.62822  329.28908  330.99729  325.77806  327.42017  329.10899  323.92202  325.54542  327.21491  329.23577  330.94531  332.70367  327.36746  329.05761  330.79591  325.49332  327.16412  328.88242  330.89264  332.65208  334.46187  329.00553  330.74491  332.53395  327.11264  328.83201  330.60036
 327.40818  329.09875  330.83749  325.52512  327.19625  328.91489  323.63690  325.28865  326.98726  329.04666  330.78648  332.57596  327.14476  328.86447  330.63317  325.23775  326.93742  328.68540  330.73497  332.52529  334.36682  328.81356  330.58309  332.40310  326.88711  328.63590  330.43449
 327.18463  328.90477  330.67390  325.26887  326.96886  328.71717  323.34868  325.02861  326.75618  328.85385  330.62381  332.44427  326.91854  328.66767  330.46660  324.97888  326.70726  328.48474  330.57343  332.39450  334.26762  328.61789  330.41742  332.26826  326.65807  328.43614  330.26480
 326.95761  328.70716  330.50652  325.00932  326.73803  328.51584  323.05736  324.76531  326.52166  328.65736  330.45732  332.30862  326.68883  328.46723  330.29624  324.71670  326.47364  328.28045  330.40803  332.25970  334.16428  328.41853  330.24790  332.12943  326.42553  328.23271  330.09127
 326.72711  328.50594  330.33537  324.74650  326.50377  328.31091  322.76300  324.49880  326.28376  328.45722  330.28703  332.16900  326.45564  328.26316  330.12207  324.45127  326.23659  328.07256  330.23878  332.12091  334.05680  328.21550  330.07457  331.98661  326.18952  328.02565  329.91396
 326.49318  328.30111  330.16045  324.48044  326.26609  328.10239  322.46561  324.22909  326.04247  328.25344  330.11295  332.02543  326.21901  328.05547  329.94412  324.18260  325.99614  327.86109  330.06570  331.97815  333.94518  328.00882  329.89743  331.83981  325.95007  327.81498  329.73285
 326.25583  328.09271  329.98179  324.21117  326.02504  327.89031  322.16523  323.95621  325.79782  328.04604  329.93508  331.87791  325.97895  327.84420  329.76241  323.91071  325.75230  327.64603  329.88880  331.83141  333.82944  327.79850  329.71650  331.68906  325.70718  327.60071  329.54796
 326.01508  327.88074  329.79937  323.93871  325.78061  327.67468  321.86188  323.68018  325.54983  327.83503  329.75345  331.72646  325.73549  327.62934  329.57694  323.63563  325.50508  327.42743  329.70811  331.68071  333.70956  327.58458  329.53178  331.53435  325.46090  327.38286  329.35932
 325.77094  327.66521  329.61324  323.66307  325.53283  327.45551  321.55559  323.40101  325.29852  327.62044  329.56806  331.57108  325.48864  327.41093  329.38773  323.35740  325.25452  327.20529  329.52363  331.52606  333.58557  327.36707  329.34330  331.37570  325.21124  327.16145  329.16692
 325.52345  327.44614  329.42337  323.38430  325.28173  327.23283  321.24639  323.11875  325.04391  327.40228  329.37893  331.41177  325.23845  327.18898  329.19480  323.07604  325.00065  326.97964  329.33536  331.36745  333.45745  327.14599  329.15107  331.21311  324.95823  326.93650  328.97080
 325.27262  327.22356  329.22980  323.10240  325.02733  327.00664  320.93432  322.83342  324.78603  327.18056  329.18607  331.24855  324.98490  326.96350  328.99814  322.79157  324.74347  326.75049  329.14334  331.20492  333.32522  326.92135  328.95509  331.04660  324.70189  326.70803  328.77097
 325.01847  326.99747  329.03254  322.81742  324.76963  326.77698  320.61939  322.54503  324.52488  326.95532  328.98949  331.08143  324.72805  326.73452  328.79779  322.50401  324.48301  326.51785  328.94758  331.03845  333.18887  326.69319  328.75540  330.87617  324.44224  326.47605  328.56742
 324.76103  326.76791  328.83160  322.52937  324.50868  326.54384  320.30164  322.25361  324.26050  326.72657  328.78921  330.91041  324.46791  326.50204  328.59374  322.21341  324.21928  326.28174  328.74810  330.86810  333.04844  326.46150  328.55201  330.70185  324.17930  326.24060  328.36019
 324.50033  326.53487  328.62699  322.23829  324.24447  326.30726  319.98109  321.95918  323.99290  326.49432  328.58525  330.73552  324.20449  326.26611  328.38603  321.91976  323.95233  326.04220  328.54491  330.69383  332.90393  326.22633  328.34493  330.52364  323.91311  326.00168  328.14930
 324.23636  326.29838  328.41873  321.94418  323.97706  326.06725  319.65777  321.66179  323.72211  326.25860  328.37762  330.55676  323.93783  326.02672  328.17467  321.62312  323.68217  325.79924  328.33802  330.51568  332.75532  325.98768  328.13418  330.34156  323.64369  325.75933  327.93476
 323.96917  326.05846  328.20684  321.64709  323.70644  325.82383  319.33171  321.36143  323.44815  326.01942  328.16633  330.37414  323.66796  325.78391  327.95968  321.32350  323.40882  325.55287  328.12744  330.33365  332.60264  325.74558  327.91977  330.15561  323.37105  325.51354  327.71659
 323.69877  325.81513  327.99132  321.34703  323.43265  325.57702  319.00294  321.05815  323.17104  325.77680  327.95140  330.18768  323.39488  325.53769  327.74106  321.02092  323.13229  325.30311  327.91321  330.14776  332.44589  325.50006  327.70173  329.96582  323.09522  325.26436  327.49478
 323.42520  325.56841  327.77220  321.04403  323.15570  325.32684  318.67149  320.75196  322.89081  325.53078  327.73286  329.99738  323.11862  325.28809  327.51883  320.71543  322.85264  325.04999  327.69535  329.95802  332.28510  325.25112  327.48006  329.77219  322.81623  325.01180  327.26940
 323.14845  325.31832  327.54948  320.73812  322.87563  325.07330  318.33737  320.44290  322.60746  325.28135  327.51070  329.80327  322.83921  325.03510  327.29302  320.40703  322.56984  324.79353  327.47384  329.76445  332.12025  324.99880  327.25479  329.57475  322.53409  324.75588  327.04042
 322.86857  325.06486  327.32319  320.42932  322.59244  324.81643  318.00064  320.13098  322.32105  325.02855  327.28495  329.60534  322.55668  324.77877  327.06364  320.09576  322.28397  324.53374  327.24874  329.56706  331.95138  324.74311  327.02594  329.37350  322.24885  324.49663  326.80788
 322.58558  324.80808  327.09336  320.11765  322.30616  324.55625  317.66130  319.81623  322.03157  324.77241  327.05565  329.40364  322.27104  324.51912  326.83070  319.78165  321.99502  324.27065  327.02005  329.36586  331.77848  324.48407  326.79351  329.16845  321.96051  324.23405  326.57179
 322.29950  324.54798  326.85998  319.80316  322.01684  324.29278  317.31940  319.49870  321.73906  324.51292  326.82278  329.19814  321.98232  324.25617  326.59424  319.46472  321.70302  324.00429  326.78778  329.16087  331.60156  324.22171  326.55755  328.95964  321.66911  323.96818  326.33219
 322.01035  324.28459  326.62307  319.48586  321.72446  324.02604  316.97494  319.17837  321.44353  324.25014  326.58638  328.98890  321.69055  323.98992  326.35425  319.14499  321.40799  323.73465  326.55196  328.95211  331.42064  323.95605  326.31806  328.74706  321.37466  323.69904  326.08906
 321.71816  324.01793  326.38267  319.16578  321.42908  323.75605  316.62798  318.85530  321.14502  323.98405  326.34646  328.77589  321.39574  323.72042  326.11077  318.82250  321.10997  323.46178  326.31262  328.73959  331.23574  323.68712  326.07505  328.53075  321.07721  323.42665  325.84246
 321.42294  323.74801  326.13877  318.84294  321.13070  323.48282  316.27853  318.52951  320.84354  323.71471  326.10305  328.55917  321.09793  323.44768  325.86381  318.49727  320.80897  323.18570  326.06975  328.52332  331.04686  323.41493  325.82856  328.31070  320.77675  323.15102  325.59239
 321.12473  323.47487  325.89141  318.51737  320.82936  323.20639  315.92663  318.20103  320.53913  323.44211  325.85615  328.33872  320.79714  323.17171  325.61339  318.16933  320.50502  322.90642  325.82339  328.30333  330.85401  323.13949  325.57859  328.08695  320.47333  322.87219  325.33887
 320.82355  323.19851  325.64060  318.18909  320.52507  322.92678  315.57229  317.86987  320.23180  323.16629  325.60579  328.11457  320.49338  322.89254  325.35953  317.83870  320.19814  322.62397  325.57356  328.07963  330.65723  322.86085  325.32517  327.85951  320.16697  322.59019  325.08193
 320.51942  322.91897  325.38636  317.85814  320.21787  322.64400  315.21555  317.53606  319.92158  322.88727  325.35200  327.88675  320.18670  322.61021  325.10226  317.50541  319.88836  322.33837  325.32029  327.85224  330.45651  322.57903  325.06833  327.62838  319.85770  322.30502  324.82156
 320.21236  322.63626  325.12872  317.52453  319.90776  322.35808  314.85644  317.19964  319.60849  322.60508  325.09478  327.65525  319.87711  322.32472  324.84157  317.16950  319.57570  322.04964  325.06356  327.62117  330.25186  322.29403  324.80807  327.39361  319.54553  322.01671  324.55783
 319.90241  322.35041  324.86767  317.18832  319.59480  322.06904  314.49500  316.86064  319.29256  322.31972  324.83416  327.42012  319.56463  322.03610  324.57752  316.83098  319.26019  321.75782  324.80343  327.38643  330.04331  322.00590  324.54442  327.15519  319.23051  321.72529  324.29071
 319.58959  322.06145  324.60327  316.84949  319.27899  321.77691  314.13123  316.51906  318.97382  322.03124  324.57016  327.18134  319.24930  321.74437  324.31011  316.48988  318.94185  321.46290  324.53990  327.14806  329.83086  321.71464  324.27741  326.91315  318.91263  321.43077  324.02026
 319.27391  321.76937  324.33550  316.50811  318.96035  321.48170  313.76518  316.17495  318.65228  321.73963  324.30280  326.93895  318.93113  321.44957  324.03936  316.14623  318.62071  321.16493  324.27301  326.90607  329.61454  321.42030  324.00705  326.66750  318.59195  321.13320  323.74648
 318.95541  321.47423  324.06442  316.16416  318.63892  321.18344  313.39686  315.82832  318.32797  321.44495  324.03211  326.69297  318.61016  321.15170  323.76528  315.80007  318.29680  320.86393  324.00277  326.66047  329.39436  321.12288  323.73336  326.41827  318.26849  320.83258  323.46940
 318.63411  321.17603  323.79001  315.81771  318.31472  320.88215  313.02632  315.47922  318.00092  321.14721  323.75809  326.44341  318.28641  320.85079  323.48791  315.45141  317.97013  320.55992  323.72918  326.41129  329.17034  320.82241  323.45637  326.16548  317.94225  320.52894  323.18904
 318.31005  320.87481  323.51233  315.46878  317.98778  320.57786  312.65359  315.12765  317.67116  320.84642  323.48078  326.19030  317.95990  320.54688  323.20728  315.10027  317.64074  320.25292  323.45231  326.15855  328.94249  320.51893  323.17610  325.90915  317.61329  320.22231  322.90542
 317.98322  320.57058  323.23137  315.11738  317.65813  320.27059  312.27866  314.77366  317.33870  320.54262  323.20019  325.93365  317.63067  320.23998  322.92339  314.74670  317.30865  319.94295  323.17214  325.90226  328.71084  320.21244  322.89257  325.64930  317.28161  319.91270  322.61857
 317.65369  320.26338  322.94718  314.76355  317.32577  319.96036  311.90161  314.41726  317.00358  320.23584  322.91636  325.67349  317.29873  319.93011  322.63627  314.39072  316.97388  319.63006  322.88872  325.64244  328.47538  319.90298  322.60579  325.38592  316.94726  319.60015  322.32850
 317.32146  319.95322  322.65977  314.40731  316.99075  319.64721  311.52244  314.05850  316.66583  319.92608  322.62929  325.40983  316.96412  319.61730  322.34594  314.03236  316.63647  319.31425  322.60206  325.37913  328.23616  319.59057  322.31582  325.11908  316.61024  319.28468  322.03525
 316.98655  319.64011  322.36914  314.04870  316.65309  319.33114  311.14117  313.69737  316.32545  319.61338  322.33901  325.14268  316.62686  319.30158  322.05243  313.67162  316.29644  318.99554  322.31217  325.11232  327.99318  319.27524  322.02264  324.84878  316.27060  318.96631  321.73883
 316.64901  319.32411  322.07535  313.68772  316.31281  319.01220  310.75785  313.33393  315.98250  319.29776  322.04556  324.87209  316.28697  318.98296  321.75577  313.30857  315.95382  318.67398  322.01910  324.84206  327.74647  318.95701  321.72631  324.57502  315.92836  318.64509  321.43926
 316.30884  319.00521  321.77840  313.32443  315.96995  318.69039  310.37250  312.96820  315.63698  318.97926  321.74894  324.59806  315.94448  318.66149  321.45595  312.94322  315.60863  318.34958  321.72285  324.56834  327.49603  318.63590  321.42681  324.29785  315.58353  318.32100  321.13658
 315.96608  318.68347  321.47832  312.95885  315.62453  318.36575  309.98515  312.60021  315.28893  318.65787  321.44917  324.32061  315.59942  318.33717  321.15304  312.57558  315.26089  318.02236  321.42346  324.29121  327.24189  318.31195  321.12421  324.01729  315.23616  317.99410  320.83080
 315.62075  318.35887  321.17513  312.59098  315.27656  318.03830  309.59583  312.22997  314.93838  318.33365  321.14630  324.03977  315.25182  318.01004  320.84702  312.20572  314.91066  317.69237  321.12094  324.01068  326.98408  317.98517  320.81850  323.73333  314.88627  317.66441  320.52195
 315.27290  318.03148  320.86885  312.22089  314.92609  317.70808  309.20457  311.85753  314.58533  318.00661  320.84033  323.75556  314.90171  317.68012  320.53794  311.83362  314.55792  317.35960  320.81533  323.72677  326.72260  317.65561  320.50973  323.44604  314.53388  317.33194  320.21005
 314.92253  317.70131  320.55952  311.84857  314.57314  317.37509  308.81138  311.48291  314.22984  317.67679  320.53130  323.46801  314.54910  317.34743  320.22582  311.45934  314.20272  317.02410  320.50664  323.43951  326.45749  317.32326  320.19790  323.15540  314.17903  316.99673  319.89513
 314.56967  317.36837  320.24714  311.47408  314.21772  317.03937  308.41631  311.10612  313.87191  317.34419  320.21921  323.17712  314.19403  317.01200  319.91068  311.08289  313.84509  316.68588  320.19490  323.14892  326.18876  316.98817  319.88305  322.86147  313.82173  316.65881  319.57721
 314.21435  317.03269  319.93175  311.09743  313.85988  316.70094  308.01939  310.72721  313.51159  317.00886  319.90412  322.88293  313.83652  316.67387  319.59255  310.70432  313.48506  316.34500  319.88013  322.85501  325.91642  316.65036  319.56520  322.56424  313.46202  316.31820  319.25632
 313.85661  316.69432  319.61339  310.71865  313.49965  316.35985  307.62063  310.34621  313.14890  316.67081  319.58603  322.58546  313.47661  316.33305  319.27145  310.32363  313.12264  316.00143  319.56236  322.55783  325.64051  316.30986  319.24438  322.26376  313.09992  315.97492  318.93248
 313.49646  316.35326  319.29204  310.33776  313.13702  316.01608  307.22008  309.96314  312.78386  316.33007  319.26497  322.28474  313.11430  315.98956  318.94740  309.94087  312.75788  315.65525  319.24162  322.25738  325.36104  315.96669  318.92060  321.96003  312.73548  315.62901  318.60572
 313.13393  316.00955  318.96776  309.95480  312.77206  315.66969  306.81774  309.57801  312.41650  315.98668  318.94097  321.98078  312.74965  315.64345  318.62043  309.55606  312.39079  315.30645  318.91793  321.95369  325.07805  315.62088  318.59391  321.65309  312.36869  315.28048  318.27605
 312.76905  315.66321  318.64057  309.56979  312.40478  315.32070  306.41367  309.19088  312.04685  315.64064  318.61404  321.67360  312.38267  315.29472  318.29057  309.16923  312.02141  314.95508  318.59130  321.64678  324.79153  315.27246  318.26431  321.34295  311.99960  314.92937  317.94353
 312.40186  315.31427  318.31049  309.18278  312.03520  314.96914  306.00788  308.80177  311.67493  315.29200  318.28422  321.36325  312.01340  314.94342  317.95785  308.78041  311.64975  314.60116  318.26179  321.33669  324.50154  314.92146  317.93185  321.02966  311.62824  314.57570  317.60815
 312.03236  314.96275  317.97755  308.79377  311.66336  314.61503  305.60041  308.41069  311.30079  314.94078  317.95154  321.04974  311.64185  314.58957  317.62228  308.38963  311.27586  314.24472  317.92940  321.02343  324.20807  314.56790  317.59653  320.71321  311.25464  314.21951  317.26995
 311.66060  314.60867  317.64176  308.40281  311.28928  314.25840  305.19128  308.01768  310.92442  314.58700  317.61600  320.73307  311.26806  314.23319  317.28390  307.99691  310.89975  313.88577  317.59415  320.70701  323.91116  314.21180  317.25840  320.39366  310.87881  313.86081  316.92896
 311.28660  314.25208  317.30316  308.00990  310.91299  313.89926  304.78052  307.62278  310.54588  314.23068  317.27765  320.41330  310.89205  313.87430  316.94272  307.60227  310.52145  313.52435  317.25608  320.38749  323.61083  313.85319  316.91746  320.07101  310.50079  313.49963  316.58520
 310.91038  313.89299  316.96178  307.61509  310.53452  313.53767  304.36815  307.22599  310.16518  313.87188  316.93652  320.09045  310.51385  313.51295  316.59878  307.20576  310.14099  313.16048  316.91523  320.06488  323.30711  313.49212  316.57377  319.74530  310.12061  313.13601  316.23870
 310.53199  313.53144  316.61764  307.21841  310.15389  313.17363  303.95423  306.82737  309.78237  313.51061  316.59262  319.76454  310.13350  313.14915  316.25211  306.80741  309.75842  312.79422  316.57159  319.73920  323.00001  313.12858  316.22732  319.41655  309.73829  312.76997  315.88949
 310.15145  313.16745  316.27077  306.81989  309.77114  312.80719  303.53875  306.42692  309.39745  313.14687  316.24598  319.43558  309.75101  312.78294  315.90272  306.40722  309.37373  312.42555  316.22522  319.41047  322.68957  312.76263  315.87816  319.08478  309.35387  312.40153  315.53759
 309.76875  312.80103  315.92118  306.41954  309.38629  312.43835  303.12176  306.02469  309.01047  312.78073  315.89662  319.10361  309.36642  312.41433  315.55065  306.00525  308.98697  312.05452  315.87613  319.07873  322.37580  312.39429  315.52633  318.75002  308.96737  312.03073  315.18303
 309.38398  312.43223  315.56892  306.01740  308.99936  312.06716  302.70328  305.62069  308.62144  312.41219  315.54459  318.76866  308.97976  312.04336  315.19592  305.60151  308.59817  311.68116  315.52436  318.74400  322.05874  312.02358  315.17182  318.41230  308.57882  311.65758  314.82584
 308.99713  312.06108  315.21400  305.61351  308.61040  311.69363  302.28334  305.21497  308.23040  312.04129  315.18989  318.43075  308.59105  311.67006  314.83858  305.19604  308.20735  311.30550  315.16991  318.40631  321.73841  311.65052  314.81468  318.07165  308.18824  311.28214  314.46605
 308.60823  311.68759  314.85646  305.20787  308.21942  311.31781  301.86198  304.80753  307.83737  311.66805  314.83257  318.08990  308.20031  311.29445  314.47861  304.78885  307.81453  310.92755  314.81284  318.06569  321.41482  311.27516  314.45494  317.72808  307.79567  310.90441  314.10367
 308.21732  311.31180  314.49632  304.80053  307.82645  310.93970  301.43921  304.39843  307.44239  311.29251  314.47265  317.74615  307.80758  310.91657  314.11608  304.37998  307.41977  310.54736  314.45316  317.72215  321.08802  310.89752  314.09262  317.38163  307.40115  310.52443  313.73875
 307.82442  310.93374  314.13361  304.39151  307.43153  310.55936  301.01507  303.98768  307.04548  310.91469  314.11015  317.39953  307.41291  310.53643  313.75100  303.96948  307.02307  310.16495  314.09090  317.37573  320.75803  310.51762  313.72775  317.03233  307.00468  310.14222  313.37131
 307.42956  310.55343  313.76835  303.98086  307.03468  310.17680  300.58958  303.57531  306.64667  310.53461  313.74510  317.05005  307.01629  310.15407  313.38341  303.55733  306.62445  309.78034  313.72609  317.02645  320.42485  310.13549  313.36036  316.68020  306.60629  309.75781  313.00136
 307.03278  310.17090  313.40059  303.56858  306.63593  309.79205  300.16278  303.16135  306.24599  310.15232  313.37754  316.69774  306.61777  309.76952  313.01332  303.14360  306.22398  309.39357  313.35875  316.67435  320.08854  309.75117  312.99047  316.32527  306.20604  309.37124  312.62896
 306.63408  309.78617  313.03032  303.15470  306.23530  309.40513  299.73468  302.74583  305.84346  309.76781  313.00747  316.34263  306.21736  309.38280  312.64077  302.72829  305.82164  309.00466  312.98891  316.31944  319.74911  309.36467  312.61812  315.96757  305.80393  308.98253  312.25412
 306.23351  309.39928  312.65760  302.73926  305.83283  309.01608  299.30533  302.32877  305.43912  309.38115  312.63495  315.98476  305.81512  308.99395  312.26578  302.31146  305.41750  308.61364  312.61661  315.96176  319.40659  308.97604  312.24332  315.60712  305.40000  308.59171  311.87687
 305.83110  309.01027  312.28245  302.32228  305.42855  308.62492  298.87475  301.91022  305.03300  308.99236  312.25999  315.62415  305.41105  308.60298  311.88839  301.89312  305.01157  308.22055  312.24187  315.60135  319.06102  308.58529  311.86612  315.24395  304.99428  308.19881  311.49724
 305.42688  308.61914  311.90490  301.90380  305.02247  308.23168  298.44296  301.49018  304.62511  308.60145  311.88263  315.26082  305.00518  308.20994  311.50861  301.47329  304.60387  307.82541  311.86473  315.23820  318.71241  308.19246  311.48653  314.87809  304.58680  307.80385  311.11526
 305.02086  308.22595  311.52497  301.48384  304.61465  307.83641  298.00999  301.06869  304.21550  308.20847  311.50288  314.89480  304.59757  307.81485  311.12649  301.05202  304.19444  307.42824  311.48520  314.87237  318.36079  307.79757  311.10460  314.50958  304.17757  307.40686  310.73095
 304.61310  307.83070  311.14269  301.06244  304.20508  307.43911  297.57589  300.64579  303.80418  307.81343  311.12079  314.52613  304.18821  307.41773  310.74205  300.62931  303.78331  307.02908  311.10332  314.50389  318.00620  307.40066  310.72034  314.13844  303.76665  307.00788  310.34435
 304.20358  307.43343  310.75809  300.63961  303.79382  307.03982  297.14065  300.22149  303.39121  307.41636  310.73638  314.15483  303.77716  307.01862  310.35532  300.20522  303.37051  306.62796  310.71910  314.13276  317.64865  307.00176  310.33378  313.76469  303.35404  306.60694  309.95549
 303.79238  307.03416  310.37121  300.21539  303.38089  306.63857  296.70432  299.79583  302.97658  307.01730  310.34966  313.78092  303.36443  306.61755  309.96633  299.77975  302.95605  306.22490  310.33259  313.75903  317.28818  306.60088  309.94496  313.38837  302.93978  306.20405  309.56438
 303.37949  306.63294  309.98206  299.78981  302.96631  306.23539  296.26694  299.36884  302.56034  306.61627  309.96069  313.40445  302.95004  306.21454  309.57510  299.35296  302.53998  305.81994  309.94382  313.38273  316.92482  306.19807  309.55391  313.00950  302.52391  305.79926  309.17108
 302.96496  306.22978  309.59068  299.36288  302.55011  305.83030  295.82851  298.94054  302.14251  306.21331  309.56949  313.02543  302.53404  305.80962  309.18166  298.92485  302.12232  305.41310  309.55281  313.00388  316.55859  305.79335  309.16064  312.62811  302.10644  305.39259  308.77559
 302.54882  305.82472  309.19710  298.93465  302.13234  305.42334  295.38908  298.51096  301.72312  305.80844  309.17607  312.64389  302.11645  305.40282  308.78605  298.49546  301.70310  305.00442  309.15959  312.62252  316.18953  305.38674  308.76520  312.24424  301.68741  304.98407  308.37796
 302.13109  305.41778  308.80135  298.50515  301.71300  305.01453  294.94866  298.08013  301.30221  305.40170  308.78049  312.25988  301.69731  304.99419  308.38830  298.06481  301.28236  304.59391  308.76419  312.23867  315.81766  304.97829  308.36761  311.85792  301.26684  304.57373  307.97821
 301.71181  305.00901  308.40345  298.07439  301.29214  304.60391  294.50729  297.64809  300.87980  304.99310  308.38276  311.87341  301.27663  304.58373  307.98843  297.63294  300.86010  304.18162  308.36665  311.85236  315.44302  304.56801  307.96790  311.46916  300.84477  304.16159  307.57636
 301.29100  304.59841  308.00345  297.64240  300.86977  304.19150  294.06500  297.21484  300.45592  304.58270  307.98292  311.48452  300.85444  304.17147  307.58646  297.19988  300.43639  303.76757  307.96700  311.46363  315.06564  304.15594  307.56610  311.07801  300.42124  303.74770  307.17247
 300.86868  304.18603  307.60135  297.20923  300.44594  303.77733  293.62181  296.78044  300.03060  304.17050  307.58098  311.09323  300.43079  303.75747  307.18246  296.76565  300.01122  303.35178  307.56523  311.07250  314.68553  303.74211  307.16224  310.68450  299.99624  303.33207  306.76654
 300.44489  303.77188  307.19720  296.77489  300.02066  303.36144  293.17775  296.34489  299.60387  303.75653  307.17698  310.69958  300.00568  303.34172  306.77641  296.33028  299.58463  302.93430  307.16142  310.67900  314.30273  303.32654  306.75635  310.28863  299.56983  302.91474  306.35861
 300.01965  303.35601  306.79102  296.33941  299.59397  302.94384  292.73284  295.90824  299.17575  303.34083  306.77096  310.30358  299.57916  302.92428  306.36837  295.89380  299.15667  302.51514  306.75557  310.28316  313.91728  302.90927  306.34847  309.89047  299.14203  302.49574  305.94871
 299.59301  302.93843  306.38285  295.90282  299.16589  302.52457  292.28712  295.47051  298.74627  302.92343  306.36294  309.90528  299.15125  302.50517  305.95836  295.45623  298.72735  302.09435  306.34772  309.88501  313.52920  302.49033  305.93860  309.49003  298.71287  302.07508  305.53688
 299.16497  302.51920  305.97271  295.46515  298.73647  302.10367  291.84061  295.03172  298.31547  302.50435  305.95295  309.50471  298.72199  302.08441  305.54642  295.01761  298.29669  301.67194  305.93790  309.48459  313.13853  302.06974  305.52680  309.08735  298.28238  301.65282  305.12313
 298.73559  302.09831  305.56064  295.02642  298.30570  301.68115  291.39333  294.59191  297.88337  302.08364  305.54102  309.10190  298.29139  301.66203  305.13256  294.57796  297.86473  301.24795  305.52614  309.08192  312.74529  301.64753  305.11309  308.68244  297.85059  301.22897  304.70750
 298.30487  301.67582  305.14666  294.58667  297.87365  301.25706  290.94533  294.15110  297.45001  301.66131  305.12719  308.69687  297.85950  301.23808  304.71683  294.13731  297.43151  300.82240  305.11247  308.67704  312.34952  301.22374  304.69751  308.27535  297.41753  300.80357  304.29003
 297.87286  301.25174  304.73081  294.14592  297.44032  300.83141  290.49662  293.70933  297.01540  301.23740  304.71148  308.28966  297.42634  300.81258  304.29924  293.69569  296.99705  300.39533  304.69693  308.26997  311.95125  300.79839  304.28006  307.86611  296.98322  300.37663  303.87074
 297.43957  300.82612  304.31310  293.70421  297.00576  300.40424  290.04722  293.26661  296.57958  300.81193  304.29392  307.88029  296.99193  300.38554  303.87985  293.25313  296.56137  299.96677  304.27952  307.86074  311.55050  300.37151  303.86081  307.45475  296.54769  299.94820  303.44966
 297.00505  300.39897  303.89360  293.26155  296.56998  299.97558  289.59717  292.82298  296.14259  300.38494  303.87454  307.46882  296.55630  299.95702  303.45868  292.80965  296.12450  299.53674  303.86031  307.44940  311.14732  299.94314  303.43977  307.04130  296.11097  299.51831  303.02682
 296.56931  299.97032  303.47229  292.81798  296.13302  299.54545  289.14650  292.37847  295.70444  299.95644  303.45338  307.05523  296.11949  299.52703  303.03574  292.36529  295.68649  299.10528  303.43930  307.03595  310.74172  299.51331  303.01696  306.62578  295.67311  299.08699  302.60226
 296.13239  299.54022  303.04924  292.37352  295.69491  299.11390  288.69522  291.93310  295.26516  299.52650  303.03046  306.63960  295.68153  299.09560  302.61108  291.92006  295.24733  298.67241  303.01653  306.62046  310.33375  299.08203  302.59243  306.20823  295.23411  298.65424  302.17599
 295.69432  299.10868  302.62447  291.92821  295.25567  298.68094  288.24338  291.48690  294.82479  299.09511  302.60582  306.22194  295.24244  298.66277  302.18472  291.47401  294.80709  298.23817  302.59204  306.20292  309.92344  298.64935  302.16620  305.78869  294.79401  298.22013  301.74807
 295.25511  298.67574  302.19799  291.48206  294.81533  298.24660  287.79099  291.03990  294.38335  298.66231  302.17948  305.80228  294.80225  298.22856  301.75670  291.02715  294.36578  297.80258  302.16584  305.78339  309.51081  298.21528  301.73831  305.36717  294.35284  297.78467  301.31850
 294.81481  298.24142  301.76986  291.03511  294.37393  297.81092  287.33807  290.59212  293.94087  298.22814  301.75147  305.38065  294.36099  297.79301  301.32704  290.57951  293.92342  297.36568  301.73798  305.36189  309.09589  297.77988  301.30878  304.94372  293.91063  297.34789  300.88733
 294.37344  297.80576  301.34010  290.58739  293.93148  297.37393  286.88466  290.14360  293.49738  297.79262  301.32183  304.95709  293.91869  297.35614  300.89578  290.13113  293.48006  296.92748  301.30849  304.93846  308.67874  297.34315  300.87764  304.51837  293.46740  296.90982  300.45459
 293.93104  297.36878  300.90873  290.13893  293.48803  296.93565  286.43079  289.69436  293.05291  297.35579  300.89059  304.53163  293.47538  296.91799  300.46295  289.68203  293.03571  296.48804  300.87738  304.51312  308.25936  296.90513  300.44493  304.09114  293.02318  296.47049  300.02030
 293.48762  296.93052  300.47579  289.68974  293.04360  296.49612  285.97648  289.24443  292.60749  296.91766  300.45777  304.10429  293.03107  296.47857  300.02858  289.23223  292.59040  296.04736  300.44470  304.08590  307.83780  296.46585  300.01068  303.66208  292.57802  296.02994  299.58451
 293.04322  296.49101  300.04131  289.23985  292.59821  296.05535  285.52175  288.79383  292.16114  296.47829  300.02341  303.67512  292.58582  296.03793  299.59269  288.78176  292.14417  295.60549  300.01049  303.65686  307.41409  296.02534  299.57492  303.23120  292.13192  295.58819  299.14723
 292.59786  296.05026  299.60532  288.78931  292.15189  295.61340  285.06663  288.34259  291.71390  296.03767  299.58754  303.24414  292.13964  295.59609  299.15533  288.33066  291.69705  295.16245  299.57475  303.22599  306.98826  295.58364  299.13767  302.79855  291.68492  295.14526  298.70850
 292.15158  295.60832  299.16785  288.33813  291.70469  295.17028  284.61115  287.89076  291.26579  295.59587  299.15019  302.81138  291.69257  295.15309  298.71652  287.87895  291.24905  294.71828  299.13753  302.79336  306.56035  295.14077  298.69897  302.36416  291.23705  294.70120  298.26835
 291.70441  295.16521  298.72894  287.88633  291.25661  294.72602  284.15534  287.43833  290.81685  295.15289  298.71139  302.37689  291.24461  294.70895  298.27629  287.42665  290.80022  294.27300  298.69887  302.35897  306.13038  294.69675  298.25885  301.92805  290.78835  294.25603  297.82681
 291.25636  294.72098  298.28861  287.43396  290.80770  294.28067  283.69921  286.98536  290.36709  294.70878  298.27117  301.94067  290.79583  294.26369  297.83466  286.97379  290.35057  293.82663  298.25878  301.92287  305.69839  294.25163  297.81734  301.49026  290.33882  293.80977  297.38392
 290.80748  294.27563  297.84689  286.98103  290.35798  293.83422  283.24281  286.53185  289.91655  294.26356  297.82956  301.50278  290.34623  293.81736  297.39169  286.52041  289.90014  293.37923  297.81730  301.48509  305.26442  293.80543  297.37447  301.05082  289.88852  293.36248  296.93970
 290.35779  293.82920  297.40381  286.52757  289.90747  293.38673  282.78615  286.07784  289.46526  293.81726  297.38660  301.06325  289.89585  293.36998  296.94739  286.06653  289.44895  292.93080  297.37446  301.04566  304.82850  293.35817  296.93028  300.60976  289.43745  292.91415  296.49417
 289.90731  293.38172  296.95942  286.07361  289.45620  292.93823  282.32925  285.62336  289.01324  293.36991  296.94231  300.62209  289.44470  292.92158  296.50178  285.61216  288.99704  292.48138  296.93029  300.60462  304.39065  292.90988  296.48479  300.16711  288.98565  292.46484  296.04738
 289.45608  292.93323  296.51372  285.61918  289.00422  292.48873  281.87214  285.16843  288.56052  292.92154  296.49672  300.17935  288.99284  292.47219  296.05492  285.15735  288.54442  292.03100  296.48483  300.16199  303.95092  292.46062  296.03803  299.72292  288.53316  292.01456  295.59936
 289.00412  292.48376  296.06677  285.16429  288.55153  292.03828  281.41485  284.71309  288.10714  292.47218  296.04988  299.73507  288.54027  292.02184  295.60683  284.70212  288.09115  291.57969  296.03810  299.71780  303.50933  292.01039  295.59004  299.27721  288.08000  291.56336  295.15015
 288.55147  292.03332  295.61858  284.70899  288.09818  291.58690  280.95741  284.25735  287.65312  292.02186  295.60179  299.28926  288.08703  291.57056  295.15753  284.24649  287.63722  291.12748  295.59013  299.27210  303.06592  291.55922  295.14084  298.83000  287.62618  291.11125  294.69974
 288.09815  291.58195  295.16920  284.25330  287.64419  291.13462  280.49983  283.80124  287.19848  291.57061  295.15251  298.84196  287.63315  291.11839  294.70706  283.79050  287.18268  290.67440  295.14097  298.82491  302.62074  291.10716  294.69048  298.38135  287.17176  290.65827  294.24821
 287.64418  291.12968  294.71863  283.79724  287.18959  290.68147  280.04216  283.34480  286.74326  291.11845  294.70205  298.39321  287.17866  290.66534  294.25546  283.33417  286.72756  290.22049  294.69063  298.37626  302.17379  290.65422  294.23897  297.93127  286.71675  290.20444  293.79557
 287.18960  290.67654  294.26694  283.34084  286.73440  290.22748  279.58440  282.88804  286.28749  290.66543  294.25045  297.94304  286.72358  290.21144  293.80274  282.87752  286.27188  289.76575  294.23914  297.92618  301.72513  290.20044  293.78635  297.47979  286.26118  289.74981  293.34184
 286.73443  290.22256  293.81413  282.88412  286.27865  289.77268  279.12658  282.43100  285.83119  290.21156  293.79774  297.49148  286.26794  289.75674  293.34894  282.42058  285.81567  289.31023  293.78655  297.47472  301.27478  289.74585  293.33265  297.02696  285.80508  289.29439  292.88706
 286.27871  289.76777  293.36025  282.42712  285.82237  289.31710  278.66874  281.97370  285.37438  289.75688  293.34396  297.03856  285.81178  289.30125  292.89409  281.96338  285.35896  288.85396  293.33287  297.02189  300.82278  289.29047  292.87789  296.57280  285.34847  288.83820  292.43126
 285.82247  289.31220  292.90532  281.96986  285.36559  288.86076  278.21089  281.51616  284.91710  289.30142  292.88912  296.58431  285.35510  288.84500  292.43823  281.50595  284.90177  288.39697  292.87814  296.56775  300.36917  288.83432  292.42212  296.11735  284.89139  288.38131  291.97449
 285.36571  288.85587  292.44937  281.51236  284.90834  288.40370  277.75306  281.05841  284.45938  288.84519  292.43327  296.12878  284.89796  288.38804  291.98139  281.04830  284.44414  287.93928  292.42239  296.11230  299.91397  288.37746  291.96537  295.66064  284.43385  287.92371  291.51675
 284.90849  288.39883  291.99245  281.05466  284.45065  287.94595  277.29527  280.60049  284.00124  288.38825  291.97643  295.67198  284.44036  287.93037  291.52358  280.59048  283.98609  287.48093  291.96567  295.65560  299.45722  287.91991  291.50765  295.20269  283.97591  287.46544  291.05808
 284.45082  287.94109  291.53457  280.59677  283.99253  287.48753  276.83756  280.14241  283.54272  287.93062  291.51863  295.21395  283.98235  287.47204  291.06485  280.13250  283.52765  287.02195  291.50798  295.19766  298.99896  287.46168  291.04901  294.74355  283.51757  287.00654  290.59853
 283.99273  287.48268  291.07576  280.13873  283.53403  287.02848  276.37994  279.68420  283.08383  287.47231  291.05992  294.75473  283.52395  287.01308  290.60523  279.67439  283.06885  286.56235  291.04936  294.73853  298.53921  287.00282  290.58948  294.28325  283.05887  286.54703  290.13811
 283.53425  287.02364  290.61606  279.68056  283.07517  286.56883  275.92243  279.22589  282.62461  287.01337  290.60030  294.29434  283.06519  286.55351  290.14475  279.21618  282.60971  286.10217  290.58985  294.27823  298.07803  286.54335  290.12908  293.82182  282.59982  286.08694  289.67686
 283.07541  286.56399  290.15549  279.22229  282.61597  286.10859  275.46507  278.76750  282.16507  286.55382  290.13983  293.83283  282.60608  286.09336  289.68344  278.75787  282.15026  285.64145  290.12948  293.81680  297.61542  286.08330  289.66785  293.35928  282.14047  285.62630  289.21480
 282.61623  286.10376  289.69410  278.76393  282.15646  285.64781  275.00787  278.30905  281.70527  286.09370  289.67852  293.37022  282.14667  285.63266  289.22132  278.29953  281.69053  285.18021  289.66827  293.35427  297.15144  285.62269  289.20582  292.89568  281.68083  285.16514  288.75197
 282.15676  285.64299  289.23191  278.30553  281.69668  285.18651  274.55087  277.85059  281.24520  285.63302  289.21642  292.90654  281.68698  285.17145  288.75843  277.84116  281.23055  284.71848        nan        nan        nan        nan        nan        nan        nan        nan        nan
