       nan        nan        nan        nan        nan        nan        nan        nan        nan 19308.99700        nan        nan        nan        nan        nan        nan        nan        nan 19306.27800 19263.79950        nan        nan        nan        nan        nan        nan        nan
19312.20300        nan        nan 19350.13100        nan        nan        nan        nan        nan 19309.48400 19267.00550        nan 19347.41200 19304.93350        nan        nan        nan        nan 19304.04350 19261.24400 19225.55150 19341.97150 19299.17200 19263.47950        nan        nan        nan
19315.90300 19273.42450        nan 19354.35150 19311.87300        nan 19386.13150 19343.65300        nan 19310.46250 19267.66300 19231.97050 19348.91100 19306.11150 19270.41900 19380.69100 19337.89150 19302.19900 19302.29650 19259.01500 19222.50300 19340.74500 19297.46350 19260.95150 19372.52500 19329.24350 19292.73150
19320.11050 19277.31100 19241.61850 19359.33950 19316.54000 19280.84750 19392.46000 19349.66050 19313.96800 19311.94450 19268.66300 19232.15100 19351.17350 19307.89200 19271.38000 19384.29400 19341.01250 19304.50050 19301.04500 19257.12200 19219.55050 19340.27400 19296.35100 19258.77950 19373.39450 19329.47150 19291.90000
19324.84050 19281.55900 19245.04700 19365.10950 19321.82800 19285.31600 19399.92100 19356.63950 19320.12750 19313.94100 19270.01800 19232.44650 19354.21000 19310.28700 19272.71550 19389.02150 19345.09850 19307.52700 19300.29900 19255.57700 19216.73100 19340.56800 19295.84600 19257.00000 19375.37950 19330.65750 19291.81150
19330.10950 19286.18650 19248.61500 19371.66900 19327.74600 19290.17450 19408.46400 19364.54100 19326.96950 19316.46750 19271.74550 19232.89950 19358.02700 19313.30500 19274.45900 19394.82200 19350.10000 19311.25400 19300.07500 19254.39800 19214.08650 19341.63450 19295.95750 19255.64600 19378.42950 19332.75250 19292.44100
19335.93500 19291.21300 19252.36700 19379.02200 19334.30000 19295.45400 19418.03850 19373.31650 19334.47050 19319.54250 19273.86550 19233.55400 19362.62950 19316.95250 19276.64100 19401.64600 19355.96900 19315.65750 19300.38750 19253.60700 19211.66250 19343.47450 19296.69400 19254.74950 19382.49100 19335.71050 19293.76600
19342.33400 19296.65700 19256.34550 19387.16850 19341.49150 19301.18000 19428.60100 19382.92400 19342.61250 19323.17900 19276.39850 19234.45400 19368.01350 19321.23300 19279.28850 19409.44600 19362.66550 19320.72100 19301.25100 19253.22400 19209.50250 19346.08550 19298.05850 19254.33700 19387.51800 19339.49100 19295.76950
19349.31900 19302.53850 19260.59400 19396.10200 19349.32150 19307.37700 19440.10550 19393.32500 19351.38050 19327.39100 19279.36400 19235.64250 19374.17400 19326.14700 19282.42550 19418.17750 19370.15050 19326.42900 19302.67850 19253.27000 19207.64800 19349.46150 19300.05300 19254.43100 19393.46500 19344.05650 19298.43450
19356.90350 19308.87650 19265.15500 19405.81300 19357.78600 19314.06450 19452.51350 19404.48650 19360.76500 19332.19100 19282.78250 19237.16050 19381.10050 19331.69200 19286.07000 19427.80100 19378.39250 19332.77050 19304.68450 19253.76850 19206.13950 19353.59400 19302.67800 19255.04900 19400.29450 19349.37850 19301.74950
19365.09550 19315.68700 19270.06500 19416.29000 19366.88150 19321.25950 19465.78950 19416.38100 19370.75900 19337.58900 19286.67300 19239.04400 19388.78350 19337.86750 19290.23850 19438.28300 19387.36700 19339.73800 19307.27850 19254.73800 19205.01050 19358.47300 19305.93250 19256.20500 19407.97250 19355.43200 19305.70450
19373.90300 19322.98700 19275.35800 19427.52100 19376.60500 19328.97600 19479.90500 19428.98900 19381.36000 19343.59250 19291.05200 19241.32450 19397.21050 19344.67000 19294.94250 19449.59450 19397.05400 19347.32650 19310.46750 19256.19650 19204.29250 19364.08550 19309.81450 19257.91050 19416.46950 19362.19850 19310.29450
19383.33200 19330.79150 19281.06400 19439.49400 19386.95350 19337.22600 19494.83100 19442.29050 19392.56300 19350.20700 19295.93600 19244.03200 19406.36900 19352.09800 19300.19400 19461.70600 19407.43500 19355.53100 19314.26150 19258.16100 19204.01300 19370.42350 19314.32300 19260.17500 19425.76050 19369.66000 19315.51200
19393.38400 19339.11300 19287.20900 19452.19500 19397.92400 19346.02000 19510.54300 19456.27200 19404.36800 19357.43850 19301.33800 19247.19000 19416.24950 19360.14900 19306.00100 19474.59750 19418.49700 19364.34900 19318.66350 19260.64500 19204.19600 19377.47450 19319.45600 19263.00700 19435.82250 19377.80400 19321.35500
19404.06400 19347.96350 19293.81550 19465.61400 19409.51350 19355.36550 19527.02200 19470.92150 19416.77350 19365.28900 19307.27050 19250.82150 19426.83900 19368.82050 19312.37150 19488.24700 19430.22850 19373.77950 19323.68000 19263.66250 19204.86150 19385.23000 19325.21250 19266.41150 19446.63800 19386.62050 19327.81950
19415.37000 19357.35150 19300.90250 19479.73900 19421.72050 19365.27150 19544.24750 19486.22900 19429.78000 19373.76100 19313.74350 19254.94250 19438.13000 19378.11250 19319.31150 19502.63850 19442.62100 19383.82000 19329.31100 19267.22300 19206.02700 19393.68000 19331.59200 19270.39600 19458.18850 19396.10050 19334.90450
19427.30550 19367.28800 19308.48700 19494.56050 19434.54300 19375.74200 19562.20600 19502.18850 19443.38750 19382.85550 19320.76750 19259.57150 19450.11050 19388.02250 19326.82650 19517.75600 19455.66800 19394.47200 19335.56050 19271.33650 19207.70800 19402.81550 19338.59150 19274.96300 19470.46100 19406.23700 19342.60850
19439.86950 19377.78150 19316.58550 19510.06900 19447.98100 19386.78500 19580.88100 19518.79300 19457.59700 19392.57450 19328.35050 19264.72200 19462.77400 19398.55000 19334.92150 19533.58600 19469.36200 19405.73350 19342.43150 19276.01300 19209.91850 19412.63100 19346.21250 19280.11800 19483.44300 19417.02450 19350.93000
19453.06050 19388.83650 19325.20800 19526.25600 19462.03200 19398.40350 19600.26100 19536.03700 19472.40850 19402.91750 19336.49900 19270.40450 19476.11300 19409.69450 19343.60000 19550.11800 19483.69950 19417.60500 19349.92300 19281.25750 19212.66800 19423.11850 19354.45300 19285.86350 19497.12350 19428.45800 19359.86850
19466.87900 19400.46050 19334.36600 19543.11550 19476.69700 19410.60250 19620.33500 19553.91650 19487.82200 19413.88450 19345.21900 19276.62950 19490.12100 19421.45550 19352.86600 19567.34050 19498.67500 19430.08550 19358.03700 19287.07800 19215.96750 19434.27350 19363.31450 19292.20400 19511.49300 19440.53400 19369.42350
19481.32400 19412.65850 19344.06900 19560.63900 19491.97350 19423.38400 19641.09300 19572.42750 19503.83800 19425.47650 19354.51750 19283.40700 19504.79150 19433.83250 19362.72200 19585.24550 19514.28650 19443.17600 19366.77450 19293.47950 19219.82700 19446.08950 19372.79450 19299.14200 19526.54350 19453.24850 19379.59600
19496.39450 19425.43550 19354.32500 19578.82200 19507.86300 19436.75250 19662.52700 19591.56800 19520.45750 19437.69250 19364.39750 19290.74500 19520.12000 19446.82500 19373.17250 19603.82500 19530.53000 19456.87750 19376.13500 19300.46650 19224.25100 19458.56250 19382.89400 19306.67850 19542.26750 19466.59900 19390.38350
19512.09000 19438.79500 19365.14250 19597.65900 19524.36400 19450.71150 19684.62950 19611.33450 19537.68200 19450.53250 19374.86400 19298.64850 19536.10150 19460.43300 19384.21750 19623.07200 19547.40350 19471.18800 19386.11950 19308.04400 19229.24850 19471.68850 19393.61300 19314.81750 19558.65900 19480.58350 19401.78800
19528.40850 19452.74000 19376.52450 19617.14450 19541.47600 19465.26050 19707.39400 19631.72550 19555.51000 19463.99550 19385.92000 19307.12450 19552.73150 19474.65600 19395.86050 19642.98100 19564.90550 19486.11000 19396.72700 19316.21450 19234.82350 19485.46300 19404.95050 19323.55950 19575.71250 19495.20000 19413.80900
19545.35000 19467.27450 19388.47900 19637.27600 19559.20050 19480.40500 19730.81300 19652.73750 19573.94200 19478.08150 19397.56900 19316.17800 19570.00750 19489.49500 19408.10400 19663.54450 19583.03200 19501.64100 19407.95800 19324.98100 19240.98250 19499.88400 19416.90700 19332.90850 19593.42100 19510.44400 19426.44550
19562.91350 19482.40100 19401.01000 19658.04750 19577.53500 19496.14400 19754.88300 19674.37050 19592.97950 19492.79000 19409.81300 19325.81450 19587.92400 19504.94700 19420.94850 19684.75950 19601.78250 19517.78400 19419.81300 19334.34850 19247.72850 19514.94700 19429.48250 19342.86250 19611.78250 19526.31800 19439.69800
19581.09700 19498.12000 19414.12150 19679.45650 19596.47950 19512.48100 19779.59800 19696.62100 19612.62250 19508.12000 19422.65550 19336.03550 19606.47950 19521.01500 19434.39500 19706.62100 19621.15650 19534.53650 19432.29050 19344.31700 19255.06700 19530.65000 19442.67650 19353.42650 19630.79150 19542.81800 19453.56800
19599.90050 19514.43600 19427.81600 19701.49950 19616.03500 19529.41500 19804.95450 19719.49000 19632.87000 19524.07100 19436.09750 19346.84750 19625.67000 19537.69650 19448.44650 19729.12500 19641.15150 19551.90150 19445.39250 19354.89000 19263.00050 19546.99150 19456.48900 19364.59950 19650.44650 19559.94400 19468.05450
19619.32200 19531.34850 19442.09850 19724.17400 19636.20050 19546.95050 19830.94700 19742.97350 19653.72350 19540.64350 19450.14100 19358.25150 19645.49550 19554.99300 19463.10350 19752.26850 19661.76600 19569.87650 19459.11600 19366.06900 19271.53150 19563.96800 19470.92100 19376.38350 19670.74100 19577.69400 19483.15650
19639.36300 19548.86050 19456.97100 19747.47900 19656.97650 19565.08700 19857.57400 19767.07150 19675.18200 19557.83550 19464.78850 19370.25100 19665.95150 19572.90450 19478.36700 19776.04650 19682.99950 19588.46200 19473.46350 19377.85600 19280.66350 19581.57950 19485.97200 19388.77950 19691.67450 19596.06700 19498.87450
19660.02000 19566.97300 19472.43550 19771.40800 19678.36100 19583.82350 19884.83050 19791.78350 19697.24600 19575.64800 19480.04050 19382.84800 19687.03600 19591.42850 19494.23600 19800.45850 19704.85100 19607.65850 19488.43250 19390.25200 19290.40000 19599.82050 19501.64000 19401.78800 19713.24300 19615.06250 19515.21050
19681.29450 19585.68700 19488.49450 19795.96300 19700.35550 19603.16300 19912.71500 19817.10750 19719.91500 19594.07900 19495.89850 19396.04650 19708.74750 19610.56700 19510.71500 19825.49950 19727.31900 19627.46700 19504.02500 19403.25900 19300.74200 19618.69350 19517.92750 19415.41050 19735.44550 19634.67950 19532.16250
19703.18350 19605.00300 19505.15100 19821.13950 19722.95900 19623.10700 19941.22250 19843.04200 19743.19000 19613.12950 19512.36350 19409.84650 19731.08550 19630.31950 19527.80250 19851.16850 19750.40250 19647.88550 19520.23950 19416.87800 19311.69150 19638.19550 19534.83400 19429.64750 19758.27850 19654.91700 19549.73050
19725.68800 19624.92200 19522.40500 19846.93650 19746.17050 19643.65350 19970.35350 19869.58750 19767.07050 19632.79800 19529.43650 19424.25000 19754.04650 19650.68500 19545.49850 19877.46350 19774.10200 19668.91550 19537.07500 19431.10950 19323.25050 19658.32350 19552.35800 19444.49900 19781.74050 19675.77500 19567.91600
19748.80700 19645.44550 19540.25900 19873.35250 19769.99100 19664.80450 20000.10300 19896.74150 19791.55500 19653.08400 19547.11850 19439.25950 19777.62950 19671.66400 19563.80500 19904.38000 19798.41450 19690.55550 19554.53300 19445.95550 19335.42200 19679.07850 19570.50100 19459.96750 19805.82900 19697.25150 19586.71800
19772.53850 19666.57300 19558.71400 19900.38500 19794.41950 19686.56050 20030.47000 19924.50450 19816.64550 19673.98750 19565.41000 19454.87650 19801.83400 19693.25650 19582.72300 19931.91900 19823.34150 19712.80800 19572.61200 19461.41550 19348.20550 19700.45850 19589.26200 19476.05200 19830.54350 19719.34700 19606.13700
19796.88300 19688.30550 19577.77200 19928.03300 19819.45550 19708.92200 20061.45150 19952.87400 19842.34050 19695.50750 19584.31100 19471.10100 19826.65750 19715.46100 19602.25100 19960.07600 19848.87950 19735.66950 19591.31200 19477.49150 19361.60300 19722.46200 19608.64150 19492.75300 19855.88050 19742.06000 19626.17150
19821.84000 19710.64350 19597.43350 19956.29500 19845.09850 19731.88850 20093.04700 19981.85050 19868.64050 19717.64450 19603.82400 19487.93550 19852.09950 19738.27900 19622.39050 19988.85150 19875.03100 19759.14250 19610.63350 19494.18400 19375.61650 19745.08850 19628.63900 19510.07150 19881.84050 19765.39100 19646.82350
19847.40750 19733.58700 19617.69850 19985.17000 19871.34950 19755.46100 20125.25350 20011.43300 19895.54450 19740.39650 19623.94700 19505.37950 19878.15900 19761.70950 19643.14200 20018.24250 19901.79300 19783.22550 19630.57500 19511.49200 19390.24600 19768.33750 19649.25450 19528.00850 19908.42100 19789.33800 19668.09200
19873.58700 19757.13750 19638.57000 20014.65550 19898.20600 19779.63850 20158.06950 20041.62000 19923.05250 19763.76550 19644.68250 19523.43650 19904.83400 19785.75100 19664.50500 20048.24800 19929.16500 19807.91900 19651.13800 19529.41900 19405.49400 19792.20650 19670.48750 19546.56250 19935.62050 19813.90150 19689.97650
19900.37550 19781.29250 19660.04650 20044.75200 19925.66900 19804.42300 20191.49350 20072.41050 19951.16450 19787.74800 19666.02900 19542.10400 19932.12450 19810.40550 19686.48050 20078.86600 19957.14700 19833.22200 19672.31950 19547.96250 19421.36000 19816.69600 19692.33900 19565.73650 19963.43750 19839.08050 19712.47800
19927.77400 19806.05500 19682.13000 20075.45700 19953.73800 19829.81300 20225.52350 20103.80450 19979.87950 19812.34550 19687.98850 19561.38600 19960.02850 19835.67150 19709.06900 20110.09500 19985.73800 19859.13550 19694.12200 19567.12450 19437.84600 19841.80500 19714.80750 19585.52900 19991.87150 19864.87400 19735.59550
19955.78150 19831.42450 19704.82200 20106.76950 19982.41250 19855.81000 20260.15850 20135.80150 20009.19900 19837.55800 19710.56050 19581.28200 19988.54600 19861.54850 19732.27000 20141.93500 20014.93750 19885.65900 19716.54500 19586.90650 19454.95250 19867.53300 19737.89450 19605.94050 20020.92200 19891.28350 19759.32950
19984.39700 19857.39950 19728.12100 20138.68850 20011.69100 19882.41250 20295.39700 20168.39950 20039.12100 19863.38400 19733.74550 19601.79150 20017.67550 19888.03700 19756.08300 20174.38400 20044.74550 19912.79150 19739.58650 19607.30600 19472.68000 19893.87800 19761.59750 19626.97150 20050.58650 19918.30600 19783.68000
20013.62100 19883.98250 19752.02850 20171.21350 20041.57500 19909.62100 20331.23750 20201.59900 20069.64500 19889.82350 19757.54300 19622.91700 20047.41600 19915.13550 19780.50950 20207.44000 20075.15950 19940.53350 19763.24750 19628.32600 19491.02900 19920.84000 19785.91850 19648.62150 20080.86400 19945.94250 19808.64550
20043.45150 19911.17100 19776.54500 20204.34300 20072.06250 19937.43650 20367.67850 20235.39800 20100.77200 19916.87550 19781.95400 19644.65700 20077.76700 19942.84550 19805.54850 20241.10250 20106.18100 19968.88400 19787.52700 19649.96450 19510.00100 19948.41850 19810.85600 19670.89250 20111.75400 19974.19150 19834.22800
20073.88800 19938.96650 19801.66950 20238.07550 20103.15400 19965.85700 20404.71800 20269.79650 20132.49950 19944.53950 19806.97700 19667.01350 20108.72700 19971.16450 19831.20100 20275.36950 20137.80700 19997.84350 19812.42500 19672.22350 19529.59550 19976.61250 19836.41100 19693.78300 20143.25500 20003.05350 19860.42550
20104.93050 19967.36800 19827.40450 20272.41050 20134.84800 19994.88450 20442.35500 20304.79250 20164.82900 19972.81600 19832.61450 19689.98650 20140.29600 20000.09450 19857.46650 20310.24050 20170.03900 20027.41100 19837.94250 19695.10250 19549.81400 20005.42250 19862.58250 19717.29400 20175.36700 20032.52700 19887.23850
20136.57800 19996.37650 19853.74850 20307.34700 20167.14550 20024.51750 20480.58950 20340.38800 20197.76000 20001.70450 19858.86450 19713.57600 20172.47350 20029.63350 19884.34500 20345.71600 20202.87600 20057.58750 19864.07700 19718.60100 19570.65550 20034.84600 19889.37000 19741.42450 20208.08850 20062.61250 19914.66700
20168.83150 20025.99150 19880.70300 20342.88550 20200.04550 20054.75700 20519.41950 20376.57950 20231.29100 20031.20400 19885.72800 19737.78250 20205.25800 20059.78200 19911.83650 20381.79200 20236.31600 20088.37050 19890.83000 19742.72100 19592.12300 20064.88400 19916.77500 19766.17700 20241.41800 20093.30900 19942.71100
20201.68800 20056.21200 19908.26650 20379.02200 20233.54600 20085.60050 20558.84350 20413.36750 20265.42200 20061.31400 19913.20500 19762.60700 20238.64800 20090.53900 19939.94100 20418.46950 20270.36050 20119.76250 19918.20050 19767.46100 19614.21500 20095.53450 19944.79500 19791.54900 20275.35600 20124.61650 19971.37050
20235.14800 20087.03900 19936.44100 20415.75750 20267.64850 20117.05050 20598.86000 20450.75100 20300.15300 20092.03450 19941.29500 19788.04900 20272.64400 20121.90450 19968.65850 20455.74650 20305.00700 20151.76100 19946.18800 19792.82200 19636.93250 20126.79750 19973.43150 19817.54200 20309.90000 20156.53400 20000.64450
20269.21100 20118.47150 19965.22550 20453.09050 20302.35100 20149.10500 20639.46850 20488.72900 20335.48300 20123.36450 19969.99850 19814.10900 20307.24400 20153.87800 19997.98850 20493.62200 20340.25600 20184.36650 19974.79300 19818.80350 19660.27550 20158.67250 20002.68300 19844.15500 20345.05050 20189.06100 20030.53300
20303.87650 20150.51050 19994.62100 20491.02100 20337.65500 20181.76550 20680.66750 20527.30150 20371.41200 20155.30500 19999.31550 19840.78750 20342.44950 20186.46000 20027.93200 20532.09600 20376.10650 20217.57850 20004.01550 19845.40650 19684.24500 20191.16000 20032.55100 19871.38950 20380.80650 20222.19750 20061.03600
20339.14350 20183.15400 20024.62600 20529.54700 20373.55750 20215.02950 20722.45650 20566.46700 20407.93900 20187.85400 20029.24500 19868.08350 20378.25750 20219.64850 20058.48700 20571.16700 20412.55800 20251.39650 20033.85300 19872.62950 19708.84100 20224.25650 20063.03300 19899.24450 20417.16600 20255.94250 20092.15400
20375.01150 20216.40250 20055.24100 20568.66900 20410.06000 20248.89850 20764.83400 20606.22500 20445.06350 20221.01050 20059.78700 19895.99850 20414.66800 20253.44450 20089.65600 20610.83300 20449.60950 20285.82100 20064.30700 19900.47250 19734.06250 20257.96450 20094.13000 19927.72000 20454.12950 20290.29500 20123.88500
20411.48000 20250.25650 20086.46800 20608.38400 20447.16050 20283.37200 20807.79750 20646.57400 20482.78550 20254.77650 20090.94200 19924.53200 20451.68050 20287.84600 20121.43600 20651.09400 20487.25950 20320.84950 20095.37750 19928.93850 19759.91250 20292.28150 20125.84250 19956.81650 20491.69500 20325.25600 20156.23000
20448.54850 20284.71400 20118.30400 20648.69300 20484.85850 20318.44850 20851.34800 20687.51350 20521.10350 20289.14950 20122.71050 19953.68450 20489.29400 20322.85500 20153.82900 20691.94900 20525.51000 20356.48400 20127.06350 19958.02450 19786.38950 20327.20800 20158.16900 19986.53400 20529.86300 20360.82400 20189.18900
20486.21550 20319.77650 20150.75050 20689.59400 20523.15500 20354.12900 20895.48350 20729.04450 20560.01850 20324.12950 20155.09050 19983.45550 20527.50800 20358.46900 20186.83400 20733.39750 20564.35850 20392.72350 20159.36450 19987.73050 19813.49350 20362.74300 20191.10900 20016.87200 20568.63250 20396.99850 20222.76150
20524.48200 20355.44300 20183.80800 20731.08650 20562.04750 20390.41250 20940.20300 20771.16400 20599.52900 20359.71700 20188.08300 20013.84600 20566.32150 20394.68750 20220.45050 20775.43800 20603.80400 20429.56700 20192.28100 20018.05900 19841.22550 20398.88550 20224.66350 20047.83000 20608.00200 20433.78000 20256.94650
20563.34600 20391.71200 20217.47500 20773.17050 20601.53650 20427.29950 20985.50550 20813.87150 20639.63450 20395.91000 20221.68800 20044.85450 20605.73450 20431.51250 20254.67900 20818.06950 20643.84750 20467.01400 20225.81150 20049.00650 19869.58450 20435.63600 20258.83100 20079.40900 20647.97100 20471.16600 20291.74400
20602.80800 20428.58600 20251.75250 20815.84400 20641.62200 20464.78850 21031.39050 20857.16850 20680.33500 20432.70950 20255.90450 20076.48250 20645.74550 20468.94050 20289.51850 20861.29200 20684.48700 20505.06500 20259.95700 20080.57650 19898.57250 20472.99300 20293.61250 20111.60850 20688.53950 20509.15900 20327.15500
20642.86650 20466.06150 20286.63950 20859.10700 20682.30200 20502.88000 21077.85500 20901.05000 20721.62800 20470.11400 20290.73350 20108.72950 20686.35450 20506.97400 20324.97000 20905.10250 20725.72200 20543.71800 20294.71600 20112.76600 19928.18850 20510.95650 20329.00650 20144.42900 20729.70450 20547.75450 20363.17700
20683.52100 20504.14050 20322.13650 20902.95750 20723.57700 20541.57300 21124.90050 20945.52000 20763.51600 20508.12300 20326.17300 20141.59550 20727.55950 20545.60950 20361.03200 20949.50250 20767.55250 20582.97500 20330.08950 20145.57650 19958.43300 20549.52600 20365.01300 20177.86950 20771.46900 20586.95600 20399.81250
20724.77050 20542.82050 20358.24300 20947.39550 20765.44550 20580.86800 21172.52300 20990.57300 20805.99550 20546.73700 20362.22400 20175.08050 20769.36200 20584.84900 20397.70550 20994.48950 20809.97650 20622.83300 20366.07500 20179.00800 19989.30500 20588.70000 20401.63300 20211.93000 20813.82750 20626.76050 20437.05750
20766.61550 20582.10250 20394.95900 20992.42000 20807.90700 20620.76350 21220.72500 21036.21200 20849.06850 20585.95350 20398.88650 20209.18350 20811.75800 20624.69100 20434.98800 21040.06300 20852.99600 20663.29300 20402.67400 20213.05900 20020.80600 20628.47850 20438.86350 20246.61050 20856.78350 20667.16850 20474.91550
20809.05350 20621.98650 20432.28350 21038.02950 20850.96250 20661.25950 21269.50150 21082.43450 20892.73150 20625.77400 20436.15900 20243.90600 20854.75000 20665.13500 20472.88200 21086.22200 20896.60700 20704.35400 20439.88600 20247.73050 20052.93500 20668.86200 20476.70650 20281.91100 20900.33400 20708.17850 20513.38300
20852.08600 20662.47100 20470.21800 21084.22450 20894.60950 20702.35650 21318.85500 21129.24000 20936.98700 20666.19800 20474.04250 20279.24700 20898.33650 20706.18100 20511.38550 21132.96700 20940.81150 20746.01600 20477.71000 20283.02250 20085.69300 20709.84850 20515.16100 20317.83150 20944.47900 20749.79150 20552.46200
20895.71150 20703.55600 20508.76050 21131.00300 20938.84750 20744.05200 21368.78250 21176.62700 20981.83150 20707.22350 20512.53600 20315.20650 20942.51500 20747.82750 20550.49800 21180.29450 20985.60700 20788.27750 20516.14600 20318.93400 20119.08000 20751.43750 20554.22550 20354.37150 20989.21700 20792.00500 20592.15100
20939.92850 20745.24100 20547.91150 21178.36450 20983.67700 20786.34750 21419.28300 21224.59550 21027.26600 20748.85100 20551.63900 20351.78500 20987.28700 20790.07500 20590.22100 21228.20550 21030.99350 20831.13950 20555.19350 20355.46550 20153.09500 20793.62950 20593.90150 20391.53100 21034.54800 20834.82000 20632.44950
20984.73750 20787.52550 20587.67150 21226.30800 21029.09600 20829.24200 21470.35650 21273.14450 21073.29050 20791.08000 20591.35200 20388.98150 21032.65050 20832.92250 20630.55200 21276.69900 21076.97100 20874.60050 20594.85250 20392.61700 20187.73900 20836.42300 20634.18750 20429.30950 21080.47150 20878.23600 20673.35800
21030.13700 20830.40900 20628.03850 21274.83250 21075.10450 20872.73400 21522.00050 21322.27250 21119.90200 20833.90950 20631.67400 20426.79600 21078.60500 20876.36950 20671.49150 21325.77300 21123.53750 20918.65950 20635.12150 20430.38750 20223.01200 20879.81700 20675.08300 20467.70750 21126.98500 20922.25100 20714.87550
21076.12700 20873.89150 20669.01350 21323.93800 21121.70250 20916.82450 21574.21500 21371.97950 21167.10150 20877.33900 20672.60500 20465.22950 21125.15000 20920.41600 20713.04050 21375.42700 21170.69300 20963.31750 20676.00150 20468.77750 20258.91400 20923.81250 20716.58850 20506.72500 21174.08950 20966.86550 20757.00200
21122.70550 20917.97150 20710.59600 21373.62200 21168.88800 20961.51250 21626.99800 21422.26400 21214.88850 20921.36800 20714.14400 20504.28050 21172.28450 20965.06050 20755.19700 21425.66050 21218.43650 21008.57300 20717.49050 20507.78650 20295.44400 20968.40700 20758.70300 20546.36050 21221.78300 21012.07900 20799.73650
21169.87350 20962.64950 20752.78600 21423.88500 21216.66100 21006.79750 21680.35000 21473.12600 21263.26250 20965.99600 20756.29200 20543.94950 21220.00750 21010.30350 20797.96100 21476.47250 21266.76850 21054.42600 20759.59050 20547.41450 20332.60300 21013.60200 20801.42600 20586.61450 21270.06700 21057.89100 20843.07950
21217.62900 21007.92500 20795.58250 21474.72550 21265.02150 21052.67900 21734.26750 21524.56350 21312.22100 21011.22350 20799.04750 20584.23600 21268.32000 21056.14400 20841.33250 21527.86200 21315.68600 21100.87450 20802.29900 20587.66100 20370.39100 21059.39550 20844.75750 20627.48750 21318.93750 21104.29950 20887.02950
21265.97300 21053.79700 20838.98550 21526.14300 21313.96700 21099.15550 21788.75200 21576.57600 21361.76450 21057.04850 20842.41050 20625.14050 21317.21850 21102.58050 20885.31050 21579.82750 21365.18950 21147.91950 20845.61600 20628.52650 20408.80750 21105.78600 20888.69650 20668.97750 21368.39500 21151.30550 20931.58650
21314.90250 21100.26450 20882.99450 21578.13600 21363.49800 21146.22800 21843.80150 21629.16350 21411.89350 21103.47000 20886.38050 20666.66150 21366.70350 21149.61400 20929.89500 21632.36900 21415.27950 21195.56050 20889.54150 20670.01000 20447.85200 21152.77500 20933.24350 20711.08550 21418.44050 21198.90900 20976.75100
21364.41750 21147.32800 20927.60900 21630.70350 21413.61400 21193.89500 21899.41350 21682.32400 21462.60500 21150.48900 20930.95750 20708.79950 21416.77500 21197.24350 20975.08550 21685.48500 21465.95350 21243.79550 20934.07450 20712.11100 20487.52550 21200.36050 20978.39700 20753.81150 21469.07050 21247.10700 21022.52150
21414.51800 21194.98650 20972.82850 21683.84600 21464.31450 21242.15650 21955.58850 21736.05700 21513.89900 21198.10350 20976.14000 20751.55450 21467.43150 21245.46800 21020.88250 21739.17400 21517.21050 21292.62500 20979.21550 20754.82950 20527.82650 21248.54350 21024.15750 20797.15450 21520.28600 21295.90000 21068.89700
21465.20300 21243.23950 21018.65400 21737.56050 21515.59700 21291.01150 22012.32550 21790.36200 21565.77650 21246.31500 21021.92900 20794.92600 21518.67250 21294.28650 21067.28350 21793.43750 21569.05150 21342.04850 21024.96300 20798.16650 20568.75750 21297.32050 21070.52400 20841.11500 21572.08550 21345.28900 21115.88000
21516.47200 21292.08600 21065.08300 21791.84850 21567.46250 21340.45950 22069.62300 21845.23700 21618.23400 21295.12000 21068.32350 20838.91450 21570.49650 21343.70000 21114.29100 21848.27100 21621.47450 21392.06550 21071.31750 20842.12000 20610.31550 21346.69400 21117.49650 20885.69200 21624.46850 21395.27100 21163.46650
21568.32300 21341.52650 21112.11750 21846.70650 21619.91000 21390.50100 22127.47900 21900.68250 21671.27350 21344.52050 21115.32300 20883.51850 21622.90400 21393.70650 21161.90200 21903.67650 21674.47900 21442.67450 21118.27750 20886.69050 20652.50200 21396.66100 21165.07400 20930.88550 21677.43350 21445.84650 21211.65800
21620.75700 21391.55950 21159.75500 21902.13600 21672.93850 21441.13400 22185.89400 21956.69650 21724.89200 21394.51400 21162.92700 20928.73850 21675.89300 21444.30600 21210.11750 21959.65100 21728.06400 21493.87550 21165.84350 20931.87800 20695.31650 21447.22250 21213.25700 20976.69550 21730.98050 21497.01500 21260.45350
21673.77200 21442.18500 21207.99650 21958.13350 21726.54650 21492.35800 22244.86550 22013.27850 21779.09000 21445.10150 21211.13600 20974.57450 21729.46300 21495.49750 21258.93600 22016.19500 21782.22950 21545.66800 21214.01450 20977.68150 20738.75950 21498.37600 21262.04300 21023.12100 21785.10800 21548.77500 21309.85300
21727.36700 21493.40150 21256.84000 22014.70000 21780.73450 21544.17300 22304.39350 22070.42800 21833.86650 21496.28000 21259.94700 21021.02500 21783.61300 21547.28000 21308.35800 22073.30650 21836.97350 21598.05150 21262.78950 21024.10050 20782.82900 21550.12250 21311.43350 21070.16200 21839.81600 21601.12700 21359.85550
21781.54250 21545.20950 21306.28750 22071.83350 21835.50050 21596.57850 22364.47500 22128.14200 21889.22000 21548.05200 21309.36300 21068.09150 21838.34300 21599.65400 21358.38250 22130.98450 21892.29550 21651.02400 21312.17000 21071.13650 20827.52750 21602.46100 21361.42750 21117.81850 21895.10250 21654.06900 21410.46000
21836.29650 21597.60750 21356.33600 22129.53400 21890.84500 21649.57350 22425.11200 22186.42300 21945.15150 21600.41450 21359.38100 21115.77200 21893.65200 21652.61850 21409.00950 22189.23000 21948.19650 21704.58750 21362.15300 21118.78650 20872.85200 21655.39050 21412.02400 21166.08950 21950.96850 21707.60200 21461.66750
21891.62900 21650.59550 21406.98650 22187.80000 21946.76650 21703.15750 22486.30050 22245.26700 22001.65800 21653.36750 21410.00100 21164.06650 21949.53850 21706.17200 21460.23750 22248.03900 22004.67250 21758.73800 21412.73950 21167.05250 20918.80450 21708.91050 21463.22350 21214.97550 22007.41100 21761.72400 21513.47600
21947.53850 21704.17200 21458.23750 22246.63000 22003.26350 21757.32900 22548.04100 22304.67450 22058.74000 21706.91050 21461.22350 21212.97550 22006.00200 21760.31500 21512.06700 22307.41300 22061.72600 21813.47800 21463.92850 21215.93250 20965.38400 21763.02000 21515.02400 21264.47550 22064.43100 21816.43500 21565.88650
22004.02500 21758.33800 21510.09000 22306.02450 22060.33750 21812.08950 22610.33100 22364.64400 22116.39600 21761.04300 21513.04700 21262.49850 22063.04250 21815.04650 21564.49800 22367.34900 22119.35300 21868.80450 21515.72000 21265.42750 21012.59050 21817.71950 21567.42700 21314.59000 22122.02600 21871.73350 21618.89650
22061.08750 21813.09150 21562.54300 22365.98100 22117.98500 21867.43650 22673.17100 22425.17500 22174.62650 21815.76450 21565.47200 21312.63500 22120.65800 21870.36550 21617.52850 22427.84800 22177.55550 21924.71850 21568.11300 21315.53650 21060.42400 21873.00650 21620.43000 21365.31750 22180.19650 21927.62000 21672.50750
22118.72450 21868.43200 21615.59500 22426.49950 22176.20700 21923.37000 22736.55900 22486.26650 22233.42950 21871.07300 21618.49650 21363.38400 22178.84800 21926.27150 21671.15900 22488.90750 22236.33100 21981.21850 21621.10700 21366.25850 21108.88350 21928.88200 21674.03350 21416.65850 22238.94150 21984.09300 21726.71800
22176.93600 21924.35950 21669.24700 22487.57800 22235.00150 21979.88900 22800.49300 22547.91650 22292.80400 21926.97000 21672.12150 21414.74650 22237.61200 21982.76350 21725.38850 22550.52700 22295.67850 22038.30350 21674.70200 21417.59500 21157.96950 21985.34400 21728.23700 21468.61150 22298.25900 22041.15200 21781.52650
22235.72050 21980.87200 21723.49700 22549.21700 22294.36850 22036.99350 22864.97350 22610.12500 22352.75000 21983.45250 21726.34550 21466.72000 22296.94900 22039.84200 21780.21650 22612.70550 22355.59850 22095.97300 21728.89600 21469.54250 21207.68100 22042.39250 21783.03900 21521.17750 22358.14900 22098.79550 21836.93400
22295.07800 22037.97100 21778.34550 22611.41400 22354.30700 22094.68150 22929.99900 22672.89200 22413.26650 22040.52150 21781.16800 21519.30650 22356.85750 22097.50400 21835.64250 22675.44250 22416.08900 22154.22750 21783.69050 21522.10450 21258.01900 22100.02650 21838.44050 21574.35500 22418.61150 22157.02550 21892.94000
22355.00650 22095.65300 21833.79150 22674.16850 22414.81500 22152.95350 22995.56700 22736.21350 22474.35200 22098.17550 21836.58950 21572.50400 22417.33750 22155.75150 21891.66600 22738.73600 22477.15000 22213.06450 21839.08350 21575.27700 21308.98250 22158.24550 21894.43900 21628.14450 22479.64400 22215.83750 21949.54300
22415.50600 22153.92000 21889.83450 22737.48000 22475.89400 22211.80850 23061.67700 22800.09100 22536.00550 22156.41400 21892.60750 21626.31300 22478.38800 22214.58150 21948.28700 22802.58500 22538.77850 22272.48400 21895.07400 21629.06200 21360.57150 22217.04800 21951.03600 21682.54550 22541.24500 22275.23300 22006.74250
22476.57550 22212.76900 21946.47450 22801.34700 22537.54050 22271.24600 23128.32900 22864.52250 22598.22800 22215.23550 21949.22350 21680.73300 22540.00700 22273.99500 22005.50450 22866.98900 22600.97700 22332.48650 21951.66300 21683.45800 21412.78550 22276.43450 22008.22950 21737.55700 22603.41650 22335.21150 22064.53900
22538.21300 22272.20100 22003.71050 22865.76750 22599.75550 22331.26500 23195.51950 22929.50750 22661.01700 22274.64050 22006.43550 21735.76300 22602.19500 22333.99000 22063.31750 22931.94700 22663.74200 22393.06950 22008.84850 21738.46500 21465.62400 22336.40300 22066.01950 21793.17850 22666.15500 22395.77150 22122.93050
22600.42000 22332.21500 22061.54250 22930.74200 22662.53700 22391.86450 23263.24900 22995.04400 22724.37150 22334.62800 22064.24450 21791.40350 22664.95000 22394.56650 22121.72550 22997.45700 22727.07350 22454.23250 22066.63150 21794.08250 21519.08800 22396.95350 22124.40450 21849.41000 22729.46050 22456.91150 22181.91700
22663.19350 22392.81000 22119.96900 22996.26950 22725.88600 22453.04500 23331.51600 23061.13250 22788.29150 22395.19700 22122.64800 21847.65350 22728.27300 22455.72400 22180.72950 23063.51950 22790.97050 22515.97600 22125.01000 21850.31000 21573.17550 22458.08600 22183.38600 21906.25150 22793.33250 22518.63250 22241.49800
22726.53300 22453.98400 22178.98950 23062.34800 22789.79900 22514.80450 23400.31900 23127.77000 22852.77550 22456.34600 22181.64600 21904.51150 22792.16100 22517.46100 22240.32650 23130.13200 22855.43200 22578.29750 22183.98300 21907.14650 21627.88650 22519.79800 22242.96150 21963.70150 22857.76900 22580.93250 22301.67250
22790.43900 22515.73900 22238.60450 23128.97650 22854.27650 22577.14200 23469.65700 23194.95700 22917.82250 22518.07600 22241.23950 21961.97950 22856.61350 22579.77700 22300.51700 23197.29400 22920.45750 22641.19750 22243.55250 21964.59350 21683.22250 22582.09000 22303.13100 22021.76000 22922.77050 22643.81150 22362.44050
22854.90850 22578.07200 22298.81200 23196.15400 22919.31750 22640.05750 23539.52850 23262.69200 22983.43200 22580.38500 22301.42600 22020.05500 22921.63050 22642.67150 22361.30050 23265.00500 22986.04600 22704.67500 22303.71450 22022.64800 21739.18100 22644.96000 22363.89350 22080.42650 22988.33450 22707.26800 22423.80100
22919.94250 22640.98350 22359.61250 23263.88050 22984.92150 22703.55050 23609.93300 23330.97400 23049.60300 22643.27200 22362.20550 22078.73850 22987.21000 22706.14350 22422.67650 23333.26250 23052.19600 22768.72900 22364.47100 22081.31050 21795.76350 22708.40900 22425.24850 22139.70150 23054.46150 22771.30100 22485.75400
22985.53800 22704.47150 22421.00450 23332.15300 23051.08650 22767.61950 23680.86750 23399.80100 23116.33400 22706.73700 22423.57650 22138.02950 23053.35200 22770.19150 22484.64450 23402.06650 23118.90600 22833.35900 22425.82000 22140.58150 21852.96800 22772.43500 22487.19650 22199.58300 23121.14950 22835.91100 22548.29750
23051.69650 22768.53600 22482.98900 23400.97200 23117.81150 22832.26450 23752.33350 23469.17300 23183.62600 22770.77950 22485.54100 22197.92750 23120.05500 22834.81650 22547.20300 23471.41650 23186.17800 22898.56450 22487.76100 22200.45950 21910.79550 22837.03650 22549.73500 22260.07100 23188.39800 22901.09650 22611.43250
23118.41500 22833.17650 22545.56300 23470.33600 23185.09750 22897.48400 23824.32750 23539.08900 23251.47550 22835.39650 22548.09500 22258.43100 23187.31750 22900.01600 22610.35200 23541.30900 23254.00750 22964.34350 22550.29350 22260.94350 21969.24400 22902.21450 22612.86450 22321.16500 23256.20600 22966.85600 22675.15650
23185.69350 22898.39200 22608.72800 23540.24300 23252.94150 22963.27750 23896.84800 23609.54650 23319.88250 22900.59050 22611.24050 22319.54100 23255.14000 22965.79000 22674.09050 23611.74500 23322.39500 23030.69550 22613.41800 22322.03450 22028.31550 22967.96750 22676.58400 22382.86500 23324.57250 23033.18900 22739.47000
23253.53150 22964.18150 22672.48200 23610.69300 23321.34300 23029.64350 23969.89600 23680.54600 23388.84650 22966.35900 22674.97550 22381.25650 23323.52050 23032.13700 22738.41800 23682.72350 23391.34000 23097.62100 22677.13200 22383.73200 22088.00800 23034.29350 22740.89350 22445.16950 23393.49650 23100.09650 22804.37250
23321.92700 23030.54350 22736.82450 23681.68500 23390.30150 23096.58250 24043.46850 23752.08500 23458.36600 23032.70000 22739.30000 22443.57600 23392.45800 23099.05800 22803.33400 23754.24150 23460.84150 23165.11750 22741.43500 22446.03250 22148.32150 23101.19300 22805.79050 22508.07950 23462.97650 23167.57400 22869.86300
23390.87950 23097.47950 22801.75550 23753.21750 23459.81750 23164.09350 24117.56450 23824.16450 23528.44050 23099.61450 22804.21200 22506.50100 23461.95250 23166.55000 22868.83900 23826.29950 23530.89700 23233.18600 22806.32750 22508.93950 22209.25550 23168.66550 22871.27750 22571.59350 23533.01250 23235.62450 22935.94050
23460.38800 23164.98550 22867.27450 23825.28850 23529.88600 23232.17500 24192.18300 23896.78050 23599.06950 23167.10100 22869.71300 22570.02900 23532.00150 23234.61350 22934.92950 23898.89600 23601.50800 23301.82400 22871.80850 22572.45000 22270.81000 23236.70900 22937.35050 22635.71050 23603.60350 23304.24500 23002.60500
23530.45150 23233.06350 22933.37950 23897.89800 23600.51000 23300.82600 24267.32200 23969.93400 23670.25000 23235.15900 22935.80050 22634.16050 23602.60550 23303.24700 23001.60700 23972.02950 23672.67100 23371.03100 22937.87600 22636.56400 22332.98450 23305.32250 23004.01050 22700.43100 23674.74650 23373.43450 23069.85500
23601.06950 23301.71100 23000.07100 23971.04450 23671.68600 23370.04600 24342.98150 24043.62300 23741.98300 23303.78650 23002.47450 22698.89500 23673.76150 23372.44950 23068.87000 24045.69850 23744.38650 23440.80700 23004.53150 22701.28150 22395.77850 23374.50650 23071.25650 22765.75350 23746.44350 23443.19350 23137.69050
23672.23900 23370.92700 23067.34750 24044.72650 23743.41450 23439.83500 24419.15800 24117.84600 23814.26650 23372.98400 23069.73400 22764.23100 23745.47150 23442.22150 23136.71850 24119.90300 23816.65300 23511.15000 23071.77200 22766.60100 22459.19100 23444.25950 23139.08850 22831.67850 23818.69100 23513.52000 23206.11000
23743.96250 23440.71250 23135.20950 24118.94350 23815.69350 23510.19050 24495.85300 24192.60300 23887.10000 23442.75050 23137.57950 22830.16950 23817.73150 23512.56050 23205.15050 24194.64100 23889.47000 23582.06000 23139.59900 22832.52300 22523.22300 23514.58000 23207.50400 22898.20400 23891.48950 23584.41350 23275.11350
23816.23600 23511.06500 23203.65500 24193.69400 23888.52300 23581.11300 24573.06300 24267.89200 23960.48200 23513.08450 23206.00850 22896.70850 23890.54250 23583.46650 23274.16650 24269.91150 23962.83550 23653.53550 23208.01050 22899.04600 22587.87250 23585.46850 23276.50400 22965.33050 23964.83750 23655.87300 23344.69950
23889.06000 23581.98400 23272.68400 24268.97700 23961.90100 23652.60100 24650.78800 24343.71200 24034.41200 23583.98600 23275.02150 22963.84800 23963.90300 23654.93850 23343.76500 24345.71400 24036.74950 23725.57600 23277.00600 22966.17000 22653.14100 23656.92300 23346.08700 23033.05800 24038.73400 23727.89800 23414.86900
23962.43350 23653.46900 23342.29550 24344.79050 24035.82600 23724.65250 24729.02600 24420.06150 24108.88800 23655.45350 23344.61750 23031.58850 24037.81050 23726.97450 23413.94550 24422.04600 24111.21000 23798.18100 23346.58450 23033.89500 22719.02650 23728.94150 23416.25200 23101.38350 24113.17700 23800.48750 23485.61900
24036.35400 23725.51800 23412.48900 24421.13500 24110.29900 23797.27000 24807.77600 24496.94000 24183.91100 23727.48500 23414.79550 23099.92700 24112.26600 23799.57650 23484.70800 24498.90700 24186.21750 23871.34900 23416.74450 23102.21800 22785.52800 23801.52550 23486.99900 23170.30900 24188.16650 23873.64000 23556.95000
24110.82200 23798.13250 23483.26400 24498.00700 24185.31750 23870.44900 24887.03600 24574.34650 24259.47800 23800.08150 23485.55500 23168.86500 24187.26650 23872.74000 23556.05000 24576.29550 24261.76900 23945.07900 23487.48800 23171.14100 22852.64700 23874.67300 23558.32600 23239.83200 24263.70200 23947.35500 23628.86100
24185.83500 23871.30850 23554.61850 24575.40700 24260.88050 23944.19050 24966.80450 24652.27800 24335.58800 23873.24150 23556.89450 23238.40050 24262.81350 23946.46650 23627.97250 24654.21100 24337.86400 24019.37000 23558.81150 23240.66300 22920.38200 23948.38350 23630.23500 23309.95400 24339.78100 24021.63250 23701.35150
24261.39350 23945.04650 23626.55250 24653.33350 24336.98650 24018.49250 25047.08100 24730.73400 24412.24000 23946.96350 23628.81500 23308.53400 24338.90350 24020.75500 23700.47400 24732.65100 24414.50250 24094.22150 23630.71500 23310.78150 22988.73200 24022.65500 23702.72150 23380.67200 24416.40250 24096.46900 23774.41950
24337.49550 24019.34700 23699.06600 24731.78500 24413.63650 24093.35550 25127.86450 24809.71600 24489.43500 24021.24700 23701.31350 23379.26400 24415.53650 24095.60300 23773.55350 24811.61600 24491.68250 24169.63300 23703.19800 23381.49800 23057.69750 24097.48750 23775.78750 23451.98700 24493.56700 24171.86700 23848.06650
24414.14000 24094.20650 23772.15700 24810.76050 24490.82700 24168.77750 25209.15200 24889.21850 24567.16900 24096.09100 23774.39100 23450.59050 24492.71150 24171.01150 23847.21100 24891.10300 24569.40300 24245.60250 23776.26000 23452.81050 23127.27750 24172.88050 23849.43100 23523.89800 24571.27200 24247.82250 23922.28950
24491.32700 24169.62700 23845.82650 24890.25850 24568.55850 24244.75800 25290.94350 24969.24350 24645.44300 24171.49600 23848.04650 23522.51350 24570.42750 24246.97800 23921.44500 24971.11250 24647.66300 24322.13000 23849.90050 23524.72000 23197.47300 24248.83200 23923.65150 23596.40450 24649.51700 24324.33650 23997.08950
24569.05400 24245.60450 23920.07150 24970.27850 24646.82900 24321.29600 25373.23700 25049.78750 24724.25450 24247.45850 23922.27800 23595.03100 24648.68300 24323.50250 23996.25550 25051.64150 24726.46100 24399.21400 23924.11700 23597.22350 23268.28050 24325.34150 23998.44800 23669.50500 24728.30000 24401.40650 24072.46350
24647.32050 24322.14000 23994.89300 25050.81800 24725.63750 24398.39050 25456.03150 25130.85100 24803.60400 24323.97900 23997.08550 23668.14250 24727.47650 24400.58300 24071.64000 25132.69000 24805.79650 24476.85350 23998.91050 23670.32250 23339.70200 24402.40800 24073.82000 23743.19950 24807.62150 24479.03350 24148.41300
24726.12550 24399.23200 24070.28900 25131.87650 24804.98300 24476.04000 25539.32500 25212.43150 24883.48850 24401.05700 24072.46900 23741.84850 24806.80800 24478.22000 24147.59950 25214.25650 24885.66850 24555.04800 24074.27950 23744.01500 23411.73650 24480.03050 24149.76600 23817.48750 24887.47900 24557.21450 24224.93600
24805.46750 24476.87950 24146.25900 25213.45300 24884.86500 24554.24450 25623.11650 25294.52850 24963.90800 24478.69000 24148.42550 23816.14700 24886.67550 24556.41100 24224.13250 25296.33900 24966.07450 24633.79600 24150.22250 23818.30050 23484.38250 24558.20800 24226.28600 23892.36800 24967.87150 24635.94950 24302.03150
24885.34600 24555.08150 24222.80300 25295.54600 24965.28150 24633.00300 25707.40450 25377.14000 25044.86150 24556.87850 24224.95650 23891.03850 24967.07850 24635.15650 24301.23850 25378.93700 25047.01500 24713.09700 24226.74000 23893.17950 23557.64000 24636.94000 24303.37950 23967.84000 25048.79850 24715.23800 24379.69850
24965.75950 24633.83750 24299.91950 25378.15400 25046.23200 24712.31400 25792.18750 25460.26550 25126.34750 24635.62100 24302.06050 23966.52100 25048.01550 24714.45500 24378.91550 25462.04900 25128.48850 24792.94900 24303.83000 23968.65050 23631.50900 24716.22450 24381.04500 24043.90350 25130.25800 24795.07850 24457.93700
25046.70650 24713.14600 24377.60650 25461.27550 25127.71500 24792.17550 25877.46450 25543.90400 25208.36450 24714.91550 24379.73600 24042.59450 25129.48450 24794.30500 24457.16350 25545.67350 25210.49400 24873.35250 24381.49200 24044.71250 23705.98850 24796.06100 24459.28150 24120.55750 25212.25000 24875.47050 24536.74650
25128.18600 24793.00650 24455.86500 25544.90950 25209.73000 24872.58850 25963.23300 25628.05350 25290.91200 24794.76250 24457.98300 24119.25900 25211.48600 24874.70650 24535.98250 25629.80950 25293.03000 24954.30600 24459.72550 24121.36500 23781.07800 24876.44900 24538.08850 24197.80150 25294.77250 24956.41200 24616.12500
25210.19700 24873.41750 24534.69350 25629.05500 25292.27550 24953.55150 26049.49250 25712.71300 25373.98900 24875.16000 24536.79950 24196.51250 25294.01800 24955.65750 24615.37050 25714.45550 25376.09500 25035.80800 24538.52900 24198.60650 23856.77650 24957.38700 24617.46450 24275.63450 25377.82450 25037.90200 24696.07200
25292.73900 24954.37850 24614.09150 25713.71050 25375.35000 25035.06300 26136.24150 25797.88100 25457.59400 24956.10800 24616.18550 24274.35550 25377.07950 25037.15700 24695.32700 25799.61050 25459.68800 25117.85800 24617.90300 24276.43850 23933.08450 25038.87450 24697.41000 24354.05600 25461.40550 25119.94100 24776.58700
25375.81000 25035.88750 24694.05750 25798.87400 25458.95150 25117.12150 26223.47750 25883.55500 25541.72500 25037.60500 24696.14050 24352.78650 25460.66900 25119.20450 24775.85050 25885.27250 25543.80800 25200.45400 24697.84550 24354.85850 24010.00050 25120.90950 24777.92250 24433.06450 25545.51300 25202.52600 24857.66800
25459.40950 25117.94500 24774.59100 25884.54500 25543.08050 25199.72650 26311.20050 25969.73600 25626.38200 25119.65000 24776.66300 24431.80500 25544.78550 25201.79850 24856.94050 25971.44100 25628.45400 25283.59600 24778.35600 24433.86650 24087.52400 25203.49150 24859.00200 24512.65950 25630.14700 25285.65750 24939.31500
25543.53550 25200.54850 24855.69050 25970.72250 25627.73550 25282.87750 26399.40850 26056.42150 25711.56350 25202.24150 24857.75200 24511.40950 25629.42850 25284.93900 24938.59650 26058.11450 25713.62500 25367.28250 24859.43250 24513.46050 24165.65500 25286.61950 24940.64750 24592.84200 25715.30550 25369.33350 25021.52800
25628.18800 25283.69850 24937.35600 26057.40500 25712.91550 25366.57300 26488.10000 26143.61050 25797.26800 25285.37900 24939.40700 24591.60150 25714.59600 25368.62400 25020.81850 26145.29100 25799.31900 25451.51350 24941.07650 24593.64150 24244.39250 25370.29350 25022.85850 24673.60950 25800.98850 25453.55350 25104.30450
25713.36450 25367.39250 25019.58700 26144.58950 25798.61750 25450.81200 26577.27250 26231.30050 25883.49500 25369.06200 25021.62700 24672.37800 25800.28700 25452.85200 25103.60300 26232.97000 25885.53500 25536.28600 25023.28450 24674.40800 24323.73650 25454.50950 25105.63300 24754.96150 25887.19250 25538.31600 25187.64450
25799.06500 25451.63000 25102.38100 26232.27700 25884.84200 25535.59300 26666.92650 26319.49150 25970.24250 25453.28750 25104.41100 24753.73950 25886.49950 25537.62300 25186.95150 26321.14900 25972.27250 25621.60100 25106.05750 24755.75900 24403.68500 25539.26950 25188.97100 24836.89700 25973.91900 25623.62050 25271.54650
25885.28650 25536.41000 25185.73850 26320.46400 25971.58750 25620.91600 26757.05750 26408.18100 26057.50950 25538.05650 25187.75800 24835.68400 25973.23400 25622.93550 25270.86150 26409.82750 26059.52900 25707.45500 25189.39350 24837.69350 24484.23850 25624.57100 25272.87100 24919.41600 26061.16450 25709.46450 25356.00950
25972.02950 25621.73100 25269.65700 26409.15150 26058.85300 25706.77900 26847.66750 26497.36900 26145.29500 25623.36650 25271.66650 24918.21150 26060.48850 25708.78850 25355.33350 26499.00450 26147.30450 25793.84950 25273.29200 24920.21150 24565.39600 25710.41400 25357.33350 25002.51800 26148.93000 25795.84950 25441.03400
26059.29250 25707.59250 25354.13750 26498.33600 26146.63600 25793.18100 26938.75250 26587.05250 26233.59750 25709.21800 25356.13750 25001.32200 26148.26150 25795.18100 25440.36550 26588.67800 26235.59750 25880.78200 25357.75200 25003.31250 24647.15700 25796.79550 25442.35600 25086.20050 26237.21200 25882.77250 25526.61700
26147.07450 25793.99400 25439.17850 26588.01800 26234.93750 25880.12200 27030.31250 26677.23200 26322.41650 25795.60850 25441.16900 25085.01350 26236.55200 25882.11250 25525.95700 26678.84650 26324.40700 25968.25150 25442.77250 25086.99450 24729.52100 25883.71600 25527.93800 25170.46450 26326.01050 25970.23250 25612.75900
26235.37250 25880.93300 25524.77750 26678.19450 26323.75500 25967.59950 27122.34450 26767.90500 26411.74950 25882.53650 25526.75850 25169.28500 26325.35850 25969.58050 25612.10700 26769.50850 26413.73050 26056.25700 25528.35200 25171.25700 24812.48650 25971.17400 25614.07900 25255.30850 26415.32400 26058.22900 25699.45850
26324.18700 25968.40900 25610.93550 26768.86400 26413.08600 26055.61250 27214.84800 26859.07000 26501.59650 25970.00250 25612.90750 25254.13700 26414.67950 26057.58450 25698.81400 26860.66350 26503.56850 26144.79800 25614.49100 25256.09950 24896.05400 26059.16800 25700.77650 25340.73100 26505.15200 26146.76050 25786.71500
26413.51700 26056.42200 25697.65150 26860.02650 26502.93150 26144.16100 27307.82050 26950.72550 26591.95500 26058.00550 25699.61400 25339.56850 26504.51500 26146.12350 25786.07800 26952.30900 26593.91750 26233.87200 25701.18800 25341.52250 24980.22300 26147.69750 25788.03200 25426.73250 26595.49150 26235.82600 25874.52650
26503.36050 26144.96900 25784.92350 26951.67950 26593.28800 26233.24250 27401.26200 27042.87050 26682.82500 26146.54300 25786.87750 25425.57800 26594.86200 26235.19650 25873.89700 27044.44450 26684.77900 26323.47950 25788.44150 25427.52300 25064.99100 26236.76050 25875.84200 25513.31000 26686.34300 26325.42450 25962.89250
26593.71550 26234.05000 25872.75050 27043.82250 26684.15700 26322.85750 27495.16950 27135.50400 26774.20450 26235.61400 25874.69550 25512.16350 26685.72100 26324.80250 25962.27050 27137.06800 26776.14950 26413.61750 25876.25000 25514.10050 25150.35850 26326.35700 25964.20750 25600.46550 26777.70400 26415.55450 26051.81250
26684.58200 26323.66350 25961.13150 27136.45350 26775.53500 26413.00300 27589.54150 27228.62300 26866.09100 26325.21800 25963.06850 25599.32650 26777.08950 26414.94000 26051.19800 27230.17750 26868.02800 26504.28600 25964.61400 25601.25600 25236.32550 26416.48550 26053.12750 25688.19700 26869.57350 26506.21550 26141.28500
26775.95800 26413.80850 26050.06650 27229.57050 26867.42100 26503.67900 27684.37750 27322.22800 26958.48600 26415.35400 26051.99600 25687.06550 26868.96650 26505.60850 26140.67800 27323.77350 26960.41550 26595.48500 26053.53250 25688.98650 25322.89050 26507.14500 26142.59900 25776.50300 26961.95200 26597.40600 26231.31000
26867.84300 26504.48500 26139.55450 27323.17350 26959.81550 26594.88500 27779.67500 27416.31700 27051.38650 26506.02150 26141.47550 25775.37950 26961.35200 26596.80600 26230.71000 27417.85350 27053.30750 26687.21150 26143.00300 25777.29200 25410.05300 26598.33350 26232.62250 25865.38350 27054.83500 26689.12400 26321.88500
26960.23600 26595.69000 26229.59400 27417.26000 27052.71400 26686.61800 27875.43350 27510.88750 27144.79150 26597.21750 26231.50650 25864.26750 27054.24150 26688.53050 26321.29150 27512.41500 27146.70400 26779.46500 26233.02550 25866.17250 25497.81250 26690.04950 26323.19650 25954.83650 27148.22300 26781.37000 26413.01000
27053.13300 26687.42200 26320.18300 27511.82850 27146.11750 26778.87850 27971.64950 27605.93850 27238.69950 26688.94100 26322.08800 25953.72800 27147.63650 26780.78350 26412.42350 27607.45750 27240.60450 26872.24450 26323.59800 25955.62500 25586.16700 26782.29350 26414.32050 26044.86250 27242.11450 26874.14150 26504.68350
27146.53550 26779.68250 26411.32250 27606.87800 27240.02500 26871.66500 28068.32200 27701.46900 27333.10900 26781.19250 26413.21950 26043.76150 27241.53500 26873.56200 26504.10400 27702.97900 27335.00600 26965.54800 26414.72200 26045.65100 25675.11750 26875.06450 26505.99350 26135.46000 27336.50850 26967.43750 26596.90400
27240.44100 26872.46800 26503.01000 27702.40650 27334.43350 26964.97550 28165.45050 27797.47750 27428.01950 26873.97050 26504.89950 26134.36600 27335.93600 26966.86500 26596.33150 27798.98000 27429.90900 27059.37550 26506.39350 26136.24800 25764.66250 26968.35900 26598.21350 26226.62800 27431.40300 27061.25750 26689.67200
27334.84900 26965.77800 26595.24450 27798.41450 27429.34350 27058.81000 28263.03300 27893.96200 27523.42850 26967.27200 26597.12650 26225.54100 27430.83750 27060.69200 26689.10650 27895.45600 27525.31050 27153.72500 26598.61250 26227.41650 25854.80100 27062.17800 26690.98200 26318.36650 27526.79650 27155.60050 26782.98500
27429.75700 27059.61150 26688.02600 27894.89700 27524.75150 27153.16600 28361.06700 27990.92150 27619.33600 27061.09750 26689.90150 26317.28600 27526.23750 27155.04150 26782.42600 27992.40750 27621.21150 27248.59600 26691.37950 26319.15400 25945.53250 27156.51950 26784.29400 26410.67250 27622.68950 27250.46400 26876.84250
27525.16450 27153.96850 26781.35300 27991.85500 27620.65900 27248.04350 28459.55150 28088.35550 27715.74000 27155.44650 26783.22100 26409.59950 27622.13700 27249.91150 26876.29000 28089.83350 27717.60800 27343.98650 26784.69150 26411.46100 26036.85700 27251.38200 26878.15150 26503.54750 27719.07850 27345.84800 26971.24400
27621.07050 27248.84500 26875.22350 28089.28650 27717.06100 27343.43950 28558.48550 28186.26000 27812.63850 27250.31550 26877.08500 26502.48100 27718.53150 27345.30100 26970.69700 28187.73050 27814.50000 27439.89600 26878.54800 26504.33550 26128.77200 27346.76400 26972.55150 26596.98800 27815.96300 27441.75050 27066.18700
27717.47200 27344.24150 26969.63750 28187.19000 27813.95950 27439.35550 28657.86550 28284.63500 27910.03100 27345.70450 26971.49200 26595.92850 27815.42250 27441.21000 27065.64650 28286.09800 27911.88550 27536.32200 26972.94800 26597.77700 26221.27850 27442.66600 27067.49500 26690.99650 27913.34150 27538.17050 27161.67200
27814.36950 27440.15700 27064.59350 28285.56400 27911.35150 27535.78800 28757.69150 28383.47900 28007.91550 27441.61300 27066.44200 26689.94350 27912.80750 27537.63650 27161.13800 28384.93500 28009.76400 27633.26550 27067.89050 26691.78450 26314.37500 27539.08500 27162.97900 26785.56950 28011.21250 27635.10650 27257.69700
27911.76100 27536.59000 27160.09150 28384.40700 28009.23600 27632.73750 28857.96150 28482.79050 28106.29200 27538.03850 27161.93250 26784.52300 28010.68450 27634.57850 27257.16900 28484.23900 28108.13300 27730.72350 27163.37450 26786.35800 26408.06000 27636.02050 27259.00400 26880.70600 28109.57500 27732.55850 27354.26050
28009.64450 27633.53850 27256.12900 28483.71700 28107.61100 27730.20150 28958.67300 28582.56700 28205.15750 27634.98050 27257.96400 26879.66600 28109.05300 27732.03650 27353.73850 28584.00900 28206.99250 27828.69450 27259.39850 26881.49550 26502.33400 27733.47100 27355.56800 26976.40650 28208.42700 27830.52400 27451.36250
28108.01900 27731.00250 27352.70450 28583.49300 28206.47650 27828.17850 29059.82550 28682.80900 28304.51100 27732.43700 27354.53400 26975.37250 28207.91100 27830.00800 27450.84650 28684.24350 28306.34050 27927.17900 27355.96200 26977.19600 26597.19550 27831.43600 27452.67000 27072.66950 28307.76850 27929.00250 27549.00200
28206.88300 27828.98000 27449.81850 28683.73300 28305.83000 27926.66850 29161.41600 28783.51300 28404.35150 27830.40800 27451.64200 27071.64150 28307.25800 27928.49200 27548.49150 28784.94100 28406.17500 28026.17450 27453.06350 27073.45850 26692.64350 27929.91350 27550.30850 27169.49350 28407.59650 28027.99150 27647.17650
28306.23600 27927.47000 27547.46950 28784.43600 28405.67000 28025.66950 29263.44400 28884.67800 28504.67750 27928.89150 27549.28650 27168.47150 28407.09150 28027.48650 27646.67150 28886.09950 28506.49450 28125.67950        nan        nan        nan        nan        nan        nan        nan        nan        nan
