       nan        nan        nan        nan        nan        nan        nan        nan        nan 33611.23900        nan        nan        nan        nan        nan        nan        nan        nan 33608.22900 33565.08700        nan        nan        nan        nan        nan        nan        nan
33614.44500        nan        nan 33652.37300        nan        nan        nan        nan        nan 33611.43500 33568.29300        nan 33649.36300 33606.22100        nan        nan        nan        nan 33605.41150 33561.88500 33526.12000 33643.33950 33599.81300 33564.04800        nan        nan        nan
33617.85400 33574.71200        nan 33656.30250 33613.16050        nan 33688.08250 33644.94050        nan 33611.83050 33568.30400 33532.53900 33650.27900 33606.75250 33570.98750 33682.05900 33638.53250 33602.76750 33602.78600 33558.68150 33521.89150 33641.23450 33597.13000 33560.34000 33673.01450 33628.91000 33592.12000
33621.47850 33577.95200 33542.18700 33660.70750 33617.18100 33581.41600 33693.82800 33650.30150 33614.53650 33612.43400 33568.32950 33531.53950 33651.66300 33607.55850 33570.76850 33684.78350 33640.67900 33603.88900 33600.35800 33555.48250 33517.37800 33639.58700 33594.71150 33556.60700 33672.70750 33627.83200 33589.72750
33625.33000 33581.22550 33544.43550 33665.59900 33621.49450 33584.70450 33700.41050 33656.30600 33619.51600 33613.25400 33568.37850 33530.27400 33653.52300 33608.64750 33570.54300 33688.33450 33643.45900 33605.35450 33598.13550 33552.29700 33512.62200 33638.40450 33592.56600 33552.89100 33673.21600 33627.37750 33587.70250
33629.42250 33584.54700 33546.44250 33670.98200 33626.10650 33588.00200 33707.77700 33662.90150 33624.79700 33614.30400 33568.46550 33528.79050 33655.86350 33610.02500 33570.35000 33692.65850 33646.82000 33607.14500 33596.12650 33549.13950 33507.67550 33637.68600 33590.69900 33549.23500 33674.48100 33627.49400 33586.03000
33633.77150 33587.93300 33548.25800 33676.85850 33631.02000 33591.34500 33715.87500 33670.03650 33630.36150 33615.59400 33568.60700 33527.14300 33658.68100 33611.69400 33570.23000 33697.69750 33650.71050 33609.24650 33594.34450 33546.02950 33502.58900 33637.43150 33589.11650 33545.67600 33676.44800 33628.13300 33584.69250
33638.38550 33591.39850 33549.93450 33683.22000 33636.23300 33594.76900 33724.65250 33677.66550 33636.20150 33617.13600 33568.82100 33525.38050 33661.97050 33613.65550 33570.21500 33703.40300 33655.08800 33611.64750 33592.79800 33542.98550 33497.41200 33637.63250 33587.82000 33542.24650 33679.06500 33629.25250 33583.67900
33643.27600 33594.96100 33551.52050 33690.05900 33641.74400 33598.30350 33734.06250 33685.74750 33642.30700 33618.93800 33569.12550 33523.55200 33665.72100 33615.90850 33570.33500 33709.72450 33659.91200 33614.33850 33591.49800 33540.02950 33492.18950 33638.28100 33586.81250 33538.97250 33682.28450 33630.81600 33582.97600
33648.45050 33598.63800 33553.06450 33697.36000 33647.54750 33601.97400 33744.06050 33694.24800 33648.67450 33621.01050 33569.54200 33521.70200 33669.92000 33618.45150 33570.61150 33716.62050 33665.15200 33617.31200 33590.45300 33537.18350 33486.96600 33639.36250 33586.09300 33535.87550 33686.06300 33632.79350 33582.57600
33653.91500 33602.44650 33554.60650 33705.10950 33653.64100 33605.80100 33754.60900 33703.14050 33655.30050 33623.35750 33570.08800 33519.87050 33674.55200 33621.28250 33571.06500 33724.05150 33670.78200 33620.56450 33589.67050 33534.46600 33481.77850 33640.86500 33585.66050 33532.97300 33690.36450 33635.16000 33582.47250
33659.67150 33606.40200 33556.18450 33713.28950 33660.02000 33609.80250 33765.67350 33712.40400 33662.18650 33625.98450 33570.78000 33518.09250 33679.60250 33624.39800 33571.71050 33731.98650 33676.78200 33624.09450 33589.15600 33531.89600 33476.65950 33642.77400 33585.51400 33530.27750 33695.15800 33637.89800 33582.66150
33665.72400 33610.51950 33557.83200 33721.88600 33666.68150 33613.99400 33777.22300 33722.01850 33669.33100 33628.89550 33571.63550 33516.39900 33685.05750 33627.79750 33572.56100 33740.39450 33683.13450 33627.89800 33588.91450 33529.49150 33471.63800 33645.07650 33585.65350 33527.80000 33700.41350 33640.99050 33583.13700
33672.07250 33614.81250 33559.57600 33730.88350 33673.62350 33618.38700 33789.23150 33731.97150 33676.73500 33632.09150 33572.66850 33514.81500 33690.90250 33631.47950 33573.62600 33749.25050 33689.82750 33631.97400 33588.95000 33527.26650 33466.74000 33647.76100 33586.07750 33525.55100 33706.10900 33644.42550 33583.89900
33678.71700 33619.29400 33561.44050 33740.26700 33680.84400 33622.99050 33801.67500 33742.25200 33684.39850 33635.57550 33573.89200 33513.36550 33697.12550 33635.44200 33574.91550 33758.53350 33696.85000 33636.32350 33589.26550 33525.23400 33461.98550 33650.81550 33586.78400 33523.53550 33712.22350 33648.19200 33584.94350
33685.65650 33623.97300 33563.44650 33750.02550 33688.34200 33627.81550 33814.53400 33752.85050 33692.32400 33639.34650 33575.31500 33512.06650 33703.71550 33639.68400 33576.43550 33768.22400 33704.19250 33640.94400 33589.86100 33523.40500 33457.39250 33654.23000 33587.77400 33521.76150 33718.73850 33652.28250 33586.27000
33692.89100 33628.85950 33565.61100 33760.14600 33696.11450 33632.86600 33827.79150 33763.76000 33700.51150 33643.40550 33576.94950 33510.93700 33710.66050 33644.20450 33578.19200 33778.30600 33711.85000 33645.83750 33590.73950 33521.79100 33452.97700 33657.99450 33589.04600 33520.23200 33725.64000 33656.69150 33587.87750
33700.41950 33633.96350 33567.95100 33770.61900 33704.16300 33638.15050 33841.43100 33774.97500 33708.96250 33647.75350 33578.80500 33509.99100 33717.95300 33649.00450 33580.19050 33788.76500 33719.81650 33651.00250 33591.90300 33520.40000 33448.75400 33662.10250 33590.59950 33518.95350 33732.91450 33661.41150 33589.76550
33708.23950 33639.29100 33570.47700 33781.43500 33712.48650 33643.67250 33855.44000 33786.49150 33717.67750 33652.38900 33580.88600 33509.24000 33725.58450 33654.08150 33582.43550 33799.58950 33728.08650 33656.44050 33593.35000 33519.23900 33444.73250 33666.54550 33592.43450 33517.92800 33740.55050 33666.43950 33591.93300
33716.35050 33644.84750 33573.20150 33792.58700 33721.08400 33649.43800 33869.80650 33798.30350 33726.65750 33657.31150 33583.20050 33508.69400 33733.54800 33659.43700 33584.93050 33810.76750 33736.65650 33662.15000 33595.08200 33518.31450 33440.92400 33671.31850 33594.55100 33517.16050 33748.53800 33671.77050 33594.38000
33724.75100 33650.64000 33576.13350 33804.06600 33729.95500 33655.44850 33884.52000 33810.40900 33735.90250 33662.52150 33585.75400 33508.36350 33741.83650 33665.06900 33587.67850 33822.29050 33745.52300 33668.13250 33597.09900 33517.63300 33437.33650 33676.41400 33596.94800 33516.65150 33756.86800 33677.40200 33597.10550
33733.43950 33656.67200 33579.28150 33815.86700 33739.09950 33661.70900 33899.57200 33822.80450 33745.41400 33668.01700 33588.55100 33508.25450 33750.44450 33670.97850 33590.68200 33834.14950 33754.68350 33674.38700 33599.40050 33517.19800 33433.97750 33681.82800 33599.62550 33516.40500 33765.53300 33683.33050 33600.11000
33742.41450 33662.94850 33582.65200 33827.98350 33748.51750 33668.22100 33914.95400 33835.48800 33755.19150 33673.79800 33591.59550 33508.37500 33759.36700 33677.16450 33593.94400 33846.33750 33764.13500 33680.91450 33601.98700 33517.01500 33430.85400 33687.55600 33602.58400 33516.42300 33774.52650 33689.55450 33603.39350
33751.67400 33669.47150 33586.25100 33840.41000 33758.20750 33674.98700 33930.65950 33848.45700 33765.23650 33679.86300 33594.89100 33508.73000 33768.59900 33683.62700 33597.46600 33858.84850 33773.87650 33687.71550 33604.85900 33517.08650 33427.97050 33693.59500 33605.82250 33516.70650 33783.84450 33696.07200 33606.95600
33761.21750 33676.24550 33590.08450 33853.14350 33768.17150 33682.01050 33946.68050 33861.70850 33775.54750 33686.21350 33598.44100 33509.32500 33778.13950 33690.36700 33601.25100 33871.67650 33783.90400 33694.78800 33608.01450 33517.41600 33425.33250 33699.94050 33609.34200 33517.25850 33793.47750 33702.87900 33610.79550
33771.04550 33683.27300 33594.15700 33866.17950 33778.40700 33689.29100 33963.01500 33875.24250 33786.12650 33692.84650 33602.24800 33510.16450 33787.98050 33697.38200 33605.29850 33884.81600 33794.21750 33702.13400 33611.45550 33518.00650 33422.94500 33706.58950 33613.14050 33518.07900 33803.42500 33709.97600 33614.91450
33781.15350 33690.55500 33598.47150 33879.51300 33788.91450 33696.83100 33979.65450 33889.05600 33796.97250 33699.76250 33606.31350 33511.25200 33798.12200 33704.67300 33609.61150 33898.26350 33804.81450 33709.75300 33615.18000 33518.86050 33420.81050 33713.53950 33617.22000 33519.17000 33813.68100 33717.36150 33619.31150
33791.54300 33698.09400 33603.03250 33893.14200 33799.69300 33704.63150 33996.59700 33903.14800 33808.08650 33706.96050 33610.64100 33512.59100 33808.55950 33712.24000 33614.19000 33912.01450 33815.69500 33717.64500 33619.18800 33519.97950 33418.93300 33720.78700 33621.57850 33520.53200 33824.24200 33725.03350 33623.98700
33802.21150 33705.89200 33607.84200 33907.06350 33810.74400 33712.69400 34013.83650 33917.51700 33819.46700 33714.43900 33615.23050 33514.18400 33819.29100 33720.08250 33619.03600 33926.06400 33826.85550 33725.80900 33623.47900 33521.36500 33417.31450 33728.33100 33626.21700 33522.16650 33835.10400 33732.99000 33628.93950
33813.15850 33713.95000 33612.90350 33921.27450 33822.06600 33721.01950 34031.36950 33932.16100 33831.11450 33722.19850 33620.08450 33516.03400 33830.31450 33728.20050 33624.15000 33940.40950 33838.29550 33734.24500 33628.05350 33523.02000 33415.95950 33736.16950 33631.13600 33524.07550 33846.26450 33741.23100 33634.17050
33824.38300 33722.26900 33618.21850 33935.77100 33833.65700 33729.60650 34049.19350 33947.07950 33843.02900 33730.23800 33625.20450 33518.14400 33841.62600 33736.59250 33629.53200 33955.04850 33850.01500 33742.95450 33632.91100 33524.94450 33414.86900 33744.29900 33636.33250 33526.25700 33857.72150 33749.75500 33639.67950
33835.88450 33730.85100 33623.79050 33950.55300 33845.51950 33738.45900 34067.30500 33962.27150 33855.21100 33738.55750 33630.59100 33520.51550 33853.22600 33745.25950 33635.18400 33969.97800 33862.01150 33751.93600 33638.05050 33527.14050 33414.04550 33752.71900 33641.80900 33528.71400 33869.47100 33758.56100 33645.46600
33847.66200 33739.69550 33629.62000 33965.61800 33857.65150 33747.57600 34085.70100 33977.73450 33867.65900 33747.15500 33636.24500 33523.15000 33865.11100 33754.20100 33641.10600 33985.19400 33874.28400 33761.18900 33643.47250 33529.60900 33413.49050 33761.42850 33647.56500 33531.44650 33881.51150 33767.64800 33651.52950
33859.71350 33748.80350 33635.70850 33980.96200 33870.05200 33756.95700 34104.37900 33993.46900 33880.37400 33756.03100 33642.16750 33526.04900 33877.27950 33763.41600 33647.29750 34000.69650 33886.83300 33770.71450 33649.17550 33532.35000 33413.20550 33770.42400 33653.59850 33534.45400 33893.84100 33777.01550 33657.87100
33872.04000 33758.17650 33642.05800 33996.58550 33882.72200 33766.60350 34123.33600 34009.47250 33893.35400 33765.18450 33648.35900 33529.21450 33889.73000 33772.90450 33653.76000 34016.48050 33899.65500 33780.51050 33655.15950 33535.36550 33413.19200 33779.70500 33659.91100 33537.73750 33906.45550 33786.66150 33664.48800
33884.63900 33767.81350 33648.66900 34012.48550 33895.66000 33776.51550 34142.57050 34025.74500 33906.60050 33774.61400 33654.82000 33532.64650 33902.46050 33782.66650 33660.49300 34032.54550 33912.75150 33790.57800 33661.42500 33538.65500 33413.45150 33789.27150 33666.50150 33541.29800 33919.35650 33796.58650 33671.38300
33897.50950 33777.71550 33655.54200 34028.65950 33908.86550 33786.69200 34162.07800 34042.28400 33920.11050 33784.32050 33661.55050 33536.34700 33915.47050 33792.70050 33667.49700 34048.88900 33926.11900 33800.91550 33667.97000 33542.22000 33413.98500 33799.12000 33673.37000 33545.13500 33932.53850 33806.78850 33678.55350
33910.65300 33787.88300 33662.67950 34045.10800 33922.33800 33797.13450 34181.86000 34059.09000 33933.88650 33794.30250 33668.55250 33540.31750 33928.75750 33803.00750 33674.77250 34065.50950 33939.75950 33811.52450 33674.79550 33546.06050 33414.79400 33809.25050 33680.51550 33549.24900 33946.00250 33817.26750 33686.00100
33924.06550 33798.31550 33670.08050 34061.82800 33936.07800 33807.84300 34201.91150 34076.16150 33947.92650 33804.55850 33675.82350 33544.55700 33942.32100 33813.58600 33682.31950 34082.40450 33953.66950 33822.40300 33681.89950 33550.17600 33415.87800 33819.66200 33687.93850 33553.64050 33959.74550 33828.02200 33693.72400
33937.74900 33809.01400 33677.74750 34078.81750 33950.08250 33818.81600 34222.23150 34093.49650 33962.23000 33815.09000 33683.36650 33549.06850 33956.15850 33824.43500 33690.13700 34099.57250 33967.84900 33833.55100 33689.28400 33554.56950 33417.24050 33830.35250 33695.63800 33558.30900 33973.76650 33839.05200 33701.72300
33951.70000 33819.97650 33685.67850 34096.07650 33964.35300 33830.05500 34242.81800 34111.09450 33976.79650 33825.89400 33691.17950 33553.85050 33970.27050 33835.55600 33698.22700 34117.01200 33982.29750 33844.96850 33696.94550 33559.23800 33418.87850 33841.32200 33703.61450 33563.25500 33988.06350 33850.35600 33709.99650
33965.92000 33831.20550 33693.87650 34113.60300 33978.88850 33841.55950 34263.66950 34128.95500 33991.62600 33836.97150 33699.26400 33558.90450 33984.65450 33846.94700 33706.58750 34134.72100 33997.01350 33856.65400 33704.88650 33564.18400 33420.79600 33852.56950 33711.86700 33568.47900 34002.63600 33861.93350 33718.54550
33980.40750 33842.70000 33702.34050 34131.39550 33993.68800 33853.32850 34284.78450 34147.07700 34006.71750 33848.32250 33707.62000 33564.23200 33999.31050 33858.60800 33715.22000 34152.69950 34011.99700 33868.60900 33713.10500 33569.40750 33422.99200 33864.09300 33720.39550 33573.98000 34017.48200 33873.78450 33727.36900
33995.16150 33854.45900 33711.07100 34149.45300 34008.75050 33865.36250 34306.16150 34165.45900 34022.07100 33859.94400 33716.24650 33569.83100 34014.23550 33870.53800 33724.12250 34170.94400 34027.24650 33880.83100 33721.60050 33574.90700 33425.46750 33875.89200 33729.19850 33579.75900 34032.60050 33885.90700 33736.46750
34010.18100 33866.48350 33720.06800 34167.77350 34024.07600 33877.66050 34327.79750 34184.10000 34037.68450 33871.83750 33725.14400 33575.70450 34029.43000 33882.73650 33733.29700 34189.45400 34042.76050 33893.32100 33730.37250 33580.68450 33428.22200 33887.96500 33738.27700 33585.81450 34047.98900 33898.30100 33745.83850
34025.46550 33878.77200 33729.33250 34186.35700 34039.66350 33890.22400 34349.69250 34202.99900 34053.55950 33884.00050 33734.31250 33581.85000 34044.89200 33895.20400 33742.74150 34208.22750 34058.53950 33906.07700 33739.42150 33586.73850 33431.25650 33900.31300 33747.63000 33592.14800 34063.64850 33910.96550 33755.48350
34041.01300 33891.32500 33738.86250 34205.20050 34055.51250 33903.05000 34371.84300 34222.15500 34069.69250 33896.43400 33743.75100 33588.26900 34060.62150 33907.93850 33752.45650 34227.26400 34074.58100 33919.09900 33748.74550 33593.06950 33434.57150 33912.93300 33757.25700 33598.75900 34079.57550 33923.89950 33765.40150
34056.82500 33904.14200 33748.66000 34224.30500 34071.62200 33916.14000 34394.24950 34241.56650 34086.08450 33909.13650 33753.46050 33594.96250 34076.61650 33920.94050 33762.44250 34246.56100 34090.88500 33932.38700 33758.34500 33599.67750 33438.16700 33925.82500 33767.15750 33605.64700 34095.76950 33937.10200 33775.59150
34072.89850 33917.22250 33758.72450 34243.66750 34087.99150 33929.49350 34416.91000 34261.23400 34102.73600 33922.10700 33763.43950 33601.92900 34092.87600 33934.20850 33772.69800 34266.11850 34107.45100 33945.94050 33768.21900 33606.56250 33442.04250 33938.98800 33777.33150 33612.81150 34112.23050 33950.57400 33786.05400
34089.23400 33930.56650 33769.05600 34263.28800 34104.62050 33943.11000 34439.82200 34281.15450 34119.64400 33935.34600 33773.68950 33609.16950 34109.40000 33947.74350 33783.22350 34285.93400 34124.27750 33959.75750 33778.36750 33613.72400 33446.19950 33952.42150 33787.77800 33620.25350 34128.95550 33964.31200 33796.78750
34105.83000 33944.17350 33779.65350 34283.16400 34121.50750 33956.98750 34462.98550 34301.32900 34136.80900 33948.85150 33784.20800 33616.68350 34126.18550 33961.54200 33794.01750 34306.00700 34141.36350 33973.83900 33788.78950 33621.16300 33450.63750 33966.12350 33798.49700 33627.97150 34145.94500 33978.31850 33807.79300
34122.68550 33958.04200 33790.51750 34303.29500 34138.65150 33971.12700 34486.39750 34321.75400 34154.22950 33962.62350 33794.99700 33624.47150 34143.23300 33975.60650 33805.08100 34326.33550 34158.70900 33988.18350 33799.48450 33628.87750 33455.35600 33980.09400 33809.48700 33635.96550 34163.19650 33992.58950 33819.06800
34139.80000 33972.17350 33801.64800 34323.67950 34156.05300 33985.52750 34510.05750 34342.43100 34171.90550 33976.66100 33806.05400 33632.53250 34160.54050 33989.93350 33816.41200 34346.91850 34176.31150 34002.79000 33810.45200 33636.86800 33460.35550 33994.33150 33820.74750 33644.23500 34180.70950 34007.12550 33830.61300
34157.17300 33986.56600 33813.04450 34344.31750 34173.71050 34000.18900 34533.96400 34363.35700 34189.83550 33990.96400 33817.38000 33640.86750 34178.10850 34004.52450 33828.01200 34367.75500 34194.17100 34017.65850 33821.69200 33645.13550 33465.63700 34008.83650 33832.28000 33652.78150 34198.48300 34021.92650 33842.42800
34174.80250 34001.21850 33824.70600 34365.20600 34191.62200 34015.10950 34558.11550 34384.53150 34208.01900 34005.53050 33828.97400 33649.47550 34195.93400 34019.37750 33839.87900 34388.84350 34212.28700 34032.78850 33833.20250 33653.67750 33471.19900 34023.60600 33844.08100 33661.60250 34216.51550 34036.99050 33854.51200
34192.68800 34016.13150 33836.63300 34386.34550 34209.78900 34030.29050 34582.51050 34405.95400 34226.45550 34020.36000 33840.83500 33658.35650 34214.01750 34034.49250 33852.01400 34410.18250 34230.65750 34048.17900 33844.98300 33662.49500 33477.04150 34038.64050 33856.15250 33670.69900 34234.80550 34052.31750 33866.86400
34210.82950 34031.30450 33848.82600 34407.73350 34228.20850 34045.73000 34607.14700 34427.62200 34245.14350 34035.45250 33852.96450 33667.51100 34232.35650 34049.86850 33864.41500 34431.77000 34249.28200 34063.82850 33857.03550 33671.58800 33483.16500 34053.93950 33868.49200 33680.06900 34253.35300 34067.90550 33879.48250
34229.22450 34046.73650 33861.28300 34429.36900 34246.88100 34061.42750 34632.02400 34449.53600 34264.08250 34050.80750 33865.36000 33676.93700 34250.95200 34065.50450 33877.08150 34453.60700 34268.15950 34079.73650 33869.35600 33680.95500 33489.57000 34069.50050 33881.09950 33689.71450 34272.15550 34083.75450 33892.36950
34247.87350 34062.42600 33874.00300 34451.25200 34265.80450 34077.38150 34657.14150 34471.69400 34283.27100 34066.42200 33878.02100 33686.63600 34269.80050 34081.39950 33890.01450 34475.69000 34287.28900 34095.90400 33881.94500 33690.59550 33496.25400 34085.32350 33893.97400 33699.63250 34291.21300 34099.86350 33905.52200
34266.77450 34078.37350 33886.98850 34473.37900 34284.97800 34093.59300 34682.49550 34494.09450 34302.70950 34082.29750 33890.94800 33696.60650 34288.90200 34097.55250 33903.21100 34498.01850 34306.66900 34112.32750 33894.80300 33700.51100 33503.21950 34101.40750 33907.11550 33709.82400 34310.52400 34116.23200 33918.94050
34285.92650 34094.57700 33900.23550 34495.75100 34304.40150 34110.06000 34708.08600 34516.73650 34322.39500 34098.43200 33904.14000 33706.84850 34308.25650 34113.96450 33916.67300 34520.59150 34326.29950 34129.00800 33907.92750 33710.69950 33510.46450 34117.75200 33920.52400 33720.28900 34330.08700 34132.85900 33932.62400
34305.33000 34111.03800 33913.74650 34518.36600 34324.07400 34126.78250 34733.91250 34539.62050 34342.32900 34114.82550 33917.59750 33717.36250 34327.86150 34130.63350 33930.39850 34543.40800 34346.18000 34145.94500 33921.31950 33721.16100 33517.99000 34134.35550 33934.19700 33731.02600 34349.90200 34149.74350 33946.57250
34324.98250 34127.75450 33927.51950 34541.22300 34343.99500 34143.76000 34759.97100 34562.74300 34362.50800 34131.47650 33931.31800 33728.14700 34347.71700 34147.55850 33944.38750 34566.46500 34366.30650 34163.13550 33934.97700 33731.89450 33525.79450 34151.21750 33948.13500 33742.03500 34369.96550 34166.88300 33960.78300
34344.88350 34144.72500 33941.55400 34564.32000 34364.16150 34160.99050 34786.26300 34586.10450 34382.93350 34148.38400 33945.30150 33739.20150 34367.82050 34164.73800 33958.63800 34589.76350 34386.68100 34180.58100 33948.89950 33742.90000 33533.87850 34168.33600 33962.33650 33753.31500 34390.27900 34184.27950 33975.25800
34365.03150 34161.94900 33955.84900 34587.65650 34384.57400 34178.47400 34812.78400 34609.70150 34403.60150 34165.54700 33959.54750 33750.52600 34388.17200 34182.17250 33973.15100 34613.29950 34407.30000 34198.27850 33963.08700 33754.17700 33542.24150 34185.71200 33976.80200 33764.86650 34410.83950 34201.92950 33989.99400
34385.42550 34179.42600 33970.40450 34611.23000 34405.23050 34196.20900 34839.53500 34633.53550 34424.51400 34182.96550 33974.05550 33762.12000 34408.77000 34199.86000 33987.92450 34637.07500 34428.16500 34216.22950 33977.53750 33765.72450 33550.88200 34203.34200 33991.52900 33776.68650 34431.64700 34219.83400 34004.99150
34406.06550 34197.15550 33985.22000 34635.04150 34426.13150 34214.19600 34866.51350 34657.60350 34445.66800 34200.63750 33988.82450 33773.98200 34429.61350 34217.80050 34002.95800 34661.08550 34449.27250 34234.43000 33992.25100 33777.54200 33559.80150 34221.22700 34006.51800 33788.77750 34452.69900 34237.99000 34020.24950
34426.94950 34215.13650 34000.29400 34659.08800 34447.27500 34232.43250 34893.71850 34681.90550 34467.06300 34218.56300 34003.85400 33786.11350 34450.70150 34235.99250 34018.25200 34685.33200 34470.62300 34252.88250 34007.22700 33789.62900 33568.99900 34239.36550 34021.76750 33801.13750 34473.99600 34256.39800 34035.76800
34448.07650 34233.36750 34015.62700 34683.36800 34468.65900 34250.91850 34921.14750 34706.43850 34488.69800 34236.74050 34019.14250 33798.51250 34472.03200 34254.43400 34033.80400 34709.81150 34492.21350 34271.58350 34022.46350 33801.98600 33578.47300 34257.75500 34037.27750 33813.76450 34495.53450 34275.05700 34051.54400
34469.44550 34251.84750 34031.21750 34707.88150 34490.28350 34269.65350 34948.80000 34731.20200 34510.57200 34255.16850 34034.69100 33811.17800 34493.60450 34273.12700 34049.61400 34734.52300 34514.04550 34290.53250 34037.96100 33814.61050 33588.22450 34276.39700 34053.04650 33826.66050 34517.31550 34293.96500 34067.57900
34491.05500 34270.57750 34047.06450 34732.62550 34512.14800 34288.63500 34976.67400 34756.19650 34532.68350 34273.84750 34050.49700 33824.11100 34515.41800 34292.06750 34065.68150 34759.46650 34536.11600 34309.73000 34053.71850 33827.50350 33598.25250 34295.28900 34069.07400 33839.82300 34539.33750 34313.12250 34083.87150
34512.90450 34289.55400 34063.16800 34757.60000 34534.24950 34307.86350 35004.76800 34781.41750 34555.03150 34292.77550 34066.56050 33837.30950 34537.47100 34311.25600 34082.00500 34784.63900 34558.42400 34329.17300 34069.73350 33840.66300 33608.55600 34314.42900 34085.35850 33853.25150 34561.59700 34332.52650 34100.41950
34534.99300 34308.77800 34079.52700 34782.80400 34556.58900 34327.33800 35033.08100 34806.86600 34577.61500 34311.95100 34082.88050 33850.77350 34559.76200 34330.69150 34098.58450 34810.03900 34580.96850 34348.86150 34086.00700 33854.08850 33619.13450 34333.81800 34101.89950 33866.94550 34584.09500 34352.17650 34117.22250
34557.31750 34328.24700 34096.14000 34808.23400 34579.16350 34347.05650 35061.61000 34832.53950 34600.43250 34331.37350 34099.45500 33864.50100 34582.29000 34350.37150 34115.41750 34835.66600 34603.74750 34368.79350 34102.53700 33867.78000 33629.98850 34353.45350 34118.69650 33880.90500 34606.82950 34372.07250 34134.28100
34579.87900 34347.96050 34113.00650 34833.89050 34601.97200 34367.01800 35090.35550 34858.43700 34623.48300 34351.04250 34116.28550 33878.49400 34605.05400 34370.29700 34132.50550 34861.51900 34626.76200 34388.97050 34119.32300 33881.73650 33641.11600 34373.33450 34135.74800 33895.12750 34629.79950 34392.21300 34151.59250
34602.67550 34367.91850 34130.12700 34859.77200 34625.01500 34387.22350 35119.31400 34884.55700 34646.76550 34370.95600 34133.36950 33892.74900 34628.05250 34390.46600 34149.84550 34887.59450 34650.00800 34409.38750 34136.36450 33895.95750 33652.51800 34393.46100 34153.05400 33909.61450 34653.00300 34412.59600 34169.15650
34625.70550 34388.11900 34147.49850 34885.87550 34648.28900 34407.66850 35148.48450 34910.89800 34670.27750 34391.11400 34150.70700 33907.26750 34651.28400 34410.87700 34167.43750 34913.89300 34673.48600 34430.04650 34153.66000 33910.44150 33664.19250 34413.83000 34170.61150 33924.36250 34676.43900 34433.22050 34186.97150
34648.96800 34408.56100 34165.12150 34912.20150 34671.79450 34428.35500 35177.86700 34937.46000 34694.02050 34411.51400 34168.29550 33922.04650 34674.74750 34431.52900 34185.28000 34940.41300 34697.19450 34450.94550 34171.20750 33925.18750 33676.13950 34434.44100 34188.42100 33939.37300 34700.10650 34454.08650 34205.03850
34672.46150 34429.24300 34182.99400 34938.74750 34695.52900 34449.28000 35207.45750 34964.23900 34717.99000 34432.15500 34186.13500 33937.08700 34698.44100 34452.42100 34203.37300 34967.15100 34721.13100 34472.08300 34189.00800 33940.19550 33688.35800 34455.29400 34206.48150 33954.64400 34724.00400 34475.19150 34223.35400
34696.18400 34450.16400 34201.11600 34965.51200 34719.49200 34470.44400 35237.25450 34991.23450 34742.18650 34453.03700 34204.22450 33952.38700 34722.36500 34473.55250 34221.71500 34994.10750 34745.29500 34493.45750 34207.05850 33955.46350 33700.84650 34476.38650 34224.79150 33970.17450 34748.12900 34496.53400 34241.91700
34720.13650 34471.32400 34219.48650 34992.49400 34743.68150 34491.84400 35267.25900 35018.44650 34766.60900 34474.15800 34222.56300 33967.94600 34746.51550 34494.92050 34240.30350 35021.28050 34769.68550 34515.06850 34225.36050 33970.99250 33713.60700 34497.71800 34243.35000 33985.96450 34772.48300 34518.11500 34260.72950
34744.31500 34492.72000 34238.10300 35019.69150 34768.09650 34513.47950 35297.46600 35045.87100 34791.25400 34495.51750 34241.14950 33983.76400 34770.89400 34516.52600 34259.14050 35048.66850 34794.30050 34536.91500 34243.91000 33986.78000 33726.63550 34519.28650 34262.15650 34002.01200 34797.06100 34539.93100 34279.78650
34768.72050 34514.35250 34256.96700 35047.10400 34792.73600 34535.35050 35327.87650 35073.50850 34816.12300 34517.11300 34259.98300 33999.83850 34795.49650 34538.36650 34278.22200 35076.26900 34819.13900 34558.99450 34262.70800 34002.82600 33739.93350 34541.09150 34281.20950 34018.31700 34821.86400 34561.98200 34299.08950
34793.34950 34536.21950 34276.07500 35074.72850 34817.59850 34557.45400 35358.48650 35101.35650 34841.21200 34538.94450 34279.06250 34016.17000 34820.32350 34560.44150 34297.54900 35104.08150 34844.19950 34581.30700 34281.75250 34019.12900 33753.49950 34563.13150 34300.50800 34034.87850 34846.88950 34584.26600 34318.63650
34818.20250 34558.32050 34295.42800 35102.56400 34842.68200 34579.78950 35389.29600 35129.41400 34866.52150 34561.01050 34298.38700 34032.75750 34845.37200 34582.74850 34317.11900 35132.10400 34869.48050 34603.85100 34301.04250 34035.68850 33767.33300 34585.40400 34320.05000 34051.69450 34872.13600 34606.78200 34338.42650
34843.27600 34580.65250 34315.02300 35130.60900 34867.98550 34602.35600 35420.30250 35157.67900 34892.04950 34583.30800 34317.95400 34049.59850 34870.64100 34605.28700 34336.93150 35160.33450 34894.98050 34626.62500 34320.57700 34052.50250 33781.43150 34607.91000 34339.83550 34068.76450 34897.60350 34629.52900 34358.45800
34868.57050 34603.21650 34334.86100 35158.86150 34893.50750 34625.15200 35451.50300 35186.14900 34917.79350 34605.83950 34337.76500 34066.69400 34896.13050 34628.05600 34356.98500 35188.77200 34920.69750 34649.62650 34340.35550 34069.57200 33795.79700 34630.64650 34359.86300 34086.08800 34923.28800 34652.50450 34378.72950
34894.08400 34626.00950 34354.93850 35187.32150 34919.24700 34648.17600 35482.89950 35214.82500 34943.75400 34628.60000 34357.81650 34084.04150 34921.83750 34651.05400 34377.27900 35217.41550 34946.63200 34672.85700 34360.37500 34086.89350 33810.42650 34653.61250 34380.13100 34103.66400 34949.19050 34675.70900 34399.24200
34919.81450 34649.03100 34375.25600 35215.98550 34945.20200 34671.42700 35514.48600 35243.70250 34969.92750 34651.58950 34378.10800 34101.64100 34947.76050 34674.27900 34397.81200 35246.26100 34972.77950 34696.31250 34380.63600 34104.46750 33825.31900 34676.80700 34400.63850 34121.49000 34975.30750 34699.13900 34419.99050
34945.76050 34672.27900 34395.81200 35244.85200 34971.37050 34694.90350 35546.26300 35272.78150 34996.31450 34674.80700 34398.63850 34119.49000 34973.89850 34697.73000 34418.58150 35275.30950 34999.14100 34719.99250 34401.13650 34122.29250 33840.47500 34700.22800 34421.38400 34139.56650 35001.63900 34722.79500 34440.97750
34971.92150 34695.75300 34416.60450 35273.92100 34997.75250 34718.60400 35578.22750 35302.05900 35022.91050 34698.25100 34419.40700 34137.58950 35000.25050 34721.40650 34439.58900 35304.55700 35025.71300 34743.89550 34421.87550 34140.36750 33855.89250 34723.87500 34442.36700 34157.89200 35028.18150 34746.67350 34462.19850
34998.29550 34719.45150 34437.63400 35303.18900 35024.34500 34742.52750 35610.37900 35331.53500 35049.71750 34721.92000 34440.41200 34155.93700 35026.81350 34745.30550 34460.83050 35334.00350 35052.49550 34768.02050 34442.85150 34158.69150 33871.57150 34747.74500 34463.58500 34176.46500 35054.93500 34770.77500 34483.65500
35024.88000 34743.37200 34458.89700 35332.65500 35051.14700 34766.67200 35642.71450 35361.20650 35076.73150 34745.81150 34461.65150 34174.53150 35053.58650 34769.42650 34482.30650 35363.64600 35079.48600 34792.36600 34464.06300 34177.26350 33887.50950 34771.83800 34485.03850 34195.28450 35081.89750 34795.09800 34505.34400
35051.67450 34767.51450 34480.39450 35362.31650 35078.15650 34791.03650 35675.23150 35391.07150 35103.95150 34769.92600 34483.12650 34193.37250 35080.56800 34793.76850 34504.01450 35393.48300 35106.68350 34816.92950 34485.51000 34196.08200 33903.70700 34796.15200 34506.72400 34214.34900 35109.06700 34819.63900 34527.26400
35078.67650 34791.87700 34502.12300 35392.17300 35105.37350 34815.61950 35707.92950 35421.13000 35131.37600 34794.26050 34504.83250 34212.45750 35107.75700 34818.32900 34525.95400 35423.51350 35134.08550 34841.71050 34507.18900 34215.14500 33920.16150 34820.68550 34528.64150 34233.65800 35136.44200 34844.39800 34549.41450
35105.88600 34816.45800 34524.08300 35422.22200 35132.79400 34840.41900 35740.80700 35451.37900 35159.00400 34818.81450 34526.77050 34231.78700 35135.15050 34843.10650 34548.12300 35453.73550 35161.69150 34866.70800 34529.10050 34234.45300 33936.87350 34845.43650 34550.78900 34253.20950 35164.02150 34869.37400 34571.79450
35133.29950 34841.25550 34546.27200 35452.46150 35160.41750 34865.43400 35773.86000 35481.81600 35186.83250 34843.58550 34548.93800 34251.35850 35162.74750 34868.10000 34570.52050 35484.14600 35189.49850 34891.91900 34551.24250 34254.00350 33953.84000 34870.40450 34573.16550 34273.00200 35191.80300 34894.56400 34594.40050
35160.91600 34866.26850 34568.68900 35482.89000 35188.24250 34890.66300 35807.08700 35512.43950 35214.86000 34868.57300 34571.33400 34271.17050 35190.54700 34893.30800 34593.14450 35514.74400 35217.50500 34917.34150 34573.61300 34273.79550 33971.06150 34895.58700 34595.76950 34293.03550 35219.78400 34919.96650 34617.23250
35188.73450 34891.49550 34591.33200 35513.50600 35216.26700 34916.10350 35840.48800 35543.24900 35243.08550 34893.77450 34593.95700 34291.22300 35218.54600 34918.72850 34615.99450 35545.52800 35245.71050 34942.97650 34596.21150 34293.82800 33988.53600 34920.98300 34618.59950 34313.30750 35247.96500 34945.58150 34640.28950
35216.75200 34916.93450 34614.20050 35544.30650 35244.48900 34941.75500 35874.05850 35574.24100 35271.50700 34919.18900 34616.80550 34311.51350 35246.74350 34944.36000 34639.06800 35576.49550 35274.11200 34968.82000 34619.03550 34314.09900 34006.26300 34946.59000 34641.65350 34333.81750 35276.34200 34971.40550 34663.56950
35244.96850 34942.58500 34637.29300 35575.29050 35272.90700 34967.61500 35907.79750 35605.41400 35300.12200 34944.81500 34639.87850 34332.04250 35275.13700 34970.20050 34662.36450 35607.64400 35302.70750 34994.87150 34642.08500 34334.60850 34024.24100 34972.40700 34664.93050 34354.56300 35304.91400 34997.43750 34687.07000
35273.38050 34968.44400 34660.60800 35606.45650 35301.52000 34993.68400 35941.70300 35636.76650 35328.93050 34970.65050 34663.17400 34352.80650 35303.72650 34996.25000 34685.88250 35638.97300 35331.49650 35021.12900 34665.35750 34355.35450 34042.46850 34998.43350 34688.43050 34375.54450 35333.68000 35023.67700 34710.79100
35301.98650 34994.51000 34684.14250 35637.80150 35330.32500 35019.95750 35975.77250 35668.29600 35357.92850 34996.69350 34686.69050 34373.80450 35332.50850 35022.50550 34709.61950 35670.47950 35360.47650 35047.59050 34688.85050 34376.33400 34060.94450 35024.66550 34712.14900 34396.75950 35362.63650 35050.12000 34734.73050
35330.78650 35020.78350 34707.89750 35669.32400 35359.32100 35046.43500 36010.00450 35700.00150 35387.11550 35022.94350 34710.42700 34395.03750 35361.48100 35048.96450 34733.57500 35702.16150 35389.64500 35074.25550 34712.56450 34397.54800 34079.66750 35051.10200 34736.08550 34418.20500 35391.78250 35076.76600 34758.88550
35359.77600 35047.25950 34731.87000 35701.02150 35388.50500 35073.11550 36044.39600 35731.87950 35416.49000 35049.39700 34734.38050 34416.50000 35390.64250 35075.62600 34757.74550 35734.01700 35419.00050 35101.12000 34736.49700 34418.99450 34098.63650 35077.74250 34760.24000 34439.88200 35421.11700 35103.61450 34783.25650
35388.95450 35073.93800 34756.05750 35732.89250 35417.87600 35099.99550 36078.94500 35763.92850 35446.04800 35076.05450 34758.55200 34438.19400 35419.99250 35102.49000 34782.13200 35766.04500 35448.54250 35128.18450 34760.64600 34440.67100 34117.85050 35104.58400 34784.60900 34461.78850 35450.63650 35130.66150 34807.84100
35418.32050 35100.81800 34780.46000 35764.93550 35447.43300 35127.07500 36113.65000 35796.14750 35475.78950 35102.91200 34782.93700 34460.11650 35449.52700 35129.55200 34806.73150 35798.24150 35478.26650 35155.44600 34785.01050 34462.57600 34137.30650 35131.62550 34809.19100 34483.92150 35480.34000 35157.90550 34832.63600
35447.87150 35127.89650 34805.07600 35797.14700 35477.17200 35154.35150 36148.50850 35828.53350 35505.71300 35129.97000 34807.53550 34482.26600 35479.24550 35156.81100 34831.54150 35830.60700 35508.17250 35182.90300 34809.58850 34484.70950 34157.00550 35158.86400 34833.98500 34506.28100 35510.22550 35185.34650 34857.64250
35477.60550 35155.17100 34829.90150 35829.52650 35507.09200 35181.82250 36183.51800 35861.08350 35535.81400 35157.22400 34832.34500 34504.64100 35509.14500 35184.26600 34856.56200 35863.13650 35538.25750 35210.55350 34834.37750 34507.06850 34176.94350 35186.29850 34858.98950 34528.86450 35540.29000 35212.98100 34882.85600
35507.52100 35182.64200 34854.93800 35862.07050 35537.19150 35209.48750 36218.67550 35893.79650 35566.09250 35184.67450 34857.36550 34527.24050 35539.22400 35211.91500 34881.79000 35895.82900 35568.52000 35238.39500 34859.37800 34529.65200 34197.12150 35213.92750 34884.20150 34551.67100 35570.53250 35240.80650 34908.27600
35537.61550 35210.30650 34880.18150 35894.77700 35567.46800 35237.34300 36253.98000 35926.67100 35596.54600 35212.31900 34882.59300 34550.06250 35569.48050 35239.75450 34907.22400 35928.68350 35598.95750 35266.42700 34884.58600 34552.45850 34217.53700 35241.74750 34909.62000 34574.69850 35600.95050 35268.82300 34933.90150
35567.88700 35238.16100 34905.63050 35927.64500 35597.91900 35265.38850 36289.42850 35959.70250 35627.17200 35240.15400 34908.02650 34573.10500 35599.91200 35267.78450 34932.86300 35961.69550 35629.56800 35294.64650 34910.00100 34575.48600 34238.18750 35269.75900 34935.24400 34597.94550 35631.54250 35297.02750 34959.72900
35598.33350 35266.20600 34931.28450 35960.67150 35628.54400 35293.62250 36325.01850 35992.89100 35657.96950 35268.18050 34933.66550 34596.36700 35630.51850 35296.00350 34958.70500 35994.86550 35660.35050 35323.05200 34935.62050 34598.73350 34259.07250 35297.95850 34961.07150 34621.41050 35662.30550 35325.41850 34985.75750
35628.95400 35294.43900 34957.14050 35993.85450 35659.33950 35322.04100 36360.74900 36026.23400 35688.93550 35296.39400 34959.50700 34619.84600 35661.29450 35324.40750 34984.74650 36028.18900 35691.30200 35351.64100 34961.44350 34622.19850 34280.19100 35326.34400 34987.09900 34645.09150 35693.23850 35353.99350 35011.98600
35659.74450 35322.85750 34983.19650 36027.19100 35690.30400 35350.64300 36396.61500 36059.72800 35720.06700 35324.79400 34985.54900 34643.54150 35692.24050 35352.99550 35010.98800 36061.66450 35722.41950 35380.41200 34987.46750 34645.88000 34301.54050 35354.91400 35013.32650 34668.98700 35724.33800 35382.75050 35038.41100
35690.70450 35351.45950 35009.45200 36060.67950 35721.43450 35379.42700 36432.61650 36093.37150 35751.36400 35353.37800 35011.79050 34667.45100 35723.35300 35381.76550 35037.42600 36095.29000 35753.70250 35409.36300 35013.69100 34669.77550 34323.11950 35383.66600 35039.75050 34693.09450 35755.60300 35411.68750 35065.03150
35721.83050 35380.24300 35035.90350 36094.31800 35752.73050 35408.39100 36468.74950 36127.16200 35782.82250 35382.14350 35038.22800 34691.57200 35754.63100 35410.71550 35064.05950 36129.06250 35785.14700 35438.49100 35040.11100 34693.88300 34344.92600 35412.59850 35066.37050 34717.41350 35787.03000 35440.80200 35091.84500
35753.12200 35409.20650 35062.55050 36128.10300 35784.18750 35437.53150 36505.01250 36161.09700 35814.44100 35411.08950 35064.86150 34715.90450 35786.07050 35439.84250 35090.88550 36162.98000 35816.75200 35467.79500 35066.72750 34718.20250 34366.96000 35441.70850 35093.18350 34741.94100 35818.61800 35470.09300 35118.85050
35784.57500 35438.34700 35089.39000 36162.03300 35815.80500 35466.84800 36541.40200 36195.17400 35846.21700 35440.21300 35091.68800 34740.44550 35817.67100 35469.14600 35117.90350 36197.04000 35848.51500 35497.27250 35093.53700 34742.73000 34389.21750 35470.99500 35120.18800 34766.67550 35850.36400 35499.55700 35146.04450
35816.18850 35467.66350 35116.42100 36196.10550 35847.58050 35496.33800 36577.91650 36229.39150 35878.14900 35469.51250 35118.70550 34765.19300 35849.42950 35498.62250 35145.11000 36231.24050 35880.43350 35526.92100 35120.53800 34767.46500 34411.69900 35500.45500 35147.38200 34791.61600 35882.26600 35529.19300 35173.42700
35847.96000 35497.15300 35143.64050 36230.31700 35879.51000 35525.99750 36614.55250 36263.74550 35910.23300 35498.98550 35145.91250 34790.14650 35881.34250 35528.26950 35172.50350 36265.57800 35912.50500 35556.73900 35147.72900 34792.40600 34434.40100 35530.08600 35174.76300 34816.75800 35914.32150 35558.99850 35200.99350
35879.88600 35526.81300 35171.04700 36264.66700 35911.59400 35555.82800 36651.30800 36298.23500 35942.46900 35528.62950 35173.30650 34815.30150 35913.41050 35558.08750 35200.08250 36300.05150 35944.72850 35586.72350 35175.10650 34817.54900 34457.32200 35559.88750 35202.33000 34842.10300 35946.52850 35588.97100 35228.74400
35911.96650 35556.64350 35198.63850 36299.15150 35943.82850 35585.82350 36688.18050 36332.85750 35974.85250 35558.44350 35200.88600 34840.65900 35945.62850 35588.07100 35227.84400 36334.65750 35977.10000 35616.87300 35202.67050 34842.89450 34480.46100 35589.85550 35230.07950 34867.64600 35978.88450 35619.10850 35256.67500
35944.19700 35586.63950 35226.41250 36333.76900 35976.21150 35615.98450 36725.16650 36367.60900 36007.38200 35588.42400 35228.64800 34866.21450 35977.99600 35618.22000 35255.78650 36369.39350 36009.61750 35647.18400 35230.41700 34868.43850 34503.81550 35619.98900 35258.01050 34893.38750 36011.38650 35649.40800 35284.78500
35976.57600 35616.80000 35254.36650 36368.51600 36008.74000 35646.30650 36762.26350 36402.48750 36040.05400 35618.56900 35256.59050 34891.96750 36010.50900 35648.53050 35283.90750 36404.25650 36042.27800 35677.65500 35258.34450 34894.18000 34527.38350 35650.28450 35286.12000 34919.32350 36044.03200 35679.86750 35313.07100
36009.10100 35647.12250 35282.49950 36403.39050 36041.41200 35676.78900 36799.47000 36437.49150 36072.86850 35648.87650 35284.71200 34917.91550 36043.16600 35679.00150 35312.20500 36439.24550 36075.08100 35708.28450 35286.45050 34920.11700 34551.16350 35680.74000 35314.40650 34945.45300 36076.81950 35710.48600 35341.53250
36041.76950 35677.60500 35310.80850 36438.39000 36074.22550 35707.42900 36836.78150 36472.61700 36105.82050 35679.34350 35313.01000 34944.05650 36075.96400 35709.63050 35340.67700 36474.35550 36108.02200 35739.06850 35314.73400 34946.24650 34575.15300 35711.35450 35342.86700 34971.77350 36109.74600 35741.25850 35370.16500
36074.57950 35708.24600 35339.29250 36473.51100 36107.17750 35738.22400 36874.19600 36507.86250 36138.90900 35709.97000 35341.48250 34970.38900 36108.90150 35740.41400 35369.32050 36509.58650 36141.09900 35770.00550 35343.19250 34972.56850 34599.35100 35742.12400 35371.50000 34998.28250 36142.80900 35772.18500 35398.96750
36107.52800 35739.04050 35367.94700 36508.75250 36140.26500 35769.17150 36911.71100 36543.22350 36172.13000 35740.75050 35370.12650 34996.90900 36141.97500 35771.35100 35398.13350 36544.93350 36174.30950 35801.09200 35371.82200 34999.07800 34623.75450 35773.04650 35400.30250 35024.97900 36176.00500 35803.26100 35427.93750
36140.61250 35769.98850 35396.77100 36544.11000 36173.48600 35800.26850 36949.32350 36578.69950 36205.48200 35771.68400 35398.94000 35023.61650 36175.18150 35802.43750 35427.11400 36580.39500 36207.65100 35832.32750 35400.62150 35025.77500 34648.36200 35804.11900 35429.27250 35051.85950 36209.33250 35834.48600 35457.07300
36173.83050 35801.08650 35425.76300 36579.58150 36206.83750 35831.51400 36987.03000 36614.28600 36238.96250 35802.76800 35427.92150 35050.50850 36208.51900 35833.67250 35456.25950 36615.96750 36241.12100 35863.70800 35429.58950 35052.65700 34673.17150 35835.34050 35458.40800 35078.92250 36242.78900 35865.85650 35486.37100
36207.17850 35832.33200 35454.91900 36615.16400 36240.31750 35862.90450 37024.82750 36649.98100 36272.56800 35834.00000 35457.06750 35077.58200 36241.98550 35865.05300 35485.56750 36651.64900 36274.71650 35895.23100 35458.72200 35079.72050 34698.17900 35866.70750 35487.70600 35106.16450 36276.37100 35897.36950 35515.82800
36240.65600 35863.72350 35484.23800 36650.85600 36273.92350 35894.43800 37062.71450 36685.78200 36306.29650 35865.37800 35486.37650 35104.83500 36275.57800 35896.57650 35515.03500 36687.43650 36308.43500 35926.89350 35488.01700 35106.96450 34723.38550 35898.21700 35517.16450 35133.58550 36310.07550 35929.02300 35545.44400
36274.25900 35895.25750 35513.71600 36686.65350 36307.65200 35926.11050 37100.68700 36721.68550 36340.14400 35896.89800 35515.84550 35132.26650 36309.29250 35928.24000 35544.66100 36723.32600 36342.27350 35958.69450 35517.47300 35134.38650 34748.78700 35929.86750 35546.78100 35161.18150 36343.90100 35960.81450 35575.21500
36307.98350 35926.93100 35543.35200 36722.55250 36341.50000 35957.92100 37138.74150 36757.68900 36374.11000 35928.55850 35545.47200 35159.87250 36343.12750 35960.04100 35574.44150 36759.31650 36376.23000 35990.63050 35547.08650 35161.98300 34774.38100 35961.65550 35576.55200 35188.95000 36377.84450 35992.74100 35605.13900
36341.82900 35958.74250 35573.14300 36758.55250 36375.46600 35989.86650 37176.87600 36793.78950 36408.19000 35960.35700 35575.25350 35187.65150 36377.08050 35991.97700 35604.37500 36795.40400 36410.30050 36022.69850 35576.85550 35189.75300 34800.16600 35993.57900 35606.47650 35216.88950 36411.90250 36024.80000 35635.21300
36375.79150 35990.68800 35603.08600 36794.64950 36409.54600 36021.94400 37215.08700 36829.98350 36442.38150 35992.29000 35605.18750 35215.60050 36411.14800 36024.04550 35634.45850 36831.58550 36444.48300 36054.89600 35606.77750 35217.69350 34826.13900 36025.63550 35636.55150 35244.99700 36446.07300 36056.98900 35665.43450
36409.86900 36022.76650 35633.17950 36830.84050 36443.73800 36054.15100 37253.37150 36866.26900 36476.68200 36024.35650 35635.27250 35243.71800 36445.32800 36056.24400 35664.68950 36867.85900 36478.77500 36087.22050 35636.84950 35245.80200 34852.29900 36057.82100 35666.77350 35273.27050 36480.35200 36089.30450 35695.80150
36444.05850 36054.97450 35663.42000 36867.12250 36478.03850 36086.48400 37291.72600 36902.64200 36511.08750 36056.55150 35665.50400 35272.00100 36479.61550 36088.56800 35695.06500 36904.21900 36513.17150 36119.66850 35667.06950 35274.07650 34878.64200 36090.13350 35697.14050 35301.70600 36514.73700 36121.74400 35726.30950
36478.35600 36087.30850 35693.80550 36903.49150 36512.44400 36118.94100 37330.14700 36939.09950 36545.59650 36088.87400 35695.88100 35300.44650 36514.00950 36121.01650 35725.58200 36940.66500 36547.67200 36152.23750 35697.43450 35302.51400 34905.16700 36122.57000 35727.64950 35330.30250 36549.22550 36154.30500 35756.95800
36512.75950 36119.76650 35724.33200 36939.94650 36546.95350 36151.51900 37368.63250 36975.63950 36580.20500 36121.32000 35726.39950 35329.05250 36548.50700 36153.58650 35756.23950 36977.19300 36582.27250 36184.92550 35727.94150 35331.11150 34931.87000 36155.12850 35758.29850 35359.05700 36583.81450 36186.98450 35787.74300
36547.26650 36152.34600 35754.99900 36976.48350 36581.56300 36184.21600 37407.17850 37012.25800 36614.91100 36153.88800 35757.05800 35357.81650 36583.10500 36186.27500 35787.03350 37013.80000 36616.97000 36217.72850 35758.58850 35359.86800 34958.75050 36187.80550 35789.08500 35387.96750 36618.50050 36219.78000 35818.66250
36581.87350 36185.04350 35785.80200 37013.09850 36616.26850 36217.02700 37445.78150 37048.95150 36649.71000 36186.57400 35787.85350 35386.73600 36617.79900 36219.07850 35817.96100 37050.48200 36651.76150 36250.64400 35789.37200 35388.77950 34985.80450 36220.59700 35820.00450 35417.02950 36653.28000 36252.68750 35849.71250
36616.57700 36217.85650 35816.73900 37049.78900 36651.06850 36249.95100 37484.43850 37085.71800 36684.60050 36219.37500 35818.78250 35415.80750 36652.58700 36251.99450 35849.01950 37087.23650 36686.64400 36283.66900 35820.29000 35417.84350 35013.03000 36253.50200 35851.05550 35446.24200 36688.15150 36285.70500 35880.89150
36651.37400 36250.78150 35847.80650 37086.55150 36685.95900 36282.98400 37523.14500 37122.55250 36719.57750 36252.28900 35849.84250 35445.02900 36687.46650 36285.02000 35880.20650 37124.06000 36721.61350 36316.80000 35851.33900 35447.05750 35040.42400 36286.51650 35882.23500 35475.60150 36723.11000 36318.82850 35912.19500
36686.26200 36283.81550 35879.00200 37123.38400 36720.93750 36316.12400 37561.90000 37159.45350 36754.64000 36285.31200 35881.03050 35474.39700 36722.43400 36318.15250 35911.51900 37160.95000 36756.66850 36350.03500 35882.51600 35476.41850 35067.98350 36319.63800 35913.54050 35505.10550 36758.15400 36352.05650 35943.62150
36721.23800 36316.95650 35910.32300 37160.28150 36756.00000 36349.36650 37600.69800 37196.41650 36789.78300 36318.44200 35912.34450 35503.90950 36757.48550 36351.38800 35942.95300 37197.90200 36791.80450 36383.36950 35913.81950 35505.92400 35095.70700 36352.86300 35944.96750 35534.75050 36793.27950 36385.38400 35975.16700
36756.29850 36350.20100 35941.76600 37197.24200 36791.14450 36382.70950 37639.53650 37233.43900 36825.00400 36351.67600 35943.78050 35533.56350 36792.61950 36384.72400 35974.50700 37234.91400 36827.01850 36416.80150 35945.24500 35535.57100 35123.59200 36386.18850 35976.51450 35564.53550 36828.48300 36418.80900 36006.83000
36791.44000 36383.54450 35973.32750 37234.26200 36826.36650 36416.14950 37678.41200 37270.51650 36860.29950 36385.00900 35975.33500 35563.35600 36827.83100 36418.15700 36006.17800 37271.98100 36862.30700 36450.32800 35976.78950 35565.35600 35151.63350 36419.61150 36008.17800 35594.45550 36863.76150 36452.32800 36038.60550
36826.65950 36416.98550 36005.00650 37271.33650 36861.66250 36449.68350 37717.32050 37307.64650 36895.66750 36418.44000 36007.00650 35593.28400 36863.11700 36451.68350 36037.96100 37309.10100 36897.66750 36483.94500 36008.45100 35595.27750 35179.83100 36453.12800 36039.95450 35624.50800 36899.11200 36485.93850 36070.49200
36861.95450 36450.52100 36036.79850 37308.46400 36897.03050 36483.30800 37756.25800 37344.82450 36931.10200 36451.96550 36038.79200 35623.34550 36898.47500 36485.30150 36069.85500 37346.26900 36933.09550 36517.64900 36040.22650 35625.33300 35208.18150 36486.73600 36071.84250 35654.69100 36934.53000 36519.63650 36102.48500
36897.32050 36484.14700 36068.70050 37345.63950 36932.46600 36517.01950 37795.22200 37382.04850 36966.60200 36485.58150 36070.68800 35653.53650 36933.90050 36519.00700 36101.85550 37383.48300 36968.58950 36551.43800 36072.11200 35655.51750 35236.68100 36520.43100 36103.83650 35685.00000 36970.01350 36553.41900 36134.58250
36932.75400 36517.86050 36100.70900 37382.86100 36967.96750 36550.81600 37834.20800 37419.31450 37002.16300 36519.28450 36102.69000 35683.85350 36969.39150 36552.79700 36133.96050 37420.73850 37004.14400 36585.30750 36104.10450 35685.82850 35265.32650 36554.21150 36135.93550 35715.43350 37005.55850 36587.28250 36166.78050
36968.25250 36551.65800 36132.82150 37420.12400 37003.52950 36584.69300 37873.21200 37456.61750 37037.78100 36553.07250 36134.79650 35714.29450 37004.94400 36586.66800 36166.16600 37458.03200 37039.75600 36619.25400 36136.20100 35716.26400 35294.11600 36588.07250 36168.13550 35745.98750 37041.16050 36621.22350 36199.07550
37003.81250 36585.53650 36165.03450 37457.42500 37039.14900 36618.64700 37912.23200 37493.95600 37073.45400 36586.94100 36167.00400 35744.85600 37040.55350 36620.61650 36198.46850 37495.36050 37075.42350 36653.27550 36168.39900 35746.81950 35323.04600 36622.01150 36200.43200 35776.65850 37076.81850 36655.23900 36231.46550
37039.43000 36619.49300 36197.34500 37494.76050 37074.82350 36652.67550 37951.26200 37531.32500 37109.17700 36620.88800 36199.30850 35775.53500 37076.21850 36654.63900 36230.86550 37532.72000 37111.14050 36687.36700 36200.69400 35777.49300 35352.11450 36656.02450 36232.82350 35807.44500 37112.52600 36689.32500 36263.94650
37075.10250 36653.52300 36229.74950 37532.12650 37110.54700 36686.77350 37990.30000 37568.72050 37144.94700 36654.90850 36231.70750 35806.32900 37111.93250 36688.73150 36263.35300 37570.10600 37146.90500 36721.52650 36233.08450 35808.28100 35381.31700 36690.10850 36265.30500 35838.34100 37148.28200 36723.47850 36296.51450
37110.82400 36687.62300 36262.24450 37569.51950 37146.31850 36720.94000 38029.34050 37606.13950 37180.76100 36689.00000 36264.19650 35837.23250 37147.69550 36722.89200 36295.92800 37607.51650 37182.71300 36755.74900 36265.56400 35839.17900 35410.65050 36724.25950 36297.87450 35869.34600 37184.08050 36757.69550 36329.16700
37146.59450 36721.79100 36294.82700 37606.93700 37182.13350 36755.16950 38068.38100 37643.57750 37216.61350 36723.15850 36296.77350 35868.24500 37183.50100 36757.11600 36328.58750 37644.94500 37218.56000 36790.03150 36298.13250 35870.18600 35440.11300 36758.47500 36330.52850 35900.45550 37219.91900 36791.97250 36361.89950
37182.40700 36756.02200 36327.49350 37644.37250 37217.98750 36789.45900 38107.41650 37681.03150 37252.50300 36757.38100 36329.43450 35899.36150 37219.34650 36791.40000 36361.32700 37682.39050 37254.44400 36824.37100 36330.78500 35901.29750 35469.70050 36792.75050 36363.26300 35931.66600 37255.79450 36826.30700 36394.71000
37218.25950 36790.31300 36360.24000 37681.82500 37253.87850 36823.80550 38146.44350 37718.49700 37288.42400 36791.66350 36362.17600 35930.57900 37255.22900 36825.74150 36394.14450 37719.84750 37290.36000 36858.76300 36363.51700 35932.51000 35499.40850 36827.08250 36396.07550 35962.97400 37291.70100 36860.69400 36427.59250
37254.14850 36824.66100 36393.06400 37719.28850 37289.80100 36858.20400 38185.45850 37755.97100 37324.37400 36826.00200 36394.99500 35961.89350 37291.14200 36860.13500 36427.03350 37757.31200 37326.30500 36893.20350 36396.32750 35963.82000 35529.23650 36861.46750 36428.96000 35994.37650 37327.63750 36895.13000 36460.54650
37290.06900 36859.06200 36425.96050 37756.75950 37325.75250 36892.65100 38224.45600 37793.44900 37360.34750 36860.39450 36427.88700 35993.30350 37327.08500 36894.57750 36459.99400 37794.78150 37362.27400 36927.69050 36429.21150 35995.22500 35559.17900 36895.90200 36461.91550 36025.86950 37363.59850 36929.61200 36493.56600
37326.01850 36893.51100 36458.92750 37794.23450 37361.72700 36927.14350 38263.43350 37830.92600 37396.34250 36894.83550 36460.84900 36024.80300 37363.05150 36929.06500 36493.01900 37832.25050 37398.26400 36962.21800 36462.16500 36026.72000 35589.23350 36930.38100 36494.93600 36057.44950 37399.58000 36964.13500 36526.64850
37361.99200 36928.00550 36491.95950 37831.71000 37397.72350 36961.67750 38302.38550 37868.39900 37432.35300 36929.32150 36493.87650 36056.39000 37399.03950 36963.59450 36526.10800 37869.71500 37434.27000 36996.78350 36495.18450 36058.30250 35619.39550 36964.90250 36528.02050 36089.11350 37435.57800 36998.69600 36559.78900
37397.98650 36962.54150 36525.05500 37869.18100 37433.73600 36996.24950 38341.30850 37905.86350 37468.37700 36963.84950 36526.96750 36088.06050 37435.04400 36998.16200 36559.25500 37907.17150 37470.28950 37031.38250 36528.26750 36089.96900 35649.66300 36999.46200 36561.16350 36120.85750 37471.58950 37033.29100 36592.98500
37433.99750 36997.11550 36558.20850 37906.64350 37469.76150 37030.85450 38380.19800 37943.31600 37504.40900 36998.41550 36560.11700 36119.81100 37471.06150 37032.76300 36592.45700 37944.61600 37506.31750 37066.01150 36561.40850 36121.71500 35680.03200 37034.05450 36594.36100 36152.67800 37507.60900 37067.91550 36626.23250
37470.02150 37031.72300 36591.41700 37944.09400 37505.79550 37065.48950 38419.05000 37980.75150 37540.44550 37033.01450 36593.32100 36151.63800 37507.08700 37067.39350 36625.71050 37982.04300 37542.34950 37100.66650 36594.60550 36153.53800 35710.49850 37068.67800 36627.61050 36184.57100 37543.63400 37102.56650 36659.52700
37506.05300 37066.35950 36624.67650 37981.52700 37541.83350 37100.15050 38457.85950 38018.16600 37576.48300 37067.64400 36626.57650 36183.53700 37543.11800 37102.05050 36659.01100 38019.45050 37578.38300 37135.34350 36627.85250 36185.43300 35741.05900 37103.32650 36660.90700 36216.53300 37579.65900 37137.23950 36692.86550
37542.09000 37101.02250 36657.98300 38018.94000 37577.87250 37134.83300 38496.62300 38055.55550 37612.51600 37102.29850 36659.87900 36215.50500 37579.14850 37136.72900 36692.35500 38056.83150 37614.41200 37170.03800 36661.14800 36217.39700 35771.71050 37137.99800 36694.24700 36248.56050 37615.68100 37171.93000 36726.24350
37578.12650 37135.70700 36691.33300 38056.32650 37613.90700 37169.53300 38535.33450 38092.91500 37648.54100 37136.97600 36693.22500 36247.53850 37615.17600 37171.42500 36725.73850 38094.18400 37650.43300 37204.74650        nan        nan        nan        nan        nan        nan        nan        nan        nan
