 380.36937  380.32673    0.00000    0.00000    0.00000    0.00000    0.00000    0.00000    0.00000
 380.40707  380.32173  380.27911  380.46570  380.37498    0.00000    0.00000    0.00000    0.00000
 380.43982  380.31168  380.22639  380.49888  380.36266  380.27198  380.55410  380.40369    0.00000
 380.46754  380.29647  380.16843  380.52587  380.34402  380.20790  380.57954  380.37946  380.22919
 380.49010  380.27593  380.10504  380.54656  380.31894  380.13729  380.59706  380.34765  380.14781
 380.50734  380.24989  380.03599  380.56083  380.28733  380.06002  380.60692  380.30853  380.05949
 380.51908  380.21817  379.96111  380.56860  380.24914  379.97608  380.60935  380.26237  379.96452
 380.52515  380.18058  379.88020  380.56980  380.20431  379.88546  380.60458  380.20934  379.86308
 380.52540  380.13698  379.79311  380.56442  380.15289  379.78820  380.59280  380.14963  379.75533
 380.51968  380.08724  379.69971  380.55247  380.09488  379.68436  380.57413  380.08335  379.64136
 380.50785  380.03126  379.59994  380.53394  380.03034  379.57401  380.54872  380.01059  379.52126
 380.48984  379.96896  379.49372  380.50885  379.95928  379.45720  380.51660  379.93141  379.39503
 380.46554  379.90027  379.38100  380.47720  379.88174  379.33399  380.47789  379.84585  379.26272
 380.43491  379.82516  379.26178  380.43904  379.79777  379.20444  380.43259  379.75397  379.12434
 380.39789  379.74362  379.13608  380.39435  379.70736  379.06855  380.38077  379.65575  378.97990
 380.35445  379.65559  379.00387  380.34319  379.61056  378.92640  380.32244  379.55124  378.82938
 380.30457  379.56113  378.86518  380.28553  379.50738  378.77797  380.25764  379.44044  378.67281
 380.24821  379.46018  378.72003  380.22139  379.39785  378.62333  380.18637  379.32338  378.51019
 380.18538  379.35278  378.56845  380.15080  379.28197  378.46249  380.10866  379.20004  378.34151
 380.11608  379.23894  378.41048  380.07374  379.15976  378.29544  380.02451  379.07046  378.16680
 380.04029  379.11867  378.24612  379.99025  379.03123  378.12225  379.93394  378.93463  377.98604
 379.95802  378.99197  378.07542  379.90031  378.89642  377.94291  379.83695  378.79258  377.79925
 379.86928  378.85889  377.89841  379.80395  378.75532  377.75746  379.73357  378.64428  377.60645
 379.77405  378.71941  377.71512  379.70116  378.60793  377.56589  379.62378  378.48979  377.40762
 379.67236  378.57357  377.52558  379.59196  378.45429  377.36822  379.50760  378.32909  377.20281
 379.56421  378.42138  377.32981  379.47636  378.29441  377.16449  379.38506  378.16220  376.99202
 379.44961  378.26286  377.12784  379.35437  378.12830  376.95472  379.25615  377.98915  376.77526
 379.32858  378.09804  376.91972  379.22599  377.95597  376.73892  379.12089  377.80992  376.55254
 379.20112  377.92694  376.70547  379.09125  377.77747  376.51712  378.97928  377.62457  376.32391
 379.06724  377.74957  376.48511  378.95013  377.59277  376.28933  378.83134  377.43305  376.08935
 378.92698  377.56596  376.25869  378.80268  377.40191  376.05560  378.67708  377.23545  375.84890
 378.78032  377.37614  376.02622  378.64887  377.20491  375.81592  378.51651  377.03173  375.60258
 378.62728  377.18011  375.78775  378.48876  377.00178  375.57033  378.34965  376.82194  375.35040
 378.46790  376.97791  375.54329  378.32233  376.79256  375.31885  378.17651  376.60609  375.09240
 378.30216  376.76956  375.29289  378.14962  376.57725  375.06153  377.99711  376.38421  374.82861
 378.13010  376.55506  375.03655  377.97062  376.35587  374.79836  377.81145  376.15629  374.55903
 377.95175  376.33448  374.77434  377.78535  376.12845  374.52937  377.61956  375.92238  374.28369
 377.76709  376.10782  374.50626  377.59384  375.89501  374.25462  377.42146  375.68249  374.00264
 377.57617  375.87509  374.23236  377.39611  375.65559  373.97412  377.21716  375.43665  373.71588
 377.37900  375.63635  373.95266  377.19216  375.41018  373.68789  377.00667  375.18487  373.42346
 377.17559  375.39159  373.66721  376.98202  375.15883  373.39596  376.79004  374.92719  373.12538
 376.96597  375.14086  373.37601  376.76572  374.90156  373.09838  376.56724  374.66363  372.82169
 376.75015  374.88417  373.07911  376.54325  374.63838  372.79515  376.33834  374.39420  372.51243
 376.52816  374.62156  372.77655  376.31465  374.36932  372.48633  376.10333  374.11894  372.19760
 376.30003  374.35305  372.46836  376.07995  374.09443  372.17193  375.86224  373.83788  371.87725
 376.06575  374.07867  372.15456  375.83916  373.81373  371.85200  375.61510  373.55103  371.55142
 375.82539  373.79846  371.83520  375.59231  373.52721  371.52655  375.36193  373.25844  371.22011
 375.57893  373.51243  371.51029  375.33941  373.23496  371.19563  375.10274  372.96012  370.88338
 375.32642  373.22061  371.17991  375.08049  372.93695  370.85928  374.83757  372.65610  370.54125
 375.06789  372.92306  370.84405  374.81558  372.63325  370.51751  374.56643  372.34642  370.19377
 374.80333  372.61977  370.50276  374.54469  372.32386  370.17037  374.28937  372.03110  369.84096
 374.53281  372.31079  370.15608  374.26788  372.00884  369.81789  374.00638  371.71019  369.48285
 374.25632  371.99615  369.80404  373.98513  371.68820  369.46010  373.71753  371.38370  369.11950
 373.97392  371.67589  369.44669  373.69651  371.36198  369.09705  373.42280  371.05166  368.75091
 373.68560  371.35003  369.08404  373.40201  371.03021  368.72876  373.12226  370.71412  368.37714
 373.39142  371.01860  368.71615  373.10169  370.69291  368.35529  372.81593  370.37110  367.99823
 373.09139  370.68166  368.34305  372.79557  370.35015  367.97665  372.50380  370.02264  367.61420
 372.78554  370.33920  367.96478  372.48367  370.00192  367.59289  372.18596  369.66877  367.22510
 372.47392  369.99129  367.58137  372.16602  369.64830  367.20406  371.86241  369.30952  366.83095
 372.15654  369.63796  367.19287  371.84266  369.28927  366.81019  371.53317  368.94494  366.43183
 371.83344  369.27923  366.79931  371.51362  368.92491  366.41130  371.19829  368.57505  366.02774
 371.50464  368.91514  366.40074  371.17894  368.55524  366.00745  370.85778  368.19989  365.61871
 371.17020  368.54575  365.99719  370.83862  368.18030  365.59867  370.51171  367.81949  365.20482
 370.83013  368.17107  365.58871  370.49272  367.80010  365.18501  370.16009  367.43392  364.78609
 370.48446  367.79114  365.17533  370.14127  367.41472  364.76649  369.80295  367.04318  364.36256
 370.13323  367.40600  364.75709  369.78430  367.02417  364.34318  369.44032  366.64731  363.93427
 369.77648  367.01569  364.33404  369.42186  366.62849  363.91510  369.07228  366.24638  363.50127
 369.41424  366.62025  363.90622  369.05397  366.22774  363.48229  368.69881  365.84039  363.06357
 369.04655  366.21972  363.47366  368.68067  365.82194  363.04482  368.31997  365.42941  362.62127
 368.67344  365.81413  363.03642  368.30198  365.41113  362.60270  367.93579  365.01345  362.17436
 368.29495  365.40353  362.59453  367.91796  364.99535  362.15598  367.54631  364.59258  361.72290
 367.91112  364.98797  362.14804  367.52863  364.57465  361.70470  367.15158  364.16682  361.26695
 367.52197  364.56745  361.69698  367.13404  364.14905  361.24893  366.75163  363.73622  360.80651
 367.12757  364.14206  361.24141  366.73424  363.71861  360.78868  366.34649  363.30083  360.34167
 366.72793  363.71181  360.78138  366.32924  363.28338  360.32400  365.93621  362.86067  359.87246
 366.32310  363.27675  360.31691  365.91909  362.84337  359.85496  365.52082  362.41580  359.39891
 365.91312  362.83693  359.84805  365.50384  362.39865  359.38158  365.10037  361.96625  358.92108
 365.49803  362.39238  359.37486  365.08353  361.94925  358.90391  364.67490  361.51208  358.43900
 365.07787  361.94315  358.89737  364.65819  361.49522  358.42199  364.24444  361.05332  357.95274
 364.65268  361.48929  358.41564  364.22786  361.03660  357.93588  363.80906  360.59002  357.46233
 364.22250  361.03083  357.92970  363.79259  360.57343  357.44561  363.36876  360.12221  356.96780
 363.78738  360.56781  357.43960  363.35242  360.10576  356.95123  362.92361  359.64996  356.46923
 363.34735  360.10030  356.94538  362.90740  359.63364  356.45280  362.47367  359.17329  355.96664
 362.90246  359.62832  356.44711  362.45756  359.15710  355.95035  362.01894  358.69227  355.46008
 362.45276  359.15193  355.94482  362.00296  358.67620  355.44394  361.55950  358.20692  354.94962
 361.99828  358.67117  355.43855  361.54363  358.19099  354.93361  361.09537  357.71731  354.43528
 361.53908  358.18609  354.92837  361.07962  357.70149  354.41940  360.62661  357.22346  353.91712
 361.07519  357.69672  354.41430  360.61097  357.20777  353.90137  360.15326  356.72543  353.39517
 360.60667  357.20314  353.89641  360.13773  356.70986  353.37955  359.67537  356.22328  352.86951
 360.13354  356.70536  353.37474  359.65994  356.20783  352.85402  359.19298  355.71705  352.34016
 359.65588  356.20345  352.84934  359.17767  355.70171  352.32480  358.70615  355.20677  351.80719
 359.17371  355.69745  352.32023  358.69094  355.19154  351.79194  358.21491  354.69251  351.27063
 358.68709  355.18740  351.78751  358.19980  354.67739  351.25550  357.71932  354.17430  350.73054
 358.19606  354.67337  351.25120  357.70430  354.15929  350.71553  357.21942  353.65222  350.18696
 357.70067  354.15539  350.71134  357.20449  353.63730  350.17206  356.71526  353.12628  349.63996
 357.20097  353.63351  350.16800  356.70043  353.11147  349.62516  356.20689  352.59655  349.08956
 356.69701  353.10778  349.62121  356.19216  352.58185  349.07488  355.69436  352.06308  348.53583
 356.18884  352.57827  349.07104  355.67972  352.04847  348.52125  355.17771  351.52590  347.97881
 355.67649  352.04499  348.51752  355.16316  351.51140  347.96434  354.65700  350.98509  347.41855
 355.16004  351.50802  347.96071  354.64255  350.97068  347.40419  354.13228  350.44067  346.85511
 354.63951  350.96740  347.40066  354.11791  350.42637  346.84084  353.60360  349.89272  346.28853
 354.11497  350.42319  346.83743  353.58932  349.87850  346.27437  353.07100  349.34128  345.71887
 353.58646  349.87541  346.27105  353.05681  349.32715  345.70479  352.53454  348.78638  345.14617
 353.05404  349.32415  345.70158  352.52044  348.77235  345.13219  351.99427  348.22810  344.57048
 352.51775  348.76944  345.12906  351.98026  348.21415  344.55660  351.45025  347.66647  343.99186
 351.97765  348.21134  344.55357  351.43631  347.65262  343.97807  350.90251  347.10156  343.41035
 351.43380  347.64989  343.97514  350.88866  347.08779  343.39666  350.35113  346.53340  342.82601
 350.88622  347.08515  343.39381  350.33735  346.51972  342.81241  349.79615  345.96208  342.23890
 350.33500  346.51716  342.80965  349.78245  345.94847  342.22538  349.23761  345.38761  341.64905
 349.78017  345.94599  342.22271  349.22399  345.37409  341.63563  348.67558  344.81006  341.05653
 349.22178  345.37169  341.63303  348.66203  344.79661  341.04318  348.11010  344.22947  340.46137
 348.65990  344.79429  341.04068  348.09664  344.21612  340.44812  347.54124  343.64592  339.86364
 348.09457  344.21387  340.44569  347.52784  343.63265  339.85048  346.96903  343.05944  339.26339
 347.52585  343.63047  339.84812  346.95571  343.04624  339.25031  346.39355  342.47008  338.66067
 346.95380  343.04414  339.24803  346.38030  342.45696  338.64766  345.81483  341.87792  338.05551
 346.37845  342.45493  338.64545  345.80166  341.86487  338.04259  345.23294  341.28298  337.44800
 345.79988  341.86292  338.04047  345.21985  341.27001  337.43516  344.64794  340.68533  336.83817
 345.21813  341.26812  337.43310  344.63491  340.67244  336.82540  344.05986  340.08502  336.22607
 344.63325  340.67062  336.82342  344.04690  340.07220  336.21338  343.46879  339.48212  335.61176
 344.04532  340.07045  336.21147  343.45589  339.46937  335.59914  342.87475  338.87667  334.99529
 343.45437  339.46768  335.59730  342.86192  338.86398  334.98274  342.27782  338.26871  334.37671
 342.86047  338.86236  334.98097  342.26506  338.25610  334.36425  341.67804  337.65831  333.75608
 342.26365  338.25454  334.36253  341.66535  337.64577  333.74368  341.07547  337.04552  333.13344
 341.66400  337.64427  333.74203  341.06285  337.03306  333.12111  340.47018  336.43040  332.50884
 341.06156  337.03161  333.11952  340.45761  336.41800  332.49659  339.86220  335.81300  331.88234
 340.45638  336.41662  332.49506  339.84970  335.80066  331.87016  339.25161  335.19337  331.25401
 339.84853  335.79934  331.86870  339.23918  335.18110  331.24189  338.63845  334.57157  330.62387
 339.23805  335.17983  331.24048  338.62608  334.55936  330.61182  338.02279  333.94764  329.99199
 338.62501  334.55815  330.61047  338.01047  333.93550  329.98001  337.40467  333.32166  329.35842
 338.00946  333.93435  329.97871  337.39242  333.30958  329.34650  336.78415  332.69366  328.72321
 337.39146  333.30848  329.34527  336.77197  332.68165  328.71136  336.16131  332.06371  328.08641
 336.77105  332.68060  328.71017  336.14918  332.05176  328.07462  335.53618  331.43186  327.44807
 336.14831  332.05076  328.07350  335.52410  331.41997  327.43636  334.90883  330.79817  326.80826
 335.52329  331.41902  327.43527  334.89681  330.78633  326.79660  334.27930  330.16269  326.16702
 334.89604  330.78544  326.79558  334.26735  330.15092  326.15542  333.64767  329.52546  325.52440
 334.26662  330.15006  326.15444  333.63577  329.51375  325.51286  333.01398  328.88655  324.88044
 333.63510  329.51294  325.51193  333.00214  328.87490  324.86897  332.37831  328.24602  324.23522
 333.00151  328.87415  324.86809  332.36651  328.23442  324.22380  331.74068  327.60391  323.58877
 332.36593  328.23371  324.22298  331.72895  327.59237  323.57742  331.10119  326.96029  322.94117
 331.72841  327.59171  323.57664  331.08950  326.94880  322.92985  330.45986  326.31521  322.29243
 331.08900  326.94818  322.92912  330.44822  326.30377  322.28118  329.81677  325.66871  321.64263
 330.44778  326.30320  322.28049  329.80519  325.65732  321.63144  329.17196  325.02086  320.99182
 329.80477  325.65680  321.63080  329.16045  325.00953  320.98068  328.52551  324.37170  320.34004
 329.16007  325.00904  320.98008  328.51404  324.36044  320.32896  327.87746  323.72130  319.68735
 328.51371  324.35999  320.32840  327.86604  323.71009  319.67633  327.22787  323.06972  319.03380
 327.86575  323.70968  319.67581  327.21651  323.05855  319.02283  326.57681  322.41699  318.37945
 327.21625  323.05819  319.02236  326.56549  322.40589  318.36853  325.92432  321.76319  317.72434
 326.56527  322.40555  318.36810  325.91305  321.75212  317.71347  325.27046  321.10835  317.06852
 325.91287  321.75183  317.71308  325.25924  321.09734  317.05770  324.61531  320.45255  316.41205
 325.25910  321.09708  317.05735  324.60414  320.44158  316.40129  323.95889  319.79581  315.75497
 324.60403  320.44137  316.40097  323.94777  319.78491  315.74426  323.30129  319.13822  315.09735
 323.94770  319.78473  315.74398  323.29022  319.12736  315.08669  322.64255  318.47982  314.43922
 323.29018  319.12722  315.08645  322.63152  318.46900  314.42861  321.98272  317.82066  313.78064
 322.63152  318.46890  314.42840  321.97174  317.80989  313.77008  321.32188  317.16079  313.12166
 321.97178  317.80982  313.76991  321.31096  317.15007  313.11116  320.66008  316.50028  312.46234
 321.31102  317.15004  313.11102  320.64920  316.48961  312.45188  319.99737  315.83917  311.80272
 320.64929  316.48960  312.45177  319.98653  315.82855  311.79230  319.33381  315.17752  311.14285
 319.98666  315.82857  311.79223  319.32301  315.16694  311.13248  318.66946  314.51539  310.48279
 319.32317  315.16700  311.13244  318.65871  314.50485  310.47246  318.00436  313.85280  309.82257
 318.65889  314.50494  310.47245  317.99366  313.84233  309.81230  317.33859  313.18985  309.16226
 317.99388  313.84245  309.81232  317.32793  313.17941  309.15203  316.67220  312.52657  308.50190
 317.32818  313.17957  309.15209  316.66158  312.51617  308.49171  316.00524  311.86301  307.84154
 316.66186  312.51636  308.49180  315.99466  311.85266  307.83140  315.33777  311.19924  307.18125
 315.99497  311.85287  307.83152  315.32724  311.18892  307.17115  314.66985  310.53529  306.52104
 315.32757  311.18916  307.17130  314.65936  310.52502  306.51099  314.00153  309.87122  305.86100
 314.65973  310.52529  306.51117  313.99108  309.86100  305.85099  313.33287  309.20709  305.20115
 313.99147  309.86130  305.85119  313.32247  309.19691  305.19119  312.66393  308.54296  304.54155
 313.32288  309.19724  305.19142  312.65356  308.53282  304.53163  311.99477  307.87887  303.88226
 312.65400  308.53316  304.53189  311.98444  307.86876  303.87237  311.32542  307.21487  303.22331
 311.98491  307.86914  303.87266  311.31514  307.20481  303.21347  310.65596  306.55101  302.56476
   0.00000  307.20521  303.21378    0.00000  306.54099  302.55496    0.00000  305.88736  301.90666
