3.050000e+002 1.650000e+002
3.050100e+002 1.610000e+002
3.050200e+002 1.580000e+002
3.050300e+002 1.636000e+002
3.050400e+002 1.600000e+002
3.050500e+002 1.600000e+002
3.050600e+002 1.570000e+002
3.050700e+002 1.588000e+002
3.050800e+002 1.608000e+002
3.050900e+002 1.624000e+002
3.051000e+002 1.590000e+002
3.051100e+002 1.614000e+002
3.051200e+002 1.608000e+002
3.051300e+002 1.628000e+002
3.051400e+002 1.628000e+002
3.051500e+002 1.640000e+002
3.051600e+002 1.646000e+002
3.051700e+002 1.642000e+002
3.051800e+002 1.646000e+002
3.051900e+002 1.634000e+002
3.052000e+002 1.630000e+002
3.052100e+002 1.600000e+002
3.052200e+002 1.648000e+002
3.052300e+002 1.650000e+002
3.052400e+002 1.612000e+002
3.052500e+002 1.604000e+002
3.052600e+002 1.576000e+002
3.052700e+002 1.562000e+002
3.052800e+002 1.600000e+002
3.052900e+002 1.556000e+002
3.053000e+002 1.562000e+002
3.053100e+002 1.498000e+002
3.053200e+002 1.518000e+002
3.053300e+002 1.538000e+002
3.053400e+002 1.560000e+002
3.053500e+002 1.586000e+002
3.053600e+002 1.552000e+002
3.053700e+002 1.558000e+002
3.053800e+002 1.612000e+002
3.053900e+002 1.680000e+002
3.054000e+002 1.652000e+002
3.054100e+002 1.638000e+002
3.054200e+002 1.698000e+002
3.054300e+002 1.688000e+002
3.054400e+002 1.698000e+002
3.054500e+002 1.710000e+002
3.054600e+002 1.676000e+002
3.054700e+002 1.778000e+002
3.054800e+002 1.932000e+002
3.054900e+002 2.102000e+002
3.055000e+002 2.240000e+002
3.055100e+002 2.326000e+002
3.055200e+002 2.396000e+002
3.055300e+002 2.436000e+002
3.055400e+002 2.576000e+002
3.055500e+002 2.672000e+002
3.055600e+002 2.842000e+002
3.055700e+002 2.860000e+002
3.055800e+002 2.900000e+002
3.055900e+002 2.908000e+002
3.056000e+002 2.990000e+002
3.056100e+002 3.150000e+002
3.056200e+002 2.990000e+002
3.056300e+002 2.924000e+002
3.056400e+002 2.928000e+002
3.056500e+002 2.832000e+002
3.056600e+002 2.812000e+002
3.056700e+002 2.664000e+002
3.056800e+002 2.626000e+002
3.056900e+002 2.326000e+002
3.057000e+002 2.266000e+002
3.057100e+002 2.230000e+002
3.057200e+002 2.310000e+002
3.057300e+002 2.360000e+002
3.057400e+002 2.412000e+002
3.057500e+002 2.386000e+002
3.057600e+002 2.348000e+002
3.057700e+002 2.312000e+002
3.057800e+002 2.160000e+002
3.057900e+002 2.092000e+002
3.058000e+002 2.118000e+002
3.058100e+002 2.068000e+002
3.058200e+002 2.086000e+002
3.058300e+002 2.110000e+002
3.058400e+002 2.182000e+002
3.058500e+002 2.208000e+002
3.058600e+002 2.274000e+002
3.058700e+002 2.216000e+002
3.058800e+002 2.178000e+002
3.058900e+002 2.252000e+002
3.059000e+002 2.300000e+002
3.059100e+002 2.446000e+002
3.059200e+002 2.606000e+002
3.059300e+002 2.826000e+002
3.059400e+002 2.900000e+002
3.059500e+002 2.864000e+002
3.059600e+002 2.956000e+002
3.059700e+002 3.062000e+002
3.059800e+002 3.076000e+002
3.059900e+002 3.024000e+002
3.060000e+002 3.218000e+002
3.060100e+002 3.166000e+002
3.060200e+002 3.180000e+002
3.060300e+002 3.088000e+002
3.060400e+002 3.016000e+002
3.060500e+002 2.942000e+002
3.060600e+002 2.824000e+002
3.060700e+002 2.718000e+002
3.060800e+002 2.602000e+002
3.060900e+002 2.546000e+002
3.061000e+002 2.506000e+002
3.061100e+002 2.478000e+002
3.061200e+002 2.536000e+002
3.061300e+002 2.598000e+002
3.061400e+002 2.384000e+002
3.061500e+002 2.370000e+002
3.061600e+002 2.362000e+002
3.061700e+002 2.394000e+002
3.061800e+002 2.484000e+002
3.061900e+002 2.560000e+002
3.062000e+002 2.498000e+002
3.062100e+002 2.418000e+002
3.062200e+002 2.334000e+002
3.062300e+002 2.346000e+002
3.062400e+002 2.382000e+002
3.062500e+002 2.262000e+002
3.062600e+002 2.240000e+002
3.062700e+002 2.262000e+002
3.062800e+002 2.218000e+002
3.062900e+002 2.214000e+002
3.063000e+002 2.196000e+002
3.063100e+002 2.046000e+002
3.063200e+002 2.004000e+002
3.063300e+002 1.888000e+002
3.063400e+002 1.980000e+002
3.063500e+002 2.066000e+002
3.063600e+002 2.188000e+002
3.063700e+002 2.274000e+002
3.063800e+002 2.288000e+002
3.063900e+002 2.168000e+002
3.064000e+002 2.126000e+002
3.064100e+002 2.208000e+002
3.064200e+002 2.146000e+002
3.064300e+002 2.128000e+002
3.064400e+002 2.228000e+002
3.064500e+002 2.204000e+002
3.064600e+002 2.252000e+002
3.064700e+002 2.156000e+002
3.064800e+002 2.154000e+002
3.064900e+002 2.064000e+002
3.065000e+002 1.886000e+002
3.065100e+002 1.834000e+002
3.065200e+002 1.790000e+002
3.065300e+002 1.758000e+002
3.065400e+002 1.754000e+002
3.065500e+002 1.806000e+002
3.065600e+002 1.780000e+002
3.065700e+002 1.816000e+002
3.065800e+002 1.860000e+002
3.065900e+002 1.886000e+002
3.066000e+002 1.826000e+002
3.066100e+002 1.854000e+002
3.066200e+002 1.922000e+002
3.066300e+002 1.912000e+002
3.066400e+002 1.966000e+002
3.066500e+002 2.076000e+002
3.066600e+002 2.072000e+002
3.066700e+002 2.088000e+002
3.066800e+002 2.146000e+002
3.066900e+002 2.094000e+002
3.067000e+002 2.096000e+002
3.067100e+002 2.112000e+002
3.067200e+002 1.976000e+002
3.067300e+002 1.956000e+002
3.067400e+002 1.938000e+002
3.067500e+002 1.996000e+002
3.067600e+002 1.972000e+002
3.067700e+002 1.978000e+002
3.067800e+002 2.004000e+002
3.067900e+002 1.900000e+002
3.068000e+002 1.842000e+002
3.068100e+002 1.784000e+002
3.068200e+002 1.758000e+002
3.068300e+002 1.800000e+002
3.068400e+002 1.776000e+002
3.068500e+002 1.896000e+002
3.068600e+002 1.944000e+002
3.068700e+002 1.904000e+002
3.068800e+002 1.882000e+002
3.068900e+002 1.884000e+002
3.069000e+002 1.820000e+002
3.069100e+002 1.798000e+002
3.069200e+002 1.766000e+002
3.069300e+002 1.836000e+002
3.069400e+002 1.832000e+002
3.069500e+002 2.066000e+002
3.069600e+002 2.068000e+002
3.069700e+002 1.970000e+002
3.069800e+002 2.024000e+002
3.069900e+002 2.166000e+002
3.070000e+002 2.230000e+002
3.070100e+002 2.234000e+002
3.070200e+002 2.314000e+002
3.070300e+002 2.176000e+002
3.070400e+002 2.104000e+002
3.070500e+002 2.122000e+002
3.070600e+002 2.232000e+002
3.070700e+002 2.260000e+002
3.070800e+002 2.070000e+002
3.070900e+002 1.994000e+002
3.071000e+002 1.976000e+002
3.071100e+002 2.014000e+002
3.071200e+002 1.886000e+002
3.071300e+002 1.766000e+002
3.071400e+002 1.972000e+002
3.071500e+002 2.046000e+002
3.071600e+002 2.046000e+002
3.071700e+002 2.196000e+002
3.071800e+002 2.278000e+002
3.071900e+002 2.284000e+002
3.072000e+002 2.228000e+002
3.072100e+002 2.270000e+002
3.072200e+002 2.324000e+002
3.072300e+002 2.284000e+002
3.072400e+002 2.228000e+002
3.072500e+002 2.268000e+002
3.072600e+002 2.160000e+002
3.072700e+002 2.180000e+002
3.072800e+002 2.066000e+002
3.072900e+002 2.048000e+002
3.073000e+002 2.138000e+002
3.073100e+002 2.182000e+002
3.073200e+002 2.262000e+002
3.073300e+002 2.306000e+002
3.073400e+002 2.332000e+002
3.073500e+002 2.422000e+002
3.073600e+002 2.456000e+002
3.073700e+002 2.414000e+002
3.073800e+002 2.474000e+002
3.073900e+002 2.422000e+002
3.074000e+002 2.532000e+002
3.074100e+002 2.464000e+002
3.074200e+002 2.474000e+002
3.074300e+002 2.296000e+002
3.074400e+002 2.158000e+002
3.074500e+002 1.992000e+002
3.074600e+002 1.930000e+002
3.074700e+002 2.094000e+002
3.074800e+002 2.244000e+002
3.074900e+002 2.248000e+002
3.075000e+002 2.346000e+002
3.075100e+002 2.140000e+002
3.075200e+002 2.218000e+002
3.075300e+002 2.246000e+002
3.075400e+002 2.206000e+002
3.075500e+002 2.180000e+002
3.075600e+002 2.200000e+002
3.075700e+002 2.246000e+002
3.075800e+002 2.286000e+002
3.075900e+002 2.188000e+002
3.076000e+002 2.156000e+002
3.076100e+002 2.030000e+002
3.076200e+002 1.898000e+002
3.076300e+002 1.840000e+002
3.076400e+002 1.884000e+002
3.076500e+002 1.866000e+002
3.076600e+002 2.034000e+002
3.076700e+002 2.212000e+002
3.076800e+002 2.336000e+002
3.076900e+002 2.340000e+002
3.077000e+002 2.344000e+002
3.077100e+002 2.322000e+002
3.077200e+002 2.384000e+002
3.077300e+002 2.364000e+002
3.077400e+002 2.396000e+002
3.077500e+002 2.314000e+002
3.077600e+002 2.288000e+002
3.077700e+002 2.310000e+002
3.077800e+002 2.412000e+002
3.077900e+002 2.382000e+002
3.078000e+002 2.316000e+002
3.078100e+002 2.170000e+002
3.078200e+002 2.106000e+002
3.078300e+002 2.090000e+002
3.078400e+002 2.140000e+002
3.078500e+002 2.150000e+002
3.078600e+002 2.132000e+002
3.078700e+002 2.130000e+002
3.078800e+002 2.242000e+002
3.078900e+002 2.626000e+002
3.079000e+002 2.624000e+002
3.079100e+002 2.650000e+002
3.079200e+002 2.616000e+002
3.079300e+002 2.502000e+002
3.079400e+002 2.314000e+002
3.079500e+002 2.328000e+002
3.079600e+002 2.258000e+002
3.079700e+002 2.174000e+002
3.079800e+002 2.184000e+002
3.079900e+002 2.236000e+002
3.080000e+002 2.248000e+002
3.080100e+002 2.260000e+002
3.080200e+002 2.100000e+002
3.080300e+002 1.946000e+002
3.080400e+002 1.886000e+002
3.080500e+002 1.892000e+002
3.080600e+002 1.870000e+002
3.080700e+002 1.956000e+002
3.080800e+002 1.948000e+002
3.080900e+002 1.956000e+002
3.081000e+002 1.972000e+002
3.081100e+002 2.028000e+002
3.081200e+002 2.108000e+002
3.081300e+002 2.526000e+002
3.081400e+002 2.760000e+002
3.081500e+002 2.880000e+002
3.081600e+002 2.784000e+002
3.081700e+002 2.834000e+002
3.081800e+002 2.836000e+002
3.081900e+002 2.998000e+002
3.082000e+002 3.232000e+002
3.082100e+002 3.252000e+002
3.082200e+002 3.278000e+002
3.082300e+002 3.312000e+002
3.082400e+002 3.346000e+002
3.082500e+002 3.482000e+002
3.082600e+002 3.150000e+002
3.082700e+002 2.916000e+002
3.082800e+002 2.890000e+002
3.082900e+002 2.938000e+002
3.083000e+002 3.054000e+002
3.083100e+002 3.076000e+002
3.083200e+002 2.886000e+002
3.083300e+002 2.882000e+002
3.083400e+002 2.644000e+002
3.083500e+002 2.612000e+002
3.083600e+002 2.588000e+002
3.083700e+002 2.504000e+002
3.083800e+002 2.600000e+002
3.083900e+002 2.722000e+002
3.084000e+002 2.926000e+002
3.084100e+002 2.828000e+002
3.084200e+002 2.836000e+002
3.084300e+002 2.786000e+002
3.084400e+002 2.830000e+002
3.084500e+002 3.026000e+002
3.084600e+002 2.934000e+002
3.084700e+002 2.868000e+002
3.084800e+002 2.836000e+002
3.084900e+002 2.886000e+002
3.085000e+002 2.872000e+002
3.085100e+002 2.956000e+002
3.085200e+002 3.168000e+002
3.085300e+002 2.902000e+002
3.085400e+002 2.680000e+002
3.085500e+002 2.550000e+002
3.085600e+002 2.424000e+002
3.085700e+002 2.200000e+002
3.085800e+002 2.076000e+002
3.085900e+002 1.962000e+002
3.086000e+002 2.004000e+002
3.086100e+002 2.038000e+002
3.086200e+002 2.274000e+002
3.086300e+002 2.402000e+002
3.086400e+002 2.410000e+002
3.086500e+002 2.516000e+002
3.086600e+002 2.454000e+002
3.086700e+002 2.392000e+002
3.086800e+002 2.488000e+002
3.086900e+002 2.450000e+002
3.087000e+002 2.904000e+002
3.087100e+002 2.946000e+002
3.087200e+002 3.002000e+002
3.087300e+002 2.986000e+002
3.087400e+002 2.852000e+002
3.087500e+002 2.878000e+002
3.087600e+002 2.724000e+002
3.087700e+002 2.688000e+002
3.087800e+002 2.638000e+002
3.087900e+002 2.686000e+002
3.088000e+002 2.742000e+002
3.088100e+002 2.870000e+002
3.088200e+002 2.822000e+002
3.088300e+002 2.822000e+002
3.088400e+002 2.680000e+002
3.088500e+002 2.748000e+002
3.088600e+002 2.900000e+002
3.088700e+002 2.918000e+002
3.088800e+002 2.994000e+002
3.088900e+002 2.746000e+002
3.089000e+002 2.904000e+002
3.089100e+002 2.744000e+002
3.089200e+002 2.640000e+002
3.089300e+002 2.472000e+002
3.089400e+002 2.488000e+002
3.089500e+002 2.318000e+002
3.089600e+002 2.338000e+002
3.089700e+002 2.276000e+002
3.089800e+002 2.178000e+002
3.089900e+002 1.948000e+002
3.090000e+002 1.816000e+002
3.090100e+002 1.914000e+002
3.090200e+002 2.202000e+002
3.090300e+002 2.334000e+002
3.090400e+002 2.584000e+002
3.090500e+002 2.540000e+002
3.090600e+002 2.532000e+002
3.090700e+002 2.414000e+002
3.090800e+002 2.502000e+002
3.090900e+002 2.588000e+002
3.091000e+002 2.720000e+002
3.091100e+002 2.754000e+002
3.091200e+002 3.172000e+002
3.091300e+002 3.272000e+002
3.091400e+002 3.388000e+002
3.091500e+002 3.226000e+002
3.091600e+002 3.018000e+002
3.091700e+002 2.770000e+002
3.091800e+002 2.554000e+002
3.091900e+002 2.594000e+002
3.092000e+002 2.668000e+002
3.092100e+002 2.712000e+002
3.092200e+002 2.638000e+002
3.092300e+002 2.740000e+002
3.092400e+002 2.542000e+002
3.092500e+002 2.370000e+002
3.092600e+002 2.184000e+002
3.092700e+002 2.044000e+002
3.092800e+002 2.022000e+002
3.092900e+002 2.042000e+002
3.093000e+002 2.198000e+002
3.093100e+002 2.194000e+002
3.093200e+002 2.270000e+002
3.093300e+002 2.294000e+002
3.093400e+002 2.394000e+002
3.093500e+002 2.370000e+002
3.093600e+002 2.322000e+002
3.093700e+002 2.350000e+002
3.093800e+002 2.504000e+002
3.093900e+002 2.818000e+002
3.094000e+002 2.844000e+002
3.094100e+002 3.374000e+002
3.094200e+002 3.356000e+002
3.094300e+002 3.246000e+002
3.094400e+002 3.142000e+002
3.094500e+002 3.212000e+002
3.094600e+002 3.094000e+002
3.094700e+002 3.206000e+002
3.094800e+002 3.080000e+002
3.094900e+002 3.064000e+002
3.095000e+002 3.332000e+002
3.095100e+002 3.234000e+002
3.095200e+002 3.268000e+002
3.095300e+002 2.996000e+002
3.095400e+002 2.820000e+002
3.095500e+002 2.618000e+002
3.095600e+002 2.476000e+002
3.095700e+002 2.402000e+002
3.095800e+002 2.430000e+002
3.095900e+002 2.450000e+002
3.096000e+002 2.398000e+002
3.096100e+002 2.382000e+002
3.096200e+002 2.340000e+002
3.096300e+002 2.492000e+002
3.096400e+002 2.286000e+002
3.096500e+002 2.238000e+002
3.096600e+002 2.210000e+002
3.096700e+002 2.078000e+002
3.096800e+002 2.138000e+002
3.096900e+002 2.144000e+002
3.097000e+002 2.168000e+002
3.097100e+002 2.192000e+002
3.097200e+002 2.120000e+002
3.097300e+002 2.198000e+002
3.097400e+002 2.398000e+002
3.097500e+002 2.544000e+002
3.097600e+002 2.648000e+002
3.097700e+002 2.908000e+002
3.097800e+002 3.074000e+002
3.097900e+002 3.138000e+002
3.098000e+002 3.314000e+002
3.098100e+002 3.286000e+002
3.098200e+002 3.406000e+002
3.098300e+002 3.408000e+002
3.098400e+002 3.570000e+002
3.098500e+002 3.552000e+002
3.098600e+002 3.526000e+002
3.098700e+002 3.378000e+002
3.098800e+002 3.312000e+002
3.098900e+002 2.966000e+002
3.099000e+002 2.928000e+002
3.099100e+002 2.846000e+002
3.099200e+002 2.706000e+002
3.099300e+002 2.578000e+002
3.099400e+002 2.648000e+002
3.099500e+002 2.728000e+002
3.099600e+002 2.642000e+002
3.099700e+002 2.578000e+002
3.099800e+002 2.546000e+002
3.099900e+002 2.564000e+002
3.100000e+002 2.482000e+002
3.100100e+002 2.534000e+002
3.100200e+002 2.532000e+002
3.100300e+002 2.472000e+002
3.100400e+002 2.562000e+002
3.100500e+002 2.614000e+002
3.100600e+002 2.406000e+002
3.100700e+002 2.354000e+002
3.100800e+002 2.334000e+002
3.100900e+002 2.194000e+002
3.101000e+002 2.296000e+002
3.101100e+002 2.388000e+002
3.101200e+002 2.568000e+002
3.101300e+002 2.722000e+002
3.101400e+002 2.842000e+002
3.101500e+002 2.894000e+002
3.101600e+002 2.804000e+002
3.101700e+002 2.844000e+002
3.101800e+002 2.818000e+002
3.101900e+002 2.834000e+002
3.102000e+002 2.948000e+002
3.102100e+002 3.114000e+002
3.102200e+002 3.224000e+002
3.102300e+002 3.260000e+002
3.102400e+002 3.154000e+002
3.102500e+002 2.972000e+002
3.102600e+002 2.696000e+002
3.102700e+002 2.684000e+002
3.102800e+002 2.664000e+002
3.102900e+002 2.698000e+002
3.103000e+002 2.630000e+002
3.103100e+002 2.678000e+002
3.103200e+002 2.762000e+002
3.103300e+002 2.756000e+002
3.103400e+002 2.656000e+002
3.103500e+002 2.450000e+002
3.103600e+002 2.282000e+002
3.103700e+002 2.270000e+002
3.103800e+002 2.474000e+002
3.103900e+002 2.636000e+002
3.104000e+002 2.842000e+002
3.104100e+002 2.982000e+002
3.104200e+002 2.910000e+002
3.104300e+002 2.860000e+002
3.104400e+002 2.884000e+002
3.104500e+002 2.922000e+002
3.104600e+002 2.944000e+002
3.104700e+002 3.012000e+002
3.104800e+002 3.066000e+002
3.104900e+002 3.074000e+002
3.105000e+002 3.090000e+002
3.105100e+002 3.242000e+002
3.105200e+002 3.238000e+002
3.105300e+002 3.158000e+002
3.105400e+002 2.872000e+002
3.105500e+002 2.818000e+002
3.105600e+002 2.890000e+002
3.105700e+002 2.866000e+002
3.105800e+002 2.798000e+002
3.105900e+002 2.946000e+002
3.106000e+002 2.752000e+002
3.106100e+002 2.720000e+002
3.106200e+002 2.772000e+002
3.106300e+002 2.662000e+002
3.106400e+002 2.828000e+002
3.106500e+002 2.710000e+002
3.106600e+002 2.926000e+002
3.106700e+002 2.930000e+002
3.106800e+002 3.010000e+002
3.106900e+002 3.056000e+002
3.107000e+002 3.000000e+002
3.107100e+002 2.792000e+002
3.107200e+002 2.906000e+002
3.107300e+002 2.908000e+002
3.107400e+002 2.924000e+002
3.107500e+002 2.994000e+002
3.107600e+002 2.974000e+002
3.107700e+002 3.000000e+002
3.107800e+002 3.014000e+002
3.107900e+002 2.890000e+002
3.108000e+002 2.778000e+002
3.108100e+002 2.738000e+002
3.108200e+002 2.850000e+002
3.108300e+002 2.730000e+002
3.108400e+002 2.828000e+002
3.108500e+002 2.620000e+002
3.108600e+002 2.816000e+002
3.108700e+002 2.960000e+002
3.108800e+002 2.794000e+002
3.108900e+002 2.858000e+002
3.109000e+002 2.890000e+002
3.109100e+002 2.914000e+002
3.109200e+002 3.006000e+002
3.109300e+002 2.828000e+002
3.109400e+002 2.760000e+002
3.109500e+002 2.872000e+002
3.109600e+002 3.110000e+002
3.109700e+002 3.316000e+002
3.109800e+002 3.426000e+002
3.109900e+002 3.432000e+002
3.110000e+002 3.512000e+002
