       nan        nan        nan        nan        nan        nan        nan        nan        nan 32104.93300        nan        nan        nan        nan        nan        nan        nan        nan 32101.98600 32058.95550        nan        nan        nan        nan        nan        nan        nan
32108.08150        nan        nan 32144.84900        nan        nan        nan        nan        nan 32105.13450 32062.10400        nan 32141.90200 32098.87150        nan        nan        nan        nan 32099.23600 32055.83500 32020.05250 32136.00350 32092.60250 32056.82000        nan        nan        nan
32111.44000 32068.40950        nan 32148.72500 32105.69450        nan 32179.53700 32136.50650        nan 32105.54150 32062.14050 32026.35800 32142.82650 32099.42550 32063.64300 32173.63850 32130.23750 32094.45500 32096.68500 32052.72800 32015.96800 32133.97000 32090.01300 32053.25300 32164.78200 32120.82500 32084.06500
32115.01800 32071.61700 32035.83450 32153.08200 32109.68100 32073.89850 32185.22900 32141.82800 32106.04550 32106.16150 32062.20450 32025.44450 32144.22550 32100.26850 32063.50850 32176.37250 32132.41550 32095.65550 32094.33850 32049.63950 32011.62350 32132.40250 32087.70350 32049.68750 32164.54950 32119.85050 32081.83450
32118.83100 32074.87400 32038.11400 32157.93050 32113.97350 32077.21350 32191.75850 32147.80150 32111.04150 32107.00800 32062.30900 32024.29300 32146.10750 32101.40850 32063.39250 32179.93550 32135.23650 32097.22050 32092.20650 32046.58200 32007.06350 32131.30600 32085.68150 32046.16300 32165.13400 32119.50950 32079.99100
32122.89350 32078.19450 32040.17850 32163.27850 32118.57950 32080.56350 32199.07600 32154.37700 32116.36100 32108.09200 32062.46750 32022.94900 32148.47700 32102.85250 32063.33400 32184.27450 32138.65000 32099.13150 32090.29850 32043.56900 32002.33450 32130.68350 32083.95400 32042.71950 32166.48100 32119.75150 32078.51700
32127.22100 32081.59650 32042.07800 32169.12600 32123.50150 32083.98300 32207.12750 32161.50300 32121.98450 32109.42750 32062.69800 32021.46350 32151.33250 32104.60300 32063.36850 32189.33400 32142.60450 32101.37000 32088.62900 32040.62200 31997.48900 32130.53400 32082.52700 32039.39400 32168.53550 32120.52850 32077.39550
32131.82550 32085.09600 32043.86150 32175.46850 32128.73900 32087.50450 32215.86250 32169.13300 32127.89850 32111.02700 32063.02000 32019.88700 32154.67000 32106.66300 32063.53000 32195.06400 32147.05700 32103.92400 32087.20900 32037.76050 31992.57400 32130.85200 32081.40350 32036.21700 32171.24600 32121.79750 32076.61100
32136.71850 32088.71150 32045.57850 32182.29650 32134.28950 32091.15650 32225.23500 32177.22800 32134.09500 32112.90050 32063.45200 32018.26550 32158.47850 32109.03000 32063.84350 32201.41700 32151.96850 32106.78200 32086.04800 32035.00600 31987.63450 32131.62600 32080.58400 32033.21250 32174.56450 32123.52250 32076.15100
32141.90850 32092.46000 32047.27350 32189.59800 32140.14950 32094.96300 32235.20250 32185.75400 32140.56750 32115.05600 32064.01400 32016.64250 32162.74550 32111.70350 32064.33200 32208.35000 32157.30800 32109.93650 32085.15650 32032.37900 31982.71350 32132.84600 32080.06850 32030.40300 32178.45050 32125.67300 32076.00750
32147.40050 32096.35850 32048.98700 32197.35600 32146.31400 32098.94250 32245.72600 32194.68400 32147.31250 32117.50100 32064.72350 32015.05800 32167.45650 32114.67900 32065.01350 32215.82650 32163.04900 32113.38350 32084.54300 32029.90000 31977.84650 32134.49850 32079.85550 32027.80200 32182.86850 32128.22550 32076.17200
32153.20000 32100.42250 32050.75700 32205.55650 32152.77900 32103.11350 32256.77350 32203.99600 32154.33050 32120.24200 32065.59900 32013.54550 32172.59850 32117.95550 32065.90200 32223.81550 32169.17250 32117.11900 32084.21350 32027.58750 31973.06750 32136.57000 32079.94400 32025.42400 32187.78700 32131.16100 32076.64100
32159.31000 32104.66700 32052.61350 32214.18500 32159.54200 32107.48850 32268.31550 32213.67250 32161.61900 32123.28150 32066.65550 32012.13550 32178.15650 32121.53050 32067.01050 32232.28700 32175.66100 32121.14100 32084.17250 32025.45800 31968.40300 32139.04750 32080.33300 32023.27800 32193.17800 32134.46350 32077.40850
32165.73000 32109.10400 32054.58400 32223.22600 32166.60000 32112.08000 32280.32550 32223.69950 32169.17950 32126.62100 32067.90650 32010.85150 32184.11700 32125.40250 32068.34750 32241.21650 32182.50200 32125.44700 32084.42350 32023.52450 31963.87850 32141.91950 32081.02050 32021.37450 32199.01900 32138.12000 32078.47400
32172.46100 32113.74650 32056.69150 32232.66500 32173.95050 32116.89550 32292.78100 32234.06650 32177.01150 32130.26350 32069.36450 32009.71850 32190.46750 32129.56850 32069.92250 32250.58350 32189.68450 32130.03850 32084.97050 32021.80150 31959.51450 32145.17450 32082.00550 32019.71850 32205.29050 32142.12150 32079.83450
32179.50250 32118.60350 32058.95750 32242.49050 32181.59150 32121.94550 32305.66200 32244.76300 32185.11700 32134.20950 32071.04050 32008.75350 32197.19750 32134.02850 32071.74150 32260.36900 32197.20000 32134.91300 32085.81350 32020.29850 31955.32850 32148.80150 32083.28650 32018.31650 32211.97300 32146.45800 32081.48800
32186.85400 32123.68500 32061.39800 32252.69200 32189.52300 32127.23600 32318.95300 32255.78400 32193.49700 32138.45800 32072.94300 32007.97300 32204.29600 32138.78100 32073.81100 32270.55700 32205.04200 32140.07200 32086.95500 32019.02550 31951.33550 32152.79300 32084.86350 32017.17350 32219.05400 32151.12450 32083.43450
32194.51350 32128.99850 32064.02850 32263.25750 32197.74250 32132.77250 32332.63600 32267.12100 32202.15100 32143.01050 32075.08100 32007.39100 32211.75450 32143.82500 32076.13500 32281.13300 32213.20350 32145.51350 32088.39550 32017.99200 31947.54950 32157.13950 32086.73600 32016.29350 32226.51800 32156.11450 32085.67200
32202.47950 32134.55000 32066.86000 32274.17900 32206.24950 32138.55950 32346.70050 32278.77100 32211.08100 32147.86450 32077.46100 32007.01850 32219.56400 32149.16050 32078.71800 32292.08550 32221.68200 32151.23950 32090.13500 32017.20250 31943.98050 32161.83450 32088.90200 32015.68000 32234.35600 32161.42350 32088.20150
32210.75000 32140.34650 32069.90400 32285.44750 32215.04400 32144.60150 32361.13250 32290.72900 32220.28650 32153.02050 32080.08800 32006.86600 32227.71800 32154.78550 32081.56350 32303.40300 32230.47050 32157.24850 32092.17350 32016.66500 31940.63850 32166.87100 32091.36250 32015.33600 32242.55600 32167.04750 32091.02100
32219.32550 32146.39300 32073.17100 32297.05600 32224.12350 32150.90150 32375.92400 32302.99150 32229.76950 32158.47850 32082.97000 32006.94350 32236.20900 32160.70050 32084.67400 32315.07700 32239.56850 32163.54200 32094.51250 32016.38500 31937.53250 32172.24300 32094.11550 32015.26300 32251.11100 32172.98350 32094.13100
32228.20150 32152.69300 32076.66650 32308.99850 32233.49000 32157.46350 32391.06400 32315.55550 32239.52900 32164.23550 32086.10800 32007.25550 32245.03250 32166.90500 32088.05250 32327.09800 32248.97050 32170.11800 32097.14950 32016.36550 31934.66900 32177.94650 32097.16250 32015.46600 32260.01200 32179.22800 32097.53150
32237.37750 32159.25000 32080.39750 32321.26800 32243.14050 32164.28800 32406.54500 32328.41750 32249.56500 32170.29150 32089.50750 32007.81100 32254.18200 32173.39800 32091.70150 32339.45900 32258.67500 32176.97850 32100.08500 32016.61150 31932.05250 32183.97550 32100.50200 32015.94300 32269.25250 32185.77900 32101.22000
32246.85200 32166.06800 32084.37150 32333.86100 32253.07700 32171.38050 32422.36000 32341.57600 32259.87950 32176.64550 32093.17200 32008.61300 32263.65450 32180.18100 32095.62200 32352.15350 32268.68000 32184.12100 32103.31900 32017.12550 31929.69050 32190.32800 32104.13450 32016.69950 32278.82700 32192.63350 32105.19850
32256.62350 32173.15000 32088.59100 32346.77050 32263.29700 32178.73800 32438.50300 32355.02950 32270.47050 32183.29700 32097.10350 32009.66850 32273.44400 32187.25050 32099.81550 32365.17650 32278.98300 32191.54800 32106.85100 32017.91050 31927.58750 32196.99800 32108.05750 32017.73450 32288.73050 32199.79000 32109.46700
32266.69050 32180.49700 32093.06200 32359.99400 32273.80050 32186.36550 32454.96700 32368.77350 32281.33850 32190.24450 32101.30400 32010.98100 32283.54800 32194.60750 32104.28450 32378.52100 32289.58050 32199.25750 32110.67950 32018.96900 31925.74600 32203.98300 32112.27250 32019.04950 32298.95600 32207.24550 32114.02250
32277.05150 32188.11100 32097.78800 32373.52750 32284.58700 32194.26400 32471.74850 32382.80800 32292.48500 32197.48650 32105.77600 32012.55300 32293.96250 32202.25200 32109.02900 32392.18350 32300.47300 32207.25000 32114.80450 32020.30300 31924.17050 32211.28050 32116.77900 32020.64650 32309.50150 32215.00000 32118.86750
32287.70450 32195.99400 32102.77100 32387.36550 32295.65500 32202.43200 32488.84150 32397.13100 32303.90800 32205.02250 32110.52100 32014.38850 32304.68350 32210.18200 32114.04950 32406.15950 32311.65800 32215.52550 32119.22500 32021.91400 31922.86300 32218.88600 32121.57500 32022.52400 32320.36200 32223.05100 32124.00000
32298.64900 32204.14750 32108.01500 32401.50700 32307.00550 32210.87300 32506.24150 32411.74000 32315.60750 32212.85150 32115.54050 32016.48950 32315.70950 32218.39850 32119.34750 32420.44400 32323.13300 32224.08200 32123.94100 32023.80350 31921.82800 32226.79900 32126.66150 32024.68600 32331.53350 32231.39600 32129.42050
32309.88300 32212.57200 32113.52100 32415.94800 32318.63700 32219.58600 32523.94450 32426.63350 32327.58250 32220.97250 32120.83500 32018.85950 32327.03750 32226.90000 32124.92450 32435.03400 32334.89650 32232.92100 32128.95150 32025.97350 31921.06600 32235.01650 32132.03850 32027.13100 32343.01300 32240.03500 32135.12750
32321.40450 32221.26700 32119.29150 32430.68450 32330.54700 32228.57150 32541.94700 32441.80950 32339.83400 32229.38350 32126.40550 32021.49800 32338.66350 32235.68550 32130.77800 32449.92600 32346.94800 32242.04050 32134.25400 32028.42300 31920.57900 32243.53400 32137.70300 32029.85900 32354.79650 32248.96550 32141.12150
32333.21400 32230.23600 32125.32850 32445.71600 32342.73800 32237.83050 32560.24600 32457.26800 32352.36050 32238.08450 32132.25350 32024.40950 32350.58650 32244.75550 32136.91150 32465.11650 32359.28550 32251.44150 32139.85100 32031.15600 31920.37000 32252.35300 32143.65800 32032.87200 32366.88300 32258.18800 32147.40200
32345.30850 32239.47750 32131.63350 32461.03800 32355.20700 32247.36300 32578.83750 32473.00650 32365.16250 32247.07500 32138.38000 32027.59400 32362.80450 32254.10950 32143.32350 32480.60400 32371.90900 32261.12300 32145.73950 32034.17000 31920.43950 32261.46900 32149.89950 32036.16900 32379.26850 32267.69900 32153.96850
32357.68750 32248.99250 32138.20650 32476.64900 32367.95400 32257.16800 32597.71850 32489.02350 32378.23750 32256.35200 32144.78250 32031.05200 32375.31350 32263.74400 32150.01350 32496.38300 32384.81350 32271.08300 32151.91900 32037.46700 31920.78800 32270.88050 32156.42850 32039.74950 32391.95000 32277.49800 32160.81900
32370.34950 32258.78000 32145.04950 32492.54700 32380.97750 32267.24700 32616.88600 32505.31650 32391.58600 32265.91650 32151.46450 32034.78550 32388.11400 32273.66200 32156.98300 32512.45300 32398.00100 32281.32200 32158.39000 32041.04750 31921.41850 32280.58750 32163.24500 32043.61600 32404.92650 32287.58400 32167.95500
32383.29350 32268.84150 32152.16250 32508.72950 32394.27750 32277.59850 32636.33750 32521.88550 32405.20650 32275.76700 32158.42450 32038.79550 32401.20300 32283.86050 32164.23150 32528.81100 32411.46850 32291.83950 32165.15000 32044.91100 31922.33000 32290.58600 32170.34700 32047.76600 32418.19400 32297.95500 32175.37400
32396.51850 32279.17600 32159.54700 32525.19500 32407.85250 32288.22350 32656.07150 32538.72900 32419.10000 32285.90150 32165.66250 32043.08150 32414.57800 32294.33900 32171.75800 32545.45450 32425.21550 32302.63450 32172.19850 32049.05850 31923.52450 32300.87500 32177.73500 32052.20100 32431.75150 32308.61150 32183.07750
32410.02200 32289.78300 32167.20200 32541.94000 32421.70100 32299.12000 32676.08300 32555.84400 32433.26300 32296.31900 32173.17900 32047.64500 32428.23700 32305.09700 32179.56300 32562.38000 32439.24000 32313.70600 32179.53550 32053.48900 31925.00150 32311.45350 32185.40700 32056.91950 32445.59650 32319.55000 32191.06250
32423.80300 32300.66300 32175.12900 32558.96300 32435.82300 32310.28900 32696.37100 32573.23100 32447.69700 32307.01950 32180.97300 32052.48550 32442.17950 32316.13300 32187.64550 32579.58750 32453.54100 32325.05350 32187.15850 32058.20300 31926.76250 32322.31850 32193.36300 32061.92250 32459.72650 32330.77100 32199.33050
32437.86200 32311.81550 32183.32800 32576.26300 32450.21650 32321.72900 32716.93350 32590.88700 32462.39950 32318.00100 32189.04550 32057.60500 32456.40200 32327.44650 32196.00600 32597.07250 32468.11700 32336.67650 32195.06900 32063.20100 31928.80800 32333.47000 32201.60200 32067.20900 32474.14050 32342.27250 32207.87950
32452.19500 32323.23950 32191.79900 32593.83650 32464.88100 32333.44050 32737.76650 32608.81100 32477.37050 32329.26300 32197.39500 32063.00200 32470.90450 32339.03650 32204.64350 32614.83450 32482.96650 32348.57350 32203.26450 32068.48200 31931.13650 32344.90600 32210.12350 32072.77800 32488.83600 32354.05350 32216.70800
32466.80300 32334.93500 32200.54200 32611.68350 32479.81550 32345.42250 32758.86950 32627.00150 32492.60850 32340.80450 32206.02200 32068.67650 32485.68500 32350.90250 32213.55700 32632.87100 32498.08850 32360.74300 32211.74400 32074.04600 31933.75050 32356.62450 32218.92650 32078.63100 32503.81050 32366.11250 32225.81700
32481.68400 32346.90150 32209.55600 32629.80200 32495.01950 32357.67400 32780.24000 32645.45750 32508.11200 32352.62350 32214.92550 32074.63000 32500.74150 32363.04350 32222.74800 32651.17950 32513.48150 32373.18600 32220.50700 32079.89300 31936.64850 32368.62500 32228.01100 32084.76650 32519.06300 32378.44900 32235.20450
32496.83600 32359.13800 32218.84250 32648.18800 32510.49000 32370.19450 32801.87450 32664.17650 32523.88100 32364.71950 32224.10550 32080.86100 32516.07150 32375.45750 32232.21300 32669.75800 32529.14400 32385.89950 32229.55300 32086.02200 31939.83100 32380.90500 32237.37400 32091.18300 32534.59150 32391.06050 32244.86950
32512.25800 32371.64400 32228.39950 32666.84200 32526.22800 32382.98350 32823.77200 32683.15800 32539.91350 32377.09150 32233.56050 32087.36950 32531.67550 32388.14450 32241.95350 32688.60550 32545.07450 32398.88350 32238.87950 32092.43250 31943.29850 32393.46350 32247.01650 32097.88250 32550.39350 32403.94650 32254.81250
32527.94900 32384.41800 32238.22700 32685.76050 32542.22950 32396.03850 32845.93000 32702.39900 32556.20800 32389.73700 32243.29000 32094.15600 32547.54850 32401.10150 32251.96750 32707.71800 32561.27100 32412.13700 32248.48700 32099.12450 31947.04900 32406.29850 32256.93600 32104.86050 32566.46800 32417.10550 32265.03000
32543.90650 32397.45950 32248.32550 32704.94300 32558.49600 32409.36200 32868.34600 32721.89900 32572.76500 32402.65650 32253.29400 32101.21850 32563.69300 32414.33050 32262.25500 32727.09600 32577.73350 32425.65800 32258.37300 32106.09650 31951.08400 32419.40950 32267.13300 32112.12050 32582.81250 32430.53600 32275.52350
32560.13150 32410.76900 32258.69350 32724.38750 32575.02500 32422.94950 32891.01900 32741.65650 32589.58100 32415.84800 32263.57150 32108.55900 32580.10400 32427.82750 32272.81500 32746.73550 32594.45900 32439.44650 32268.53850 32113.35000 31955.40300 32432.79450 32277.60600 32119.65900 32599.42600 32444.23750 32286.29050
32576.61950 32424.34300 32269.33050 32744.09150 32591.81500 32436.80250 32913.94600 32761.66950 32606.65700 32429.31000 32274.12150 32116.17450 32596.78200 32441.59350 32283.64650 32766.63650 32611.44800 32453.50100 32278.98050 32120.88150 31960.00450 32446.45250 32288.35350 32127.47650 32616.30700 32458.20800 32297.33100
32593.37100 32438.18250 32280.23550 32764.05400 32608.86550 32450.91850 32937.12500 32781.93650 32623.98950 32443.04150 32284.94250 32124.06550 32613.72450 32455.62550 32294.74850 32786.79550 32628.69650 32467.81950 32289.69800 32128.69200 31964.88900 32460.38100 32299.37500 32135.57200 32633.45200 32472.44600 32308.64300
32610.38500 32452.28600 32291.40900 32784.27300 32626.17400 32465.29700 32960.55450 32802.45550 32641.57850 32457.04150 32296.03550 32132.23250 32630.92950 32469.92350 32306.12050 32807.21100 32646.20500 32482.40200 32300.69200 32136.78150 31970.05600 32474.58000 32310.66950 32143.94400 32650.86150 32486.95100 32320.22550
32627.65850 32466.65250 32302.84950 32804.74600 32643.74000 32479.93700 32984.23150 32823.22550 32659.42250 32471.30900 32307.39850 32140.67300 32648.39650 32484.48600 32317.76050 32827.88200 32663.97150 32497.24600 32311.95850 32145.14700 31975.50550 32489.04600 32322.23450 32152.59300 32668.53150 32501.72000 32332.07850
32645.19200 32481.28150 32314.55600 32825.47300 32661.56250 32494.83700 33008.15500 32844.24450 32677.51900 32485.84150 32319.03000 32149.38850 32666.12250 32499.31100 32329.66950 32848.80450 32681.99300 32512.35150 32323.49850 32153.79000 31981.23600 32503.77950 32334.07100 32161.51700 32686.46150 32516.75300 32344.19900
32662.98100 32496.16950 32326.52800 32846.44950 32679.63800 32509.99650 33032.32150 32865.51000 32695.86850 32500.63800 32330.92950 32158.37550 32684.10650 32514.39800 32341.84400 32869.97850 32700.27000 32527.71600 32335.30850 32162.70700 31987.24700 32518.77700 32346.17550 32170.71550 32704.64900 32532.04750 32356.58750
32681.02650 32511.31800 32338.76400 32867.67550 32697.96700 32525.41300 33056.73000 32887.02150 32714.46750 32515.69700 32343.09550 32167.63550 32702.34600 32529.74450 32354.28450 32891.40050 32718.79900 32543.33900 32347.39000 32171.89950 31993.53800 32534.03900 32358.54850 32180.18700 32723.09350 32547.60300 32369.24150
32699.32550 32526.72400 32351.26400 32889.14800 32716.54650 32541.08650 33081.37750 32908.77600 32733.31600 32531.01850 32355.52800 32177.16650 32720.84100 32545.35050 32366.98900 32913.07050 32737.58000 32559.21850 32359.73950 32181.36550 32000.10850 32549.56200 32371.18800 32189.93100 32741.79150 32563.41750 32382.16050
32717.87750 32542.38700 32364.02550 32910.86700 32735.37650 32557.01500 33106.26400 32930.77350 32752.41200 32546.59850 32368.22450 32186.96750 32739.58800 32561.21400 32379.95700 32934.98500 32756.61100 32575.35400 32372.35700 32191.10300 32006.95750 32565.34650 32384.09250 32199.94700 32760.74350 32579.48950 32395.34400
32736.68000 32558.30600 32377.04900 32932.82850 32754.45450 32573.19750 33131.38400 32953.01000 32771.75300 32562.43850 32381.18450 32197.03900 32758.58700 32577.33300 32393.18750 32957.14250 32775.88850 32591.74300 32385.24050 32201.11250 32014.08400 32581.38900 32397.26100 32210.23250 32779.94450 32595.81650 32408.78800
32755.73250 32574.47850 32390.33300 32955.03250 32773.77850 32589.63300 33156.73900 32975.48500 32791.33950 32578.53450 32394.40650 32207.37800 32777.83450 32593.70650 32406.67800 32979.54100 32795.41300 32608.38450 32398.38900 32211.39300 32021.48700 32597.68900 32410.69300 32220.78700 32799.39550 32612.39950 32422.49350
32775.03100 32590.90300 32403.87450 32977.47550 32793.34750 32606.31900 33182.32350 32998.19550 32811.16700 32594.88550 32407.88950 32217.98350 32797.33000 32610.33400 32420.42800 33002.17800 32815.18200 32625.27600 32411.80000 32221.94150 32029.16600 32614.24450 32424.38600 32231.61050 32819.09250 32629.23400 32436.45850
32794.57650 32607.58050 32417.67450 33000.15550 32813.15950 32623.25350 33208.13800 33021.14200 32831.23600 32611.49100 32421.63250 32228.85700 32817.07000 32627.21150 32434.43600 33025.05250 32835.19400 32642.41850 32425.47400 32232.75900 32037.12000 32631.05300 32438.33800 32242.69900 32839.03550 32646.32050 32450.68150
32814.36550 32624.50700 32431.73150 33023.07150 32833.21300 32640.43750 33234.17800 33044.31950 32851.54400 32628.34850 32435.63350 32239.99450 32837.05450 32644.33950 32448.70050 33048.16100 32855.44600 32659.80700 32439.40800 32243.84250 32045.34800 32648.11400 32452.54850 32254.05400 32859.22050 32663.65500 32465.16050
32834.39700 32641.68200 32446.04300 33046.22150 32853.50650 32657.86750 33260.44350 33067.72850 32872.08950 32645.45650 32449.89100 32251.39650 32857.28100 32661.71550 32463.22100 33071.50300 32875.93750 32677.44300 32453.60100 32255.19250 32053.84850 32665.42550 32467.01700 32265.67300 32879.64750 32681.23900 32479.89500
32854.66850 32659.10300 32460.60850 33069.60250 32874.03700 32675.54250 33286.93000 33091.36450 32892.87000 32662.81300 32464.40450 32263.06050 32877.74700 32679.33850 32477.99450 33095.07450 32896.66600 32695.32200 32468.05150 32266.80600 32062.62050 32682.98550 32481.74000 32277.55450 32900.31300 32699.06750 32494.88200
32875.17950 32676.77100 32475.42700 33093.21350 32894.80500 32693.46100 33313.63650 33115.22800 32913.88400 32680.41800 32479.17250 32274.98700 32898.45200 32697.20650 32493.02100 33118.87500 32917.62950 32713.44400 32482.75900 32278.68350 32071.66450 32700.79300 32496.71750 32289.69850 32921.21600 32717.14050 32510.12150
32895.92700 32694.68150 32490.49600 33117.05150 32915.80600 32711.62050 33340.56150 33139.31600 32935.13050 32698.26800 32494.19250 32287.17350 32919.39250 32715.31700 32508.29800 33142.90250 32938.82700 32731.80800 32497.72000 32290.82250 32080.97750 32718.84450 32511.94700 32302.10200 32942.35450 32735.45700 32525.61200
32916.90950 32712.83400 32505.81500 33141.11500 32937.03950 32730.02050 33367.70150 33163.62600 32956.60700 32716.36150 32509.46400 32299.61900 32940.56700 32733.66950 32523.82450 33167.15350 32960.25600 32750.41100 32512.93400 32303.22100 32090.55800 32737.13950 32527.42650 32314.76350 32963.72600 32754.01300 32541.35000
32938.12400 32731.22650 32521.38150 33165.40150 32958.50400 32748.65900 33395.05350 33188.15600 32978.31100 32734.69650 32524.98350 32312.32050 32961.97400 32752.26100 32539.59800 33191.62600 32981.91300 32769.25000 32528.39850 32315.87800 32100.40550 32755.67600 32543.15550 32327.68300 32985.32800 32772.80750 32557.33500
32959.57050 32749.85750 32537.19450 33189.90900 32980.19600 32767.53300 33422.61600 33212.90300 33000.24000 32753.27250 32540.75200 32325.27950 32983.61100 32771.09050 32555.61800 33216.31800 33003.79750 32788.32500 32544.11300 32328.79300 32110.51950 32774.45150 32559.13150 32340.85800 33007.15850 32791.83850 32573.56500
32981.24600 32768.72550 32553.25300 33214.63500 33002.11450 32786.64200 33450.38750 33237.86700 33022.39450 32772.08650 32556.76650 32338.49300 33005.47550 32790.15550 32571.88200 33241.22800 33025.90800 32807.63450 32560.07550 32341.96400 32120.89750 32793.46450 32575.35300 32354.28650 33029.21700 32811.10550 32590.03900
33003.14800 32787.82800 32569.55450 33239.57800 33024.25800 32805.98450 33478.36400 33263.04400 33044.77050 32791.13700 32573.02550 32351.95900 33027.56700 32809.45550 32588.38900 33266.35300 33048.24150 32827.17500 32576.28350 32355.38850 32131.53900 32812.71350 32591.81850 32367.96900 33051.49950 32830.60450 32606.75500
33025.27550 32807.16400 32586.09750 33264.73500 33046.62350 32825.55700 33506.54400 33288.43250 33067.36600 32810.42200 32589.52700 32365.67750 33049.88150 32828.98650 32605.13700 33291.69050 33070.79550 32846.94600 32592.73650 32369.06650 32142.44200 32832.19600 32608.52600 32381.90150 33074.00500 32850.33500 32623.71050
33047.62550 32826.73050 32602.88100 33290.10400 33069.20900 32845.35950 33534.92450 33314.02950 33090.18000 32829.94000 32606.27000 32379.64550 33072.41850 32848.74850 32622.12400 33317.23900 33093.56900 32866.94450 32609.43100 32382.99550 32153.60450 32851.90950 32625.47400 32396.08300 33096.73000 32870.29450 32640.90350
33070.19700 32846.52700 32619.90250 33315.68300 33092.01300 32865.38850 33563.50350 33339.83350 33113.20900 32849.68800 32623.25250 32393.86150 33095.17400 32868.73850 32639.34750 33342.99450 33116.55900 32887.16800 32626.36650 32397.17300 32165.02600 32871.85250 32642.65900 32410.51200 33119.67300 32890.47950 32658.33250
33092.98650 32866.55100 32637.16000 33341.46900 33115.03350 32885.64250 33592.27800 33365.84250 33136.45150 32869.66500 32640.47150 32408.32450 33118.14750 32888.95400 32656.80700 33368.95650 33139.76300 32907.61600 32643.54100 32411.59900 32176.70500 32892.02350 32660.08150 32425.18750 33142.83250 32910.89050 32675.99650
33115.99200 32886.79850 32654.65150 33367.46000 33138.26650 32906.11950 33621.24550 33392.05200 33159.90500 32889.86800 32657.92600 32423.03200 33141.33600 32909.39400 32674.50000 33395.12150 33163.17950 32928.28550 32660.95150 32426.27050 32188.63900 32912.41950 32677.73850 32440.10700 33166.20500 32931.52400 32693.89250
33139.21300 32907.27100 32672.37700 33393.65350 33161.71150 32926.81750 33650.40400 33418.46200 33183.56800 32910.29650 32675.61550 32437.98400 33164.73700 32930.05600 32692.42450 33421.48750 33186.80650 32949.17500 32678.59750 32441.18700 32200.82750 32933.03800 32695.62750 32455.26800 33189.78850 32952.37800 32712.01850
33162.64550 32927.96450 32690.33300 33420.04700 33185.36600 32947.73450 33679.75000 33445.06900 33207.43750 32930.94650 32693.53600 32453.17650 33188.34800 32950.93750 32710.57800 33448.05100 33210.64050 32970.28100 32696.47600 32456.34550 32213.26800 32953.87750 32713.74700 32470.66950 33213.58050 32973.45000 32730.37250
33186.28700 32948.87650 32708.51700 33446.63850 33209.22800 32968.86850 33709.28100 33471.87050 33231.51100 32951.81650 32711.68600 32468.60850 33212.16800 32972.03750 32728.96000 33474.81050 33234.68000 32991.60250 32714.58500 32471.74400 32225.95900 32974.93650 32732.09550 32486.31050 33237.57900 32994.73800 32748.95300
33210.13600 32970.00550 32726.92800 33473.42400 33233.29350 32990.21600 33738.99450 33498.86400 33255.78650 32972.90450 32730.06350 32484.27850 33236.19250 32993.35150 32747.56650 33501.76300 33258.92200 33013.13700 32732.92300 32487.38150 32238.89850 32996.21100 32750.66950 32502.18650 33261.78150 33016.24000 32767.75700
33234.19050 32991.34950 32745.56450 33500.40300 33257.56200 33011.77700 33768.88700 33526.04600 33280.26100 32994.20900 32748.66750 32500.18450 33260.42150 33014.88000 32766.39700 33528.90550 33283.36400 33034.88100 32751.48850 32503.25600 32252.08600 33017.70100 32769.46850 32518.29850 33286.18500 33037.95250 32786.78250
33258.44750 33012.90600 32764.42300 33527.57150 33282.03000 33033.54700 33798.95750 33553.41600 33304.93300 33015.72700 32767.49450 32516.32450 33284.85100 33036.61850 32785.44850 33556.23700 33308.00450 33056.83450 32770.27700 32519.36450 32265.51850 33039.40100 32788.48850 32534.64250 33310.78700 33059.87450 32806.02850
33282.90500 33034.67250 32783.50250 33554.92800 33306.69550 33055.52550 33829.20200 33580.96950 33329.79950 33037.45500 32786.54250 32532.69650 33309.47800 33058.56550 32804.71950 33583.75200 33332.83950 33078.99350 32789.28850 32535.70600 32279.19350 33061.31150 32807.72900 32551.21650 33335.58550 33082.00300 32825.49050
33307.55850 33056.64600 32802.80000 33582.46750 33331.55500 33077.70900 33859.61700 33608.70450 33354.85850 33059.39200 32805.80950 32549.29700 33334.30100 33080.71850 32824.20600 33611.45050 33357.86800 33101.35550 32808.51950 32552.27750 32293.11000 33083.42850 32827.18650 32568.01900 33360.57800 33104.33600 32845.16850
33332.40850 33078.82600 32822.31350 33610.19000 33356.60750 33100.09500 33890.20100 33636.61850 33380.10600 33081.53600 32825.29400 32566.12650 33359.31750 33103.07550 32843.90800 33639.32850 33383.08650 33123.91900 32827.96850 32569.07800 32307.26650 33105.75000 32846.85950 32585.04800 33385.76100 33126.87050 32865.05900
33357.45100 33101.20900 32842.04150 33638.09150 33381.84950 33122.68200 33920.95000 33664.70800 33405.54050 33103.88350 32844.99300 32583.18150 33384.52400 33125.63350 32863.82200 33667.38250 33408.49200 33146.68050 32847.63350 32586.10500 32321.66100 33128.27400 32866.74550 32602.30150 33411.13250 33149.60400 32885.16000
33382.68300 33123.79250 32861.98100 33666.16850 33407.27800 33145.46650 33951.86150 33692.97100 33431.15950 33126.43300 32864.90450 32600.46050 33409.91850 33148.39000 32883.94600 33695.61150 33434.08300 33169.63900 32867.51150 32603.35600 32336.29050 33150.99700 32886.84150 32619.77600 33436.69000 33172.53450 32905.46900
33408.10250 33146.57400 32882.13000 33694.42000 33432.89150 33168.44750 33982.93250 33721.40400 33456.96000 33149.18100 32885.02550 32617.96000 33435.49850 33171.34300 32904.27750 33724.01100 33459.85550 33192.79000 32887.59950 32620.82850 32351.15300 33173.91700 32907.14600 32637.47050 33462.42950 33195.65850 32925.98300
33433.70700 33169.55150 32902.48600 33722.84250 33458.68700 33191.62150 34014.16000 33750.00450 33482.93900 33172.12550 32905.35450 32635.67900 33461.26100 33194.49000 32924.81450 33752.57850 33485.80750 33216.13200 32907.89650 32638.52100 32366.24700 33197.03200 32927.65650 32655.38250 33488.34950 33218.97400 32946.70000
33459.49300 33192.72200 32923.04650 33751.43150 33484.66050 33214.98500 34045.54050 33778.76950 33509.09400 33195.26400 32925.88850 32653.61450 33487.20250 33217.82700 32945.55300 33781.31150 33511.93600 33239.66200 32928.40000 32656.43150 32381.57050 33220.33850 32948.37000 32673.50900 33514.44750 33242.47900 32967.61800
33485.45850 33216.08300 32943.80900 33780.18600 33510.81050 33238.53650 34077.07150 33807.69600 33535.42200 33218.59450 32946.62600 32671.76500 33513.32200 33241.35350 32966.49250 33810.20750 33538.23900 33263.37800 32949.10600 32674.55650 32397.12050 33243.83350 32969.28400 32691.84800 33540.71900 33266.16950 32988.73350
33511.60050 33239.63200 32964.77100 33809.10300 33537.13450 33262.27350 34108.75000 33836.78150 33561.92050 33242.11200 32967.56250 32690.12650 33539.61450 33265.06500 32987.62900 33839.26150 33564.71200 33287.27600 32970.01300 32692.89350 32412.89500 33267.51550 32990.39600 32710.39750 33567.16250 33290.04300 33010.04450
33537.91600 33263.36650 32985.93050 33838.17750 33563.62800 33286.19200 34140.57150 33866.02200 33588.58600 33265.81700 32988.69750 32708.69900 33566.07850 33288.95900 33008.96050 33868.47250 33591.35300 33311.35450 32991.11900 32711.44200 32428.89200 33291.38050 33011.70350 32729.15350 33593.77450 33314.09750 33031.54750
33564.40200 33287.28250 33007.28400 33867.40900 33590.28950 33310.29100 34172.53450 33895.41500 33615.41650 33289.70400 33010.02700 32727.47700 33592.71100 33313.03400 33030.48400 33897.83650 33618.15950 33335.60950 33012.41950 32730.19700 32445.10850 33315.42650 33033.20400 32748.11550 33620.55200 33338.32950 33053.24100
33591.05600 33311.37900 33028.82900 33896.79200 33617.11500 33334.56500 34204.63400 33924.95700 33642.40700 33313.77150 33031.54900 32746.46050 33619.50750 33337.28500 33052.19650 33927.34950 33645.12700 33360.03850 33033.91400 32749.15750 32461.54300 33339.65000 33054.89350 32767.27900 33647.49200 33362.73550 33075.12100
33617.87450 33335.65200 33050.56350 33926.32550 33644.10300 33359.01450 34236.86800 33954.64550 33669.55700 33338.01700 33053.26050 32765.64600 33646.46800 33361.71150 33074.09700 33957.01050 33672.25400 33384.63950 33055.59800 32768.32050 32478.19250 33364.04900 33076.77150 32786.64350 33674.59150 33387.31400 33097.18600
33644.85500 33360.09850 33072.48400 33956.00500 33671.24850 33383.63400 34269.23300 33984.47650 33696.86200 33362.43600 33075.15850 32785.03050 33673.58600 33386.30850 33096.18050 33986.81400 33699.53650 33409.40850 33077.46900 32787.68300 32495.05450 33388.61900 33098.83300 32806.20450 33701.84700 33412.06100 33119.43250
33671.99450 33384.71700 33094.58900 33985.82750 33698.55000 33408.42200 34301.72450 34014.44700 33724.31900 33387.02750 33097.24150 32804.61300 33700.86050 33411.07450 33118.44600 34016.75750 33726.97150 33434.34300 33099.52600 32807.24400 32512.12700 33413.35900 33121.07700 32825.96000 33729.25600 33436.97400 33141.85700
33699.28850 33409.50250 33116.87400 34015.78950 33726.00350 33433.37500 34334.33950 34044.55350 33751.92500 33411.78700 33119.50500 32824.38800 33728.28800 33436.00600 33140.88900 34046.83800 33754.55600 33459.43900 33121.76350 32826.99850 32529.40650 33438.26450 33143.49950 32845.90750 33756.81450 33462.04950 33164.45750
33726.73650 33434.45450 33139.33750 34045.88850 33753.60650 33458.48950 34367.07600 34074.79400 33779.67700 33436.71300 33141.94800 32844.35600 33755.86500 33461.10000 33163.50800 34077.05250 33782.28750 33484.69550 33144.18100 32846.94550 32546.89150 33463.33300 33166.09750 32866.04350 33784.52050 33487.28500 33187.23100
33754.33250 33459.56750 33161.97550 34076.12100 33781.35600 33483.76400 34399.92800 34105.16300 33807.57100 33461.80050 33164.56500 32864.51100 33783.58900 33486.35350 33186.29950 34107.39600 33810.16050 33510.10650 33166.77350 32867.08100 32564.57750 33488.56200 33188.86950 32886.36600 33812.36900 33512.67650 33210.17300
33782.07500 33484.83950 33184.78550 34106.48250 33809.24700 33509.19300 34432.89400 34135.65850 33835.60450 33487.04800 33187.35550 32884.85200 33811.45550 33511.76300 33209.25950 34137.86700 33838.17450 33535.67100 33189.53950 32887.40250 32582.46400 33513.94700 33211.81000 32906.87150 33840.35850 33538.22150 33233.28300
33809.96050 33510.26800 33207.76450 34136.97000 33837.27750 33534.77400 34465.96950 34166.27700 33863.77350 33512.45200 33210.31500 32905.37650 33839.46150 33537.32450 33232.38600 34168.46100 33866.32400 33561.38550 33212.47550 32907.90750 32600.54700 33539.48500 33234.91700 32927.55650 33868.48450 33563.91650 33256.55600
33837.98550 33535.84850 33230.91000 34167.58100 33865.44400 33560.50550 34499.15050 34197.01350 33892.07500 33538.00900 33233.44100 32926.08050 33867.60450 33563.03650 33255.67600 34199.17400 33894.60600 33587.24550 33235.57800 32928.59250 32618.82400 33565.17350 33258.18800 32948.41950 33896.74300 33589.75750 33279.98900
33866.14600 33561.57800 33254.21750 34198.31100 33893.74300 33586.38250 34532.43350 34227.86550 33920.50500 33563.71500 33256.72950 32946.96100 33895.88000 33588.89450 33279.12600 34230.00250 33923.01700 33613.24850 33258.84350 32949.45450 32637.29150 33591.00850 33281.61950 32969.45650 33925.13100 33615.74200 33303.57900
33894.43950 33587.45400 33277.68550 34229.15600 33922.17050 33612.40200 34565.81500 34258.82950 33949.06100 33589.56800 33280.17900 32968.01600 33924.28450 33614.89550 33302.73250 34260.94350 33951.55450 33639.39150 33282.27100 32970.49150 32655.94750 33616.98750 33305.20800 32990.66400 33953.64650 33641.86700 33327.32300
33922.86200 33613.47300 33301.31000 34260.11350 33950.72450 33638.56150 34599.29100 34289.90200 33977.73900 33615.56500 33303.78550 32989.24150 33952.81650 33641.03700 33326.49300 34291.99400 33980.21450 33665.67050 33305.85500 32991.69950 32674.78800 33643.10650 33328.95100 33012.03950 33982.28400 33668.12850 33351.21700
33951.41100 33639.63150 33325.08750 34291.17950 33979.40000 33664.85600 34632.85800 34321.07850 34006.53450 33641.70100 33327.54550 33010.63400 33981.46950 33667.31400 33350.40250 34323.14800 34008.99250 33692.08100 33329.59350 33013.07500 32693.81100 33669.36200 33352.84350 33033.57950 34011.04050 33694.52200 33375.25800
33980.08100 33665.92550 33349.01400 34322.34950 34008.19400 33691.28250 34666.51100 34352.35550 34035.44400 33667.97350 33351.45500 33032.19100 34010.24200 33693.72350 33374.45950 34354.40350 34037.88500 33718.62100 33353.48200 33034.61500 32713.01250 33695.75050 33376.88350 33055.28100 34039.91200 33721.04500 33399.44250
34008.87000 33692.35150 33373.08750 34353.62100 34037.10250 33717.83850 34700.24750 34383.72900 34064.46500 33694.37850 33375.51150 33053.90900 34039.12950 33720.26250 33398.66000 34385.75600 34066.88900 33745.28650 33377.51750 33056.31650 32732.39000 33722.26850 33401.06750 33077.14100 34068.89500 33747.69400 33423.76750
34037.77400 33718.90700 33397.30450 34384.98900 34066.12200 33744.51950 34734.06300 34415.19600 34093.59350 33720.91300 33399.71200 33075.78550 34068.12800 33746.92700 33423.00050 34417.20200 34096.00100 33772.07450 33401.69800 33078.17650 32751.94050 33748.91300 33425.39150 33099.15550 34097.98700 33774.46550 33448.22950
34066.78850 33745.58750 33421.66100 34416.44900 34095.24800 33771.32150 34767.95250 34446.75150 34122.82500 33747.57350 33424.05200 33097.81600 34097.23400 33773.71250 33447.47650 34448.73750 34125.21600 33798.98000 33426.01800 33100.19100 32771.66000 33775.67850 33449.85150 33121.32050 34127.18200 33801.35500 33472.82400
34095.91050 33772.38900 33446.15300 34447.99950 34124.47800 33798.24200 34801.91350 34478.39200 34152.15600 33774.35500 33448.52800 33119.99700 34126.44400 33800.61700 33472.08600 34480.35800 34154.53100 33826.00000 33450.47450 33122.35700 32791.54600 33802.56350 33474.44600 33143.63500 34156.47750 33828.36000 33497.54900
34125.13650 33799.30950 33470.77850 34479.63450 34153.80750 33825.27650 34835.93950 34510.11250 34181.58150 33801.25600 33473.13850 33142.32750 34155.75400 33827.63650 33496.82550 34512.05900 34183.94150 33853.13050 33475.06550 33144.67150 32811.59450 33829.56350 33499.16950 33166.09250 34185.86850 33855.47450 33522.39750
34154.46150 33826.34400 33495.53300 34511.35050 34183.23300 33852.42200 34870.02900 34541.91150 34211.10050 33828.27100 33497.87700 33164.80000 34185.16000 33854.76600 33521.68900 34543.83850 34213.44450 33880.36750 33499.78450 33167.12950 32831.80200 33856.67350 33524.01850 33188.69100 34215.35200 33882.69700 33547.36950
34183.88250 33853.48850 33520.41150 34543.14350 34212.74950 33879.67250 34904.17600 34573.78200 34240.70500 33855.39600 33522.74100 33187.41350 34214.65700 33882.00200 33546.67450 34575.68950 34243.03450 33907.70700 33524.63000 33189.72850 32852.16600 33883.89100 33548.98950 33211.42700 34244.92350 33910.02200 33572.45950
34213.39450 33880.73950 33545.41200 34575.00850 34242.35350 33907.02600 34938.37600 34605.72100 34270.39350 33882.62850 33547.72700 33210.16450 34244.24250 33909.34100 33571.77850 34607.61000 34272.70850 33935.14600 33549.59750 33212.46450 32872.68200 33911.21150 33574.07850 33234.29600 34274.57900 33937.44600 33597.66350
34242.99500 33908.09350 33570.53100 34606.94300 34272.04150 33934.47900 34972.62600 34637.72450 34300.16200 33909.96400 33572.83100 33233.04850 34273.91200 33936.77900 33596.99650 34639.59500 34302.46200 33962.67950 33574.68350 33235.33450 32893.34650 33938.63150 33599.28250 33257.29450 34304.31450 33964.96550 33622.97750
34272.67900 33935.54600 33595.76350 34638.94150 34301.80850 33962.02600 35006.92000 34669.78700 34330.00450 33937.39850 33598.04950 33256.06150 34303.66100 33964.31200 33622.32400 34671.63950 34332.29050 33990.30250 33599.88450 33258.33400 32914.15650 33966.14700 33624.59650 33280.41900 34334.12550 33992.57500 33648.39750
34302.44200 33963.09300 33621.10500 34670.99950 34331.65050 33989.66250 35041.25500 34701.90600 34359.91800 33964.92800 33623.37750 33279.20000 34333.48550 33991.93500 33647.75750 34703.74100 34362.19050 34018.01300 33625.19500 33281.45900 32935.10750 33993.75250 33650.01650 33303.66500 34364.00800 34020.27200 33673.92050
34332.28100 33990.73050 33646.55300 34703.11400 34361.56350 34017.38600 35075.62600 34734.07550 34389.89800 33992.54800 33648.81200 33302.46050 34363.38100 34019.64500 33673.29350 34735.89300 34392.15700 34045.80550 33650.61250 33304.70650 32956.19700 34021.44550 33675.53950 33327.03000 34393.95750 34048.05150 33699.54200
34362.19050 34018.45450 33672.10300 34735.27900 34391.54300 34045.19150 35110.02750 34766.29150 34419.94000 34020.25500 33674.34900 33325.83950 34393.34350 34047.43750 33698.92800 34768.09200 34422.18600 34073.67650 33676.13250 33328.07250 32977.42050 34049.22100 33701.16100 33350.50900 34423.96950 34075.90950 33725.25750
34392.16650 34046.26050 33697.75100 34767.49100 34421.58500 34073.07550 35144.45550 34798.54950 34450.04000 34048.04400 33699.98400 33349.33200 34423.36850 34075.30850 33724.65650 34800.33300 34452.27300 34101.62100 33701.75100 33351.55150 32998.77350 34077.07550 33726.87600 33374.09800 34454.04000 34103.84050 33751.06250
34422.20500 34074.14500 33723.49300 34799.74500 34451.68500 34101.03300 35178.90550 34830.84550 34480.19350 34075.91200 33725.71250 33372.93450 34453.45200 34103.25250 33750.47450 34832.61250 34482.41300 34129.63500 33727.46350 33375.14150 33020.25250 34105.00350 33752.68150 33397.79250 34484.16400 34131.84200 33776.95300
34452.30200 34102.10250 33749.32450 34832.03650 34481.83700 34129.05900 35213.37300 34863.17350 34510.39550 34103.85350 33751.53150 33396.64250 34483.58800 34131.26600 33776.37700 34864.92450 34512.60250 34157.71350 33753.26650 33398.83800 33041.85450 34133.00100 33778.57250 33421.58900 34514.33750 34159.90900 33802.92550
34482.45150 34130.12950 33775.24050 34864.36150 34512.03950 34157.15050 35247.85250 34895.53050 34540.64150 34131.86450 33777.43600 33420.45250 34513.77450 34159.34600 33802.36250 34897.26550 34542.83700 34185.85350 33779.15500 33422.63550 33063.57350 34161.06500 33804.54550 33445.48350 34544.55600 34188.03650 33828.97450
34512.65050 34158.22200 33801.23850 34896.71400 34542.28550 34185.30200 35282.33900 34927.91050 34570.92700 34159.94100 33803.42150 33444.35950 34544.00450 34187.48500 33828.42300 34929.62950 34573.11000 34214.04800 33805.12500 33446.53100 33085.40750 34189.18850 33830.59450 33469.47100 34574.81350 34216.21950 33855.09600
34542.89350 34186.37400 33827.31200 34929.09000 34572.57050 34213.50850 35316.82800 34960.30850 34601.24650 34188.07750 33829.48350 33468.36000 34574.27400 34215.68000 33854.55650 34962.01200 34603.41800 34242.29450 33831.17200 33470.52000 33107.35050 34217.36850 33856.71650 33493.54700 34605.10650 34244.45450 33881.28500
34573.17550 34214.58150 33853.45800 34961.48450 34602.89050 34241.76700 35351.31450 34992.72050 34631.59700 34216.27000 33855.61800 33492.44850 34604.57900 34243.92700 33880.75750 34994.40900 34633.75700 34270.58750 33857.29100 33494.59750 33129.39950 34245.60000 33882.90650 33517.70850 34635.43000 34272.73650 33907.53850
34603.49300 34242.84100 33879.67150 34993.89350 34633.24150 34270.07200 35385.79350 35025.14150 34661.97200 34244.51400 33881.82050 33516.62250 34634.91450 34272.22100 33907.02300 35026.81450 34664.12100 34298.92300 33883.47900 33518.76000 33151.55000 34273.87950 33909.16050 33541.95050 34665.77950 34301.06050 33933.85050
34633.84050 34271.14700 33905.94900 35026.31050 34663.61700 34298.41900 35420.25900 35057.56550 34692.36750 34272.80550 33908.08650 33540.87650 34665.27550 34300.55650 33933.34650 35059.22400 34694.50500 34327.29500 33909.73050 33543.00250 33173.79700 34302.20050 33935.47250 33566.26700 34696.14900 34329.42100 33960.21550
34664.21350 34299.49450 33932.28450 35058.73150 34694.01250 34326.80250 35454.70750 35089.98850 34722.77850 34301.13850 33934.41050 33565.20500 34695.65650 34328.92850 33959.72300 35091.63250 34724.90450 34355.69900 33936.04100 33567.32100 33196.13650 34330.55900 33961.83900 33590.65450 34726.53500 34357.81500 33986.63050
34694.60600 34327.87800 33958.67250 35091.15050 34724.42250 34355.21700 35489.13200 35122.40400 34753.19850 34329.50850 33960.78850 33589.60400 34726.05300 34357.33300 33986.14850 35124.03450 34755.31450 34384.13000 33962.40450 33591.71000 33218.56350 34358.94900 33988.25450 33615.10800 34756.93050 34386.23600 34013.08950
34725.01550 34356.29550 33985.11100 35123.56400 34754.84400 34383.65950 35523.52850 35154.80850 34783.62400 34357.91150 33987.21700 33614.07050 34756.46000 34385.76550 34012.61900 35156.42450 34785.73000 34412.58350 33988.81900 33616.16600 33241.07600 34387.36750 34014.71450 33639.62450 34787.33200 34414.67900 34039.58900
34755.43350 34384.73900 34011.59250 35155.96550 34785.27100 34412.12450 35557.89100 35187.19650 34814.05000 34386.34100 34013.68800 33638.59800 34786.87300 34414.22000 34039.13000 35188.79850 34816.14550 34441.05550 34015.27650 33640.68300 33263.66550 34415.80850 34041.21500 33664.19750 34817.73400 34443.14050 34066.12300
34785.85800 34413.20500 34038.11500 35188.35000 34815.69700 34440.60700 35592.21400 35219.56100 34844.47100 34414.79350 34040.20000 33663.18250 34817.28550 34442.69200 34065.67450 35221.14950 34846.55600 34469.53850 34041.77500 33665.25800 33286.33050 34444.26700 34067.75000 33688.82250 34848.13100 34471.61400 34092.68650
34816.28150 34441.68800 34064.67050 35220.71150 34846.11800 34469.10050 35626.49200 35251.89850 34874.88100 34443.26300 34066.74600 33687.81850 34847.69300 34471.17600 34092.24850 35253.47350 34876.95650 34498.02900 34068.30750 33689.88400 33309.06350 34472.73750 34094.31400 33713.49350 34878.51800 34500.09450 34119.27400
34846.70050 34470.18350 34091.25600 35253.04600 34876.52900 34497.60150 35660.71950 35284.20250 34905.27500 34471.74500 34093.32150 33712.50100 34878.09050 34499.66700 34118.84650 35285.76400 34907.34050 34526.52000 34094.87000 33714.55800 33331.86200 34501.21550 34120.90350 33738.20750 34908.88900 34528.57700 34145.88100
34877.10900 34498.68550 34117.86500 35285.34700 34906.92350 34526.10300 35694.89100 35316.46750 34935.64700 34500.23400 34119.92200 33737.22600 34908.47200 34528.16000 34145.46400 35318.01600 34937.70400 34555.00800 34121.45750 33739.27300 33354.72000 34529.69550 34147.51100 33762.95800 34939.23950 34557.05500 34172.50200
34907.50150 34527.18950 34144.49350 35317.60950 34937.29750 34554.60150 35729.00100 35348.68900 34965.99300 34528.72500 34146.54050 33761.98750 34938.83300 34556.64850 34172.09550 35350.22450 34968.04000 34583.48700 34148.06400 33764.02600 33377.63250 34558.17200 34174.13400 33787.74050 34969.56350 34585.52550 34199.13200
34937.87300 34555.68850 34171.13550 35349.82800 34967.64350 34583.09050 35763.04400 35380.85950 34996.30650 34557.21200 34173.17400 33786.78050 34969.16700 34585.12900 34198.73550 35382.38300 34998.34500 34611.95150 34174.68450 33788.81050 33400.59500 34586.63950 34200.76550 33812.55000 34999.85550 34613.98150 34225.76600
34968.21750 34584.17950 34197.78600 35381.99600 34997.95800 34611.56450 35797.01250 35412.97450 35026.58100 34585.69000 34199.81600 33811.60050 34999.46850 34613.59450 34225.37900 35414.48500 35028.61100 34640.39550 34201.31400 33813.62150 33423.60250 34615.09250 34227.40000 33837.38100 35030.10900 34642.41650 34252.39750
34998.52950 34612.65550 34224.44000 35414.10850 35028.23450 34640.01900 35830.90200 35445.02800 35056.81250 34614.15350 34226.46100 33836.44200 35029.73250 34642.04000 34252.02100 35446.52600 35058.83350 34668.81450 34227.94750 33838.45350 33446.64850 34643.52650 34254.03250 33862.22750 35060.32000 34670.82600 34279.02100
35028.80400 34641.11150 34251.09250 35446.15950 35058.46700 34668.44800 35864.70650 35477.01400 35086.99500 34642.59800 34253.10400 33861.29900 35059.95350 34670.45950 34278.65450 35478.50050 35089.00650 34697.20150 34254.57850 33863.30300 33469.72950 34671.93400 34280.65850 33887.08500 35090.48100 34699.20550 34305.63200
35059.03500 34669.54100 34277.73600 35478.14350 35088.64950 34696.84450 35898.42000 35508.92600 35117.12100 34671.01550 34279.74000 33886.16650 35090.12400 34698.84850 34305.27500 35510.40050 35119.12500 34725.55150 34281.20250 33888.16250 33492.83900 34700.31100 34307.27100 33911.94750 35120.58750 34727.54750 34332.22400
35089.21550 34697.94000 34304.36650 35510.05300 35118.77750 34725.20400 35932.03550 35540.76000 35147.18650 34699.40250 34306.36250 33911.03900 35120.24000 34727.20000 34331.87650 35542.22250 35149.18250 34753.85900 34307.81350 33913.02650 33515.97200 34728.65100 34333.86400 33936.80950 35150.63350 34755.84650 34358.79200
35119.34200 34726.30200 34330.97850 35541.88450 35148.84450 34753.52100 35965.54800 35572.50800 35177.18450 34727.75300 34332.96600 33935.91150 35150.29550 34755.50850 34358.45400 35573.95900 35179.17200 34782.11750 34334.40600 33937.89150 33539.12350 34756.94850 34360.43400 33961.66600 35180.61200 34784.09750 34385.32950
35149.40700 34754.62000 34357.56550 35573.63000 35178.84300 34781.78850 35998.95050 35604.16350 35207.10900 34756.06000 34359.54550 33960.77750 35180.28300 34783.76850 34385.00050 35605.60350 35209.08900 34810.32100 34360.97400 33962.74950 33562.28700 34785.19700 34386.97250 33986.51000 35210.51750 34812.29300 34411.83050
35179.40450 34782.89000 34384.12200 35605.28400 35208.76950 34810.00150 36032.23650 35635.72200 35236.95400 34784.31850 34386.09400 33985.63150 35210.19800 34811.97350 34411.51100 35637.15050 35238.92600 34838.46350 34387.51200 33987.59650 33585.45750 34813.39150 34413.47600 34011.33700 35240.34400 34840.42850 34438.28950
35209.32850 34811.10400 34410.64150 35636.84050 35238.61600 34838.15350 36065.40050 35667.17600 35266.71350 34812.52200 34412.60650 34010.46750 35240.03400 34840.11850 34437.97950 35668.59400 35268.67850 34866.53950 34414.01300 34012.42450 33608.62850 34841.52500 34439.93650 34036.14050 35270.08500 34868.49650 34464.70050
35239.17400 34839.25850 34437.11950 35668.29250 35268.37700 34866.23800 36098.43550 35698.52000 35296.38100 34840.66500 34439.07650 34035.28050 35269.78350 34868.19500 34464.39900 35699.92650 35298.33800 34894.54200 34440.47250 34037.23100 33631.79600 34869.59100 34466.34950 34060.91450 35299.73400 34896.49250 34491.05750
35268.93350 34867.34500 34463.54900 35699.63400 35298.04550 34894.24950 36131.33450 35729.74600 35325.95000 34868.74100 34465.49950 34060.06450 35299.44150 34896.20000 34490.76500 35731.14200 35327.90050 34922.46550 34466.88450 34062.00750 33654.95300 34897.58500 34492.70800 34085.65350 35329.28550 34924.40850 34517.35400
35298.60050 34895.35900 34489.92400 35730.85800 35327.61650 34922.18150 36164.09100 35760.84950 35355.41450 34896.74400 34491.86700 34084.81250 35329.00150 34924.12450 34517.07000 35762.23450 35357.35750 34950.30300 34493.24200 34086.74850 33678.09350 34925.49950 34519.00600 34110.35100 35358.73250 34952.23900 34543.58400
35328.16950 34923.29250 34516.23800 35761.95950 35357.08250 34950.02800 36196.69900 35791.82200 35384.76750 34924.66750 34518.17400 34109.51900 35358.45750 34951.96400 34543.30900 35793.19700 35386.70350 34978.04850 34519.53850 34111.44850 33701.21100 34953.32850 34545.23850 34135.00100 35388.06800 34979.97800 34569.74050
35357.63450 34951.14100 34542.48600 35792.93050 35386.43700 34977.78200 36229.15150 35822.65800 35414.00300 34952.50550 34544.41550 34134.17800 35387.80150 34979.71150 34569.47400 35824.02250 35415.93250 35005.69500 34545.76950 34136.10050 33724.30050 34981.06550 34571.39650 34159.59650 35417.28650 35007.61750 34595.81750
35386.98750 34978.89750 34568.66000 35823.76400 35415.67400 35005.43650 36261.44100 35853.35100 35443.11350 34980.25150 34570.58250 34158.78250 35417.02800 35007.35900 34595.55900 35854.70500 35445.03600 35033.23600 34571.92700 34160.69900 33747.35500 35008.70350 34597.47550 34184.13150 35446.38050 35035.15250 34621.80850
35416.22300 35006.55400 34594.75400 35854.45500 35444.78600 35032.98600 36293.56150 35883.89250 35472.09250 35007.89850 34596.67050 34183.32650 35446.13050 35034.90250 34621.55850 35885.23700 35474.00900 35060.66500 34598.00500 34185.23700 33770.36900 35036.23700 34623.46900 34208.60100 35475.34350 35062.57550 34647.70750
35445.33400 35034.10600 34620.76200 35884.99550 35473.76750 35060.42350 36325.50500 35914.27700 35500.93300 35035.44050 34622.67250 34207.80450 35475.10200 35062.33400 34647.46600 35915.61150 35502.84350 35087.97550 34623.99700 34209.70850 33793.33600 35063.65850 34649.37000 34232.99750 35504.16800 35089.87950 34673.50700
35474.31350 35061.54550 34646.67750 35915.37800 35502.61000 35087.74200 36357.26550 35944.49750 35529.62950 35062.87000 34648.58150 34232.20900 35503.93450 35089.64600 34673.27350 35945.82200 35531.53350 35115.16100 34649.89650 34234.10650 33816.24850 35090.96100 34675.17100 34257.31300 35532.84850 35117.05850 34699.20050
35503.15500 35088.86650 34672.49400 35945.59600 35531.30750 35114.93500 36388.83450 35974.54600 35558.17350 35090.18150 34674.39150 34256.53350 35532.62250 35116.83250 34698.97450 35975.86100 35560.07100 35142.21300 34675.69700 34258.42550 33839.10200 35118.13800 34700.86650 34281.54300 35561.37650 35144.10500 34724.78150
35531.85150 35116.06150 34698.20350 35975.64350 35559.85350 35141.99550 36420.20600 36004.41600 35586.55800 35117.36700 34700.09550 34280.77200 35561.15900 35143.88750 34724.56400 36005.72150 35588.45000 35169.12650 34701.39200 34282.65850 33861.88800 35145.18400 34726.45050 34305.68000 35589.74650 35171.01300 34750.24250
35560.39600 35143.12450 34723.80100 36005.51150 35588.24000 35168.91650 36451.37150 36034.10000 35614.77650 35144.42100 34725.68750 34304.91700 35589.53650 35170.80300 34750.03250 36035.39650 35616.66300 35195.89250 34726.97400 34306.79750 33884.60150 35172.08950 34751.91300 34329.71700 35617.94950 35197.77300 34775.57700
35588.78200 35170.04850 34749.27800 36035.19500 35616.46150 35195.69100 36482.32550 36063.59200 35642.82150 35171.33500 34751.15850 34328.96250 35617.74800 35197.57150 34775.37550 36064.87850 35644.70200 35222.50600 34752.43650 34330.83750 33907.23450 35198.84950 34777.25050 34353.64750 35645.98000 35224.38100 34800.77800
35617.00150 35196.82500 34774.62900 36064.68450 35644.50800 35222.31200 36513.05850 36092.88200 35670.68600 35198.10300 34776.50400 34352.90100 35645.78600 35224.18700 34800.58400 36094.16000 35672.56100 35248.95800 34777.77300 34354.77050 33929.78100 35225.45600 34802.45350 34377.46400 35673.83000 35250.82750 34825.83800
35645.04700 35223.44800 34799.84500 36093.97300 35672.37400 35248.77100 36543.56350 36121.96450 35698.36150 35224.71700 34801.71450 34376.72500 35673.64300 35250.64050 34825.65100 36123.23350 35700.23100 35275.24150 34802.97500 34378.58900 33952.23300 35251.90100 34827.51500 34401.15900 35701.49150 35277.10550 34850.74950
35672.91250 35249.91000 34824.92050 36123.05450 35700.05200 35275.06250 36573.83400 36150.83150 35725.84200 35251.17050 34826.78450 34400.42850 35701.31250 35276.92650 34850.57050 36152.09200 35727.70600 35301.35000 34828.03600 34402.28800 33974.58450 35278.17800 34852.43000 34424.72650 35728.95750 35303.20950 34875.50600
35700.58900 35276.20300 34849.84700 36151.91950 35727.53350 35301.17750 36603.86000 36179.47400 35753.11800 35277.45450 34851.70650 34424.00300 35728.78500 35303.03700 34875.33350 36180.72550 35754.97750 35327.27400 34852.94900 34425.85700 33996.82750 35304.27950 34877.18750 34448.15800 35756.22000 35329.12800 34900.09850
35728.07000 35302.32200 34874.61850 36180.56100 35754.81300 35327.10950 36633.63550 36207.88750 35780.18400 35303.56450 34876.47250 34447.44300 35756.05550 35328.96350 34899.93400 36209.13000 35782.03800 35353.00850 34877.70750 34449.29300 34018.95600 35330.19850 34901.78400 34471.44700 35783.27300 35354.85850 34924.52150
35755.34750 35328.25550 34899.22600 36208.97200 35781.88000 35352.85050 36663.15200 36236.06000 35807.03050 35329.49050 34901.07600 34470.73900 35783.11500 35354.70050 34924.36350 36237.29500 35808.88050 35378.54350 34902.30200 34472.58400 34040.96150 35355.92650 34926.20850 34494.58600 35810.10650 35380.38850 34948.76600
35782.41450 35354.00000 34923.66300 36237.14400 35808.72950 35378.39250 36692.40150 36263.98700 35833.65000 35355.22600 34925.50800 34493.88550 35809.95550 35380.23750 34948.61500 36265.21300 35835.49500 35403.87250 34926.72550 34495.72600 34062.83800 35381.45500 34950.45550 34517.56750 35836.71250 35405.71300 34972.82500
35809.26300 35379.54500 34947.92250 36265.06950 35835.35150 35403.72900 36721.37600 36291.65800 35860.03550 35380.76250 34949.76300 34516.87500 35836.56900 35405.56950 34972.68150 36292.87550 35861.87600 35428.98800        nan        nan        nan        nan        nan        nan        nan        nan        nan
