       nan        nan        nan        nan        nan        nan        nan        nan        nan  481.20065        nan        nan        nan        nan        nan        nan        nan        nan  481.26439  482.25289        nan        nan        nan        nan        nan        nan        nan
 481.12642        nan        nan  480.25005        nan        nan        nan        nan        nan  481.19014  482.17834        nan  480.31354  481.29814        nan        nan        nan        nan  481.31770  482.31405  483.14638  480.44064  481.43335  482.26265        nan        nan        nan
 481.04156  482.02915        nan  480.15350  481.13744        nan  479.42194  480.40288        nan  481.16904  482.16477  482.99659  480.28051  481.27257  482.10130  479.54856  480.53759  481.36380  481.36054  482.36851  483.22069  480.47130  481.47555  482.32458  479.73877  480.73996  481.58639
 480.94577  481.94058  482.77162  480.04008  481.03114  481.85904  479.27807  480.26598  481.09125  481.13709  482.14413  482.99552  480.23068  481.23392  482.08209  479.46806  480.46812  481.31359  481.39270  482.41606  483.29380  480.48533  481.50482  482.37925  479.72190  480.73816  481.60980
 480.83874  481.84453  482.69486  479.90950  480.91140  481.75843  479.10908  480.10764  480.95184  481.09404  482.11612  482.99277  480.16381  481.18194  482.05519  479.36254  480.37727  481.24761  481.41392  482.45639  483.36483  480.48245  481.52089  482.42581  479.68013  480.71509  481.61698
 480.72011  481.74060  482.61589  479.76162  480.77804  481.64983  478.91619  479.92903  480.79774  481.03949  482.08034  482.98736  480.07973  481.11642  482.01982  479.23318  480.26622  481.16642  481.42389  482.48910  483.43277  480.46259  481.52354  482.46344  479.61470  480.67191  481.60848
 480.58944  481.62834  482.53366  479.59633  480.63093  481.53251  478.70058  479.73132  480.62951  480.97311  482.03633  482.97823  479.97842  481.03724  481.97523  479.08124  480.13610  481.07058  481.42224  482.51370  483.49655  480.42569  481.51264  482.49140  479.52684  480.60972  481.58481
 480.44644  481.50733  482.44716  479.41376  480.47008  481.40587  478.46337  479.51551  480.44757  480.89459  481.98366  482.96434  479.85998  480.94436  481.92081  478.90782  479.98790  480.96047  481.40867  482.52972  483.55512  480.37185  481.48807  482.50905  479.41766  480.52945  481.54636
 480.29083  481.37717  482.35538  479.21407  480.29553  481.26935  478.20567  479.28258  480.25229  480.80363  481.92186  482.94468  479.72456  480.83777  481.85599  478.71402  479.82254  480.83646  481.38286  482.53664  483.60750  480.30119  481.44979  482.51582  479.28822  480.43197  481.49350
 480.12235  481.23741  482.25732  478.99754  480.10738  481.12250  477.92844  479.03332  480.04390  480.69993  481.85044  482.91825  479.57242  480.71753  481.78032  478.50076  479.64075  480.69878  481.34450  482.53396  483.65274  480.21396  481.39784  482.51135  479.13943  480.31801  481.42653
 479.94080  481.08767  482.15210  478.76446  479.90571  480.96491  477.63254  478.76839  479.82257  480.58333  481.76903  482.88426  479.40384  480.58372  481.69347  478.26890  479.44319  480.54767  481.29340  482.52121  483.69003  480.11043  481.33220  482.49526  478.97214  480.18812  481.34565
 479.74608  480.92765  482.03899  478.51519  479.69070  480.79632  477.31872  478.48835  479.58843  480.45368  481.67720  482.84193  479.21916  480.43640  481.59513  478.01917  479.23031  480.38323  481.22938  482.49800  483.71862  479.99088  481.25297  482.46730  478.78703  480.04279  481.25100
 479.53810  480.75696  481.91724  478.25008  479.46240  480.61643  476.98774  478.19365  479.34158  480.31085  481.57462  482.79057  479.01868  480.27566  481.48505  477.75228  479.00261  480.20559  481.15227  482.46391  483.73788  479.85558  481.16015  482.42724  478.58476  479.88242  481.14278
 479.31682  480.57536  481.78626  477.96947  479.22093  480.42501  476.64019  477.88469  479.08206  480.15476  481.46096  482.72964  478.80270  480.10154  481.36305  477.46879  478.76039  480.01486  481.06196  482.41865  483.74724  479.70479  481.05383  482.37490  478.36586  479.70736  481.02104
 479.08222  480.38258  481.64557  477.67368  478.96639  480.22194  476.27661  477.56177  478.80995  479.98537  481.33598  482.65861  478.57152  479.91418  481.22899  477.16921  478.50400  479.81108  480.95838  482.36189  483.74620  479.53880  480.93403  482.31014  478.13082  479.51786  480.88587
 478.83434  480.17847  481.49474  477.36300  478.69888  480.00703  475.89753  477.22520  478.52530  479.80268  481.19945  482.57709  478.32540  479.71357  481.08270  476.85402  478.23365  479.59433  480.84152  482.29344  483.73437  479.35784  480.80081  482.23282  477.88011  479.31418  480.73734
 478.57319  479.96280  481.33335  477.03777  478.41847  479.78020  475.50335  476.87517  478.22812  479.60670  481.05117  482.48467  478.06466  479.49984  480.92410  476.52363  477.94956  479.36461  480.71128  482.21301  483.71139  479.16214  480.65419  482.14289  477.61404  479.09645  480.57550
 478.29883  479.73541  481.16108  476.69825  478.12522  479.54132  475.09452  476.51189  477.91844  479.39738  480.89090  482.38107  477.78946  479.27295  480.75310  476.17839  477.65189  479.12202  480.56767  482.12044  483.67693  478.95190  480.49423  482.04022  477.33300  478.86490  480.40041
 478.01130  479.49618  480.97770  476.34465  477.81918  479.29034  474.67135  476.13552  477.59632  479.17482  480.71859  482.26603  477.50007  479.03305  480.56963  475.81865  477.34083  478.86656  480.41069  482.01561  483.63076  478.72730  480.32097  481.92476  477.03724  478.61966  480.21209
 477.71070  479.24504  480.78298  475.97724  477.50044  479.02720  474.23420  475.74625  477.26179  478.93902  480.53410  482.13932  477.19665  478.78013  480.37363  475.44468  477.01654  478.59830  480.24037  481.89837  483.57264  478.48853  480.13444  481.79645  476.72709  478.36088  480.01062
 477.39705  478.98187  480.57671  475.59622  477.16908  478.75186  473.78335  475.34423  476.91490  478.69002  480.33732  482.00074  476.87944  478.51428  480.16508  475.05680  476.67914  478.31728  480.05668  481.76858  483.50238  478.23577  479.93468  481.65528  476.40276  478.08865  479.79602
 477.07048  478.70663  480.35875  475.20181  476.82514  478.46429  473.31910  474.92957  476.55569  478.42789  480.12817  481.85016  476.54859  478.23551  479.94393  474.65522  476.32874  478.02354  479.85968  481.62618  483.41980  477.96914  479.72172  481.50116  476.06448  477.80310  479.56830
 476.73102  478.41924  480.12897  474.79417  476.46868  478.16448  472.84167  474.50240  476.18421  478.15266  479.90659  481.68740  476.20426  477.94390  479.71016  474.24016  475.96546  477.71709  479.64936  481.47107  483.32478  477.68878  479.49559  481.33409  475.71244  477.50431  479.32754
 476.37878  478.11970  479.88725  474.37351  476.09978  477.85240  472.35128  474.06284  475.80047  477.86439  479.67253  481.51239  475.84662  477.63950  479.46376  473.81184  475.58939  477.39800  479.42581  481.30323  483.21720  477.39486  479.25638  481.15407  475.34685  477.19240  479.07375
 476.01382  477.80796  479.63351  473.93995  475.71846  477.52806  471.84820  473.61102  475.40459  477.56315  479.42599  481.32502  475.47579  477.32234  479.20472  473.37050  475.20070  477.06635  479.18904  481.12259  483.09696  477.08747  479.00407  480.96105  474.96791  476.86748  478.80701
 475.63622  477.48403  479.36768  473.49370  475.32486  477.19149  471.33260  473.14705  474.99657  477.24899  479.16689  481.12521  475.09195  476.99252  478.93306  472.91626  474.79943  476.72213  478.93906  480.92908  482.96395  476.76675  478.73872  480.75506  474.57573  476.52958  478.52732
 475.24609  477.14790  479.08971  473.03489  474.91900  476.84268  470.80467  472.67102  474.57650  476.92198  478.89524  480.91290  474.69520  476.65003  478.64878  472.44933  474.38568  476.36544  478.67597  480.72274  482.81813  476.43281  478.46041  480.53608  474.17051  476.17886  478.23474
 474.84349  476.79955  478.79956  472.56367  474.50096  476.48169  470.26459  472.18304  474.14442  476.58219  478.61106  480.68805  474.28569  476.29501  478.35190  471.96986  473.95957  475.99629  478.39977  480.50351  482.65945  476.08576  478.16915  480.30414  473.75237  475.81534  477.92932
 474.42853  476.43906  478.49720  472.08018  474.07082  476.10849  469.71257  471.68325  473.70041  476.22969  478.31434  480.45063  473.86351  475.92746  478.04244  471.47803  473.52120  475.61480  478.11056  480.27139  482.48783  475.72570  477.86498  480.05922  473.32148  475.43915  477.61111
 474.00126  476.06640  478.18262  471.58452  473.62862  475.72317  469.14874  471.17173  473.24456  475.86453  478.00506  480.20059  473.42881  475.54743  477.72039  470.97399  473.07065  475.22098  477.80834  480.02637  482.30323  475.35272  477.54796  479.80132  472.87797  475.05036  477.28015
 473.56179  475.68161  477.85579  471.07690  473.17448  475.32576  468.57328  470.64858  472.77689  475.48679  477.68327  479.93791  472.98171  475.15506  477.38584  470.45786  472.60802  474.81489  477.49319  479.76848  482.10567  474.96698  477.21820  479.53055  472.42196  474.64905  476.93652
 473.11019  475.28472  477.51672  470.55738  472.70845  474.91626  467.98633  470.11391  472.29750  475.09654  477.34899  479.66262  472.52231  474.75035  477.03880  469.92980  472.13341  474.39664  477.16517  479.49771  481.89508  474.56853  476.87569  479.24685  471.95358  474.23533  476.58024
 472.64657  474.87579  477.16545  470.02611  472.23062  474.49478  467.38807  469.56785  471.80648  474.69387  477.00225  479.37468  472.05072  474.33340  476.67929  469.38997  471.64693  473.96625  476.82432  479.21407  481.67146  474.15746  476.52048  478.95026  471.47297  473.80925  476.21138
 472.17102  474.45488  476.80196  469.48323  471.74109  474.06134  466.77861  469.01047  471.30387  474.27884  476.64307  479.07410  471.56706  473.90427  476.30738  468.83845  471.14863  473.52379  476.47074  478.91759  481.43483  473.73392  476.15267  478.64084  470.98025  473.37089  475.83000
 471.68361  474.02197  476.42627  468.92883  471.23990  473.61599  466.15813  468.44190  470.78979  473.85153  476.27149  478.76091  471.07145  473.46302  475.92310  468.27545  470.63864  473.06938  476.10446  478.60831  481.18516  473.29796  475.77231  478.31862  470.47554  472.92039  475.43619
 471.18446  473.57718  476.03844  468.36307  470.72715  473.15880  465.52675  467.86222  470.26428  473.41203  475.88757  478.43512  470.56399  473.00976  475.52651  467.70103  470.11706  472.60304  475.72556  478.28626  480.92247  472.84969  475.37944  477.98362  469.95894  472.45778  475.02996
 470.67364  473.12055  475.63849  467.78605  470.20296  472.68985  464.88465  467.27159  469.72748  472.96042  475.49136  478.09676  470.04479  472.54454  475.11766  467.11538  469.58399  472.12489  475.33411  477.95145  480.64677  472.38923  474.97416  477.63590  469.43062  471.98318  474.61142
 470.15125  472.65213  475.22643  467.19790  469.66738  472.20918  464.23191  466.67005  469.17943  472.49676  475.08287  477.74583  469.51395  472.06743  474.69661  466.51858  469.03949  471.63495  474.93015  477.60393  480.35805  471.91664  474.55651  477.27549  468.89063  471.49666  474.18059
 469.61741  472.17201  474.80236  466.59872  469.12050  471.71686  463.56870  466.05775  468.62023  472.02116  474.66220  477.38240  468.97159  471.57852  474.26339  465.91078  468.48370  471.13334  474.51378  477.24376  480.05638  471.43202  474.12656  476.90245  468.33912  470.99831  473.73759
 469.07216  471.68021  474.36624  465.98865  468.56244  471.21298  462.89516  465.43479  468.04996  471.53365  474.22936  477.00645  468.41781  471.07790  473.81810  465.29208  467.91670  470.62014  474.08506  476.87096  479.74174  470.93552  473.68441  476.51684  467.77622  470.48825  473.28247
 468.51565  471.17686  473.91822  465.36778  467.99325  470.69758  462.21140  464.80127  467.46873  471.03442  473.78447  476.61810  467.85273  470.56565  473.36079  464.66266  467.33860  470.09543  473.64409  476.48561  479.41421  470.42716  473.23011  476.11870  467.20201  469.96654  472.81531
 467.94797  470.66200  473.45829  464.73628  467.41307  470.17078  461.51759  464.15733  466.87664  470.52346  473.32755  476.21734  467.27643  470.04185  472.89153  464.02259  466.74951  469.55929  473.19090  476.08773  479.07377  469.90708  472.76373  475.70809  466.61663  469.43329  472.33618
 467.36918  470.13570  472.98652  464.09420  466.82197  469.63263  460.81381  463.50304  466.27375  470.00088  472.85867  475.80421  466.68904  469.50658  472.41038  463.37200  466.14950  469.01180  472.72559  475.67738  478.72048  469.37538  472.28535  475.28507  466.02017  468.88856  471.84515
 466.77943  469.59806  472.50300  463.44171  466.22006  469.08323  460.10022  462.83853  465.66019  469.46681  472.37791  475.37881  466.09069  468.95995  471.91744  462.71103  465.53871  468.45307  472.24826  475.25464  478.35439  468.83217  471.79508  474.84972  465.41278  468.33249  471.34232
 466.17879  469.04914  472.00776  462.77892  465.60743  468.52266  459.37697  462.16392  465.03605  468.92130  471.88534  474.94115  465.48147  468.40204  471.41276  462.03981  464.91723  467.88318  471.75896  474.81955  477.97553  468.27752  471.29296  474.40208  464.79455  467.76516  470.82776
 465.56738  468.48904  471.50088  462.10594  464.98418  467.95098  458.64417  461.47932  464.40142  468.36447  471.38103  474.49132  464.86147  467.83293  470.89642  461.35845  464.28515  467.30221  471.25779  474.37219  477.58395  467.71153  470.77908  473.94222  464.16559  467.18665  470.30154
 464.94531  467.91784  470.98245  461.42289  464.35041  467.36832  457.90196  460.78484  463.75643  467.79640  470.86507  474.02937  464.23082  467.25273  470.36850  460.66707  463.64262  466.71027  470.74483  473.91262  477.17972  467.13433  470.25355  473.47022  463.52604  466.59710  469.76377
 464.31265  467.33563  470.45251  460.72987  463.70623  466.77473  457.15045  460.08060  463.10114  467.21719  470.33752  473.55534  463.58962  466.66153  469.82908  459.96581  462.98971  466.10745  470.22016  473.44090  476.76285  466.54599  469.71643  472.98614  462.87599  465.99658  469.21453
 463.66954  466.74251  469.91117  460.02703  463.05175  466.17032  456.38978  459.36670  462.43567  466.62693  469.79848  473.06933  462.93799  466.05942  469.27824  459.25475  462.32654  465.49383  469.68389  472.95712  476.33346  465.94665  469.16782  472.49008  462.21556  465.38517  468.65390
 463.01606  466.13854  469.35846  459.31445  462.38704  465.55517  455.62008  458.64328  461.76013  466.02573  469.24800  472.57140  462.27604  465.44649  468.71607  458.53407  461.65321  464.86954  469.13609  472.46133  475.89153  465.33638  468.60779  471.98206  461.54490  464.76303  468.08196
 462.35235  465.52384  468.79452  458.59231  461.71226  464.92941  454.84147  457.91042  461.07463  465.41370  468.68620  472.06160  461.60391  464.82287  468.14266  457.80385  460.96984  464.23463  468.57684  471.95360  475.43718  464.71531  468.03645  471.46223  460.86406  464.13019  467.49882
 461.67850  464.89850  468.21938  457.86070  461.02748  464.29309  454.05412  457.16828  460.37925  464.79090  468.11313  471.54004  460.92167  464.18861  467.55810  457.06423  460.27654  463.58926  468.00626  471.43405  474.97047  464.08353  467.45390  470.93063  460.17322  463.48682  466.90458
 460.99461  464.26260  467.63316  457.11972  460.33281  463.64635  453.25810  456.41694  459.67414  464.15748  467.52892  471.00678  460.22947  463.54388  466.96249  456.31535  459.57343  462.93350  467.42443  470.90273  474.49144  463.44117  466.86022  470.38734  459.47246  462.83299  466.29930
 460.30080  463.61625  467.03593  456.36951  459.62837  462.98925  452.45358  455.65655  458.95939  463.51350  466.93363  470.46186  459.52738  462.88872  466.35586  455.55730  458.86060  462.26744  466.83143  470.35972  474.00018  462.78828  466.25549  469.83246  458.76190  462.16882  465.68312
 459.59720  462.95957  466.42778  455.61021  458.91428  462.32192  451.64067  454.88721  458.23509  462.85910  466.32737  469.90545  458.81556  462.22328  465.73841  454.79021  458.13818  461.59122  466.22740  469.80511  473.49675  462.12505  465.63984  469.26606  458.04169  461.49441  465.05610
 458.88390  462.29264  465.80883  454.84189  458.19062  461.64446  450.81949  454.10905  457.50139  462.19438  465.71023  469.33756  458.09410  461.54761  465.11014  454.01424  457.40628  460.90492  465.61239  469.23899  472.98124  461.45152  465.01334  468.68823  457.31190  460.80986  464.41836
 458.16101  461.61554  465.17911  454.06472  457.45753  460.95695  449.99021  453.32217  456.75838  461.51941  465.08228  468.75827  457.36312  460.86187  464.47118  453.22947  456.66502  460.20865  464.98652  468.66144  472.45372  460.76783  464.37612  468.09908  456.57269  460.11532  463.77001
 457.42865  460.92840  464.53876  453.27880  456.71510  460.25950  449.15291  452.52671  456.00616  460.83434  464.44367  468.16772  456.62275  460.16615  463.82166  452.43604  455.91452  459.50253  464.34989  468.07255  471.91425  460.07409  463.72824  467.49867  455.82416  459.41085  463.11112
 456.68694  460.23135  463.88789  452.48426  455.96348  459.55226  448.30774  451.72279  455.24487  460.13926  463.79445  467.56597  455.87309  459.46055  463.16163  451.63408  455.15488  458.78663  463.70261  467.47242  471.36295  459.37042  463.06983  466.88713  455.06642  458.69656  462.44181
 455.93599  459.52444  463.22655  451.68122  455.20276  458.83528  447.45483  450.91052  454.47460  459.43428  463.13473  466.95310  455.11429  458.74519  462.49123  450.82371  454.38621  458.06112  463.04477  466.86113  470.79986  458.65693  462.40102  466.26454  454.29962  457.97262  461.76219
 455.17592  458.80782  462.55489  450.86980  454.43303  458.10870  446.59431  450.09002  453.69549  458.71953  462.46465  466.32923  454.34642  458.02018  461.81054  450.00506  453.60867  457.32607  462.37648  466.23880  470.22511  457.93371  461.72185  465.63097  453.52385  457.23909  461.07236
 454.40684  458.08158  461.87296  450.05013  453.65447  457.37262  445.72628  449.26143  452.90763  457.99508  461.78425  465.69443  453.56963  457.28562  461.11968  449.17822  452.82232  456.58159  461.69784  465.60548  469.63874  457.20089  461.03246  464.98655  452.73923  456.49608  460.37241
 453.62887  457.34584  461.18090  449.22231  452.86713  456.62715  444.85092  448.42486  452.11117  457.26108  461.09367  465.04880  452.78402  456.54162  460.41872  448.34338  452.02733  455.82782  461.00896  464.96131  469.04086  456.45858  460.33296  464.33135  451.94592  455.74376  459.66249
 452.84212  456.60069  460.47880  448.38650  452.07117  455.87240  443.96829  447.58041  451.30618  456.51762  460.39301  464.39245  451.98974  455.78832  459.70782  447.50060  451.22378  455.06484  460.30995  464.30637  468.43157  455.70691  459.62346  463.66550  451.14399  454.98218  458.94265
 452.04673  455.84626  459.76676  447.54279  451.26668  455.10848  443.07859  446.72826  450.49284  455.76483  459.68238  463.72547  451.18688  455.02580  458.98703  446.65005  450.41183  454.29280  459.60092  463.64076  467.81096  454.94597  458.90404  462.98909  450.33362  454.21150  458.21306
 451.24280  455.08267  459.04490  446.69134  450.45382  454.33551  442.18189  445.86847  449.67120  455.00283  458.96189  463.04797  450.37559  454.25420  458.25652  445.79183  449.59155  453.51178  458.88198  462.96459  467.17911  454.17592  458.17486  462.30223  449.51487  453.43180  457.47379
 450.43045  454.31001  458.31332  445.83224  449.63266  453.55360  441.27835  445.00120  448.84144  454.23171  458.23164  462.36004  449.55597  453.47361  457.51635  444.92608  448.76310  452.72192  458.15323  462.27798  466.53613  453.39683  457.43599  461.60501  448.68791  452.64324  456.72497
 449.60981  453.52840  457.57212  444.96563  448.80333  452.76287  440.36807  444.12655  448.00363  453.45160  457.49174  461.66178  448.72812  452.68417  456.76664  444.05290  447.92659  451.92331  457.41480  461.58098  465.88210  452.60883  456.68754  460.89753  447.85282  451.84588  455.96668
 448.78099  452.73797  456.82141  444.09163  447.96599  451.96343  439.45120  443.24468  447.15793  452.66261  456.74229  460.95330  447.89222  451.88598  456.00752  443.17245  447.08212  451.11610  456.66679  460.87375  465.21716  451.81207  455.92967  460.17995  447.00977  451.03991  455.19910
 447.94411  451.93881  456.06131  443.21036  447.12070  451.15538  438.52787  442.35566  446.30442  451.86488  455.98344  460.23473  447.04834  451.07918  455.23909  442.28484  446.22985  450.30040  455.90931  460.15637  464.54134  451.00663  455.16243  459.45229  446.15885  450.22539  454.42226
 447.09930  451.13106  455.29194  442.32196  446.26764  450.33888  437.59817  441.45966  445.44326  451.05850  455.21525  459.50612  446.19663  450.26385  454.46145  441.39017  445.36985  449.47628  455.14247  459.42895  463.85481  450.19264  454.38598  458.71474  445.30018  449.40245  453.63635
 446.24668  450.31482  454.51337  441.42654  445.40688  449.51399  436.66227  440.55678  444.57453  450.24359  454.43788  458.76764  445.33720  449.44015  453.67476  440.48860  444.50230  448.64394  454.36640  458.69162  463.15764  449.37024  453.60042  457.96738  444.43392  448.57124  452.84144
 445.38635  449.49021  453.72577  440.52421  444.53856  448.68088  435.72026  439.64714  443.69839  449.42029  453.65141  458.01935  444.47016  448.60817  452.87908  439.58024  443.62728  447.80344  453.58121  457.94447  462.44994  448.53952  452.80587  457.21030  443.56015  447.73186  452.03767
 444.51846  448.65737  452.92922  439.61513  443.66281  447.83964  434.77229  438.73088  442.81493  448.58871  452.85599  457.26141  443.59567  447.76805  452.07456  438.66523  442.74494  446.95492  452.78703  457.18762  461.73183  447.70062  452.00244  456.44365  442.67902  446.88442  451.22515
 443.64312  447.81639  452.12384  438.69939  442.77975  446.99039  433.81846  437.80811  441.92429  447.74895  452.05170  456.49388  442.71382  446.91988  451.26130  437.74365  441.85537  446.09848  451.98395  456.42118  461.00340  446.85366  451.19025  455.66753  441.79064  446.02905  450.40398
 442.76044  446.96740  451.30974  437.77713  441.88948  446.13325  432.85892  436.87896  441.02659  446.90116  451.23867  455.71692  441.82474  446.06380  450.43942  436.81568  440.95872  445.23428  451.17209  455.64526  460.26476  445.99874  450.36941  454.88203  440.89514  445.16588  449.57431
 441.87056  446.11051  450.48705  436.84848  440.99215  445.26836  431.89378  435.94355  440.12195  446.04543  450.41702  454.93059  440.92856  445.19995  449.60905  435.88141  440.05511  444.36241  450.35160  454.85996  459.51602  445.13603  449.54006  454.08730  439.99266  444.29501  448.73624
 440.97359  445.24586  449.65588  435.91355  440.08787  444.39581  430.92315  435.00199  439.21046  445.18192  449.58687  454.13506  440.02541  444.32841  448.77030  434.94097  439.14462  443.48297  449.52257  454.06544  458.75729  444.26560  448.70231  453.28343  439.08328  443.41658  447.88986
 440.06967  444.37354  448.81634  434.97247  439.17674  443.51573  429.94719  434.05442  438.29229  444.31073  448.74834  453.33041  439.11539  443.44932  447.92328  433.99448  438.22744  442.59612  448.68513  453.26178  457.98872  443.38760  447.85627  452.47057  438.16715  442.53071  447.03536
 439.15891  443.49371  447.96856  434.02536  438.25892  442.62823  428.96600  433.10096  437.36754  443.43197  447.90155  452.51678  438.19862  442.56281  447.06812  433.04208  437.30365  441.70200  447.83940  452.44910  457.21037  442.50213  447.00206  451.64878  437.24441  441.63751  446.17281
 438.24142  442.60646  447.11266  433.07234  437.33451  441.73348  427.97968  432.14172  436.43632  442.54577  447.04659  451.69425  437.27526  441.66899  446.20493  432.08386  436.37337  440.80065  446.98548  451.62752  456.42238  441.60933  446.13982  450.81825  436.31514  440.73710  445.30233
 437.31734  441.71192  446.24875  432.11353  436.40363  440.83153  426.98838  431.17683  435.49877  441.65225  446.18362  450.86298  436.34539  440.76797  445.33385  431.11997  435.43674  439.89227  446.12351  450.79717  455.62486  440.70932  445.26964  449.97905  435.37950  439.82962  444.42407
 436.38678  440.81020  445.37695  431.14905  435.46640  439.92255  425.99221  430.20640  434.55501  440.75153  445.31274  450.02306  435.40915  439.85989  444.45497  430.15052  434.49387  438.97695  445.25362  449.95815  454.81792  439.80221  444.39166  449.13130  434.43759  438.91519  443.53812
 435.44986  439.90144  444.49739  430.17903  434.52295  439.00664  424.99130  429.23057  433.60514  439.84375  444.43406  449.17461  434.46667  438.94487  443.56843  429.17564  433.54489  438.05480  444.37592  449.11059  454.00169  438.88815  443.50600  448.27513  433.48956  437.99391  442.64462
 434.50671  438.98573  443.61016  429.20360  433.57341  438.08392  423.98576  428.24944  432.64930  438.92901  443.54772  448.31776  433.51807  438.02303  442.67436  428.19545  432.58990  437.12596  443.49052  448.25461  453.17629  437.96724  442.61278  447.41069  432.53549  437.06593  441.74369
 433.55747  438.06325  442.71543  428.22287  432.61788  437.15453  422.97571  427.26314  431.68761  438.00745  442.65385  447.45265  432.56346  437.09449  441.77287  427.21006  431.62905  436.19056  442.59756  447.39034  452.34184  437.03960  441.71213  446.53806  431.57553  436.13134  440.83545
 432.60221  437.13405  441.81328  427.23694  431.65650  436.21858  421.96128  426.27180  430.72020  437.07916  441.75253  446.57935  431.60297  436.15936  440.86408  426.21961  430.66246  435.24871  441.69716  446.51788  451.49843  436.10538  440.80418  445.65738  430.60983  435.19033  439.92003
 431.64110  436.19830  440.90386  426.24596  430.68937  435.27619  420.94255  425.27551  429.74715  436.14431  440.84394  445.69802  430.63673  435.21780  439.94811  425.22419  429.69023  434.30051  440.78943  445.63737  450.64620  435.16466  439.88900  444.76874  429.63844  434.24291  438.99751
 430.67425  435.25612  439.98727  425.25005  429.71663  434.32748  419.91970  424.27444  428.76863  435.20298  439.92815  444.80876  429.66483  434.26988  439.02507  424.22394  428.71249  433.34610  439.87452  444.74892  449.78529  434.21762  438.96677  443.87232  428.66155  433.28931  438.06809
 429.70176  434.30760  439.06362  424.24930  428.73839  433.37257  418.89278  423.26863  427.78470  434.25533  439.00531  443.91173  428.68745  433.31576  438.09513  423.21899  427.72935  432.38562  438.95251  443.85265  448.91580  433.26432  438.03759  442.96820  427.67923  432.32957  437.13181
 428.72378  433.35288  438.13308  423.24386  427.75476  432.41158  417.86197  422.25828  426.79557  433.30143  438.07553  443.00700  427.70463  432.35552  437.15835  422.20943  426.74095  431.41917  438.02356  442.94870  448.03785  432.30491  437.10158  442.05650  426.69164  431.36388  436.18886
 427.74039  432.39207  437.19571  422.23382  426.76587  431.44463  416.82732  421.24344  425.80126  432.34145  437.13893  442.09471  426.71655  431.38934  436.21489  421.19539  425.74740  430.44687  437.08777  442.03717  447.15156  431.33952  436.15887  441.13737  425.69887  430.39232  435.23932
 426.75176  431.42532  436.25169  421.21932  425.77184  430.47185  415.78899  420.22427  424.80194  431.37549  436.19566  441.17500  425.72331  430.41730  435.26486  420.17699  424.74881  429.46884  436.14528  441.11821  446.25708  430.36825  435.20958  440.21093  424.70105  429.41501  434.28332
 425.75797  430.45272  435.30109  420.20047  424.77280  429.49336  414.74708  419.20088  423.79773  430.40366  435.24580  440.24798  424.72503  429.43953  434.30840  419.15435  423.74532  428.48522  435.19619  440.19191  445.35450  429.39124  434.25383  439.27728  423.69830  428.43210  433.32101
 424.75915  429.47442  434.34408  419.17736  423.76885  428.50927  413.70169  418.17336  422.78874  429.42612  434.28950  439.31379  423.72182  428.45615  433.34561  418.12757  422.73703  427.49610  434.24065  439.25843  444.44397  428.40860  433.29175  438.33656  422.69074  427.44369  432.35247
 423.75541  428.49050  433.38074  418.15015  422.76011  427.51971  412.65294  417.14183  421.77507  428.44294  433.32688  438.37251  422.71382  427.46729  432.37661  417.09676  421.72405  426.50161  433.27875  438.31786  443.52560  427.42046  432.32345  437.38890  421.67847  426.44988  431.37784
 422.74689  427.50111  432.41122  417.11893  421.74671  426.52478  411.60095  416.10644  420.75686  427.45428  432.35805  437.42431  421.70113  426.47305  431.40155  416.06207  420.70652  425.50189  432.31066  437.37035  442.59951  426.42694  431.34906  436.43440  420.66165  425.45083  430.39724
 421.73370  426.50636  431.43563  416.08381  420.72875  425.52463  410.54583  415.06727  419.73423  426.46025  431.38314  436.46929  420.68387  425.47356  430.42051  415.02360  419.68455  424.49704  431.33646  436.41601  441.66586  425.42815  430.36870  435.47321  419.64036  424.44664  429.41083
 420.71595  425.50638  430.45409  415.04492  419.70635  424.51935  409.48767  414.02443  418.70726  425.46095  430.40227  435.50759  419.66216  424.46895  429.43366  413.98143  418.65823  423.48717  430.35628  435.45496  440.72472  424.42421  429.38249  434.50543  418.61472  423.43741  428.41865
 419.69376  424.50127  429.46674  414.00236  418.67964  423.50908  408.42660  412.97805  417.67611  424.45653  429.41557  434.53930  418.63612  423.45932  428.44108  412.93571  417.62771  422.47241  429.37026  434.48735  439.77627  423.41525  428.39057  433.53122  417.58485  422.42330  427.42091
 418.66723  423.49115  428.47366  412.95625  417.64872  422.49392  407.36272  411.92823  416.64086  423.44708  428.42314  433.56458  417.60586  422.44481  427.44292  411.88653  416.59309  421.45291  428.37850  433.51325  438.82059  422.40140  427.39303  432.55068  416.55088  421.40440  426.41768
 417.63650  422.47615  427.47502  411.90668  416.61370  421.47400  406.29613  410.87508  415.60164  422.43274  427.42512  432.58354  416.57149  421.42549  426.43927  410.83402  415.55448  420.42872  427.38113  432.53285  437.85783  421.38273  426.39001  431.56390  415.51290  420.38085  425.40907
 416.60169  421.45640  426.47091  410.85380  415.57471  420.44943  405.22695  409.81872  414.55857  421.41363  426.42165  431.59631  415.53313  420.40155  425.43027  409.77828  414.51202  419.40001  426.37829  431.54624  436.88811  420.35941  425.38162  430.57105  414.47105  419.35273  424.39523
 415.56286  420.43199  425.46144  409.79768  414.53187  419.42034  404.15527  408.75925  413.51174  420.38984  425.41278  430.60298  414.49090  419.37305  424.41604  408.71942  413.46577  418.36687  425.37006  430.55352  435.91156  419.33153  424.36800  429.57226  413.42541  418.32018  423.37628
 414.52019  419.40304  424.44676  408.73846  413.48526  418.38682  403.08120  407.69677  412.46126  419.36151  424.39871  429.60373  413.44490  418.34013  423.39672  407.65753  412.41589  417.32943  424.35659  429.55486  434.92832  418.29921  423.34925  428.56763  412.37612  417.28332  422.35233
 413.47375  418.36968  423.42698  407.67622  412.43501  417.34901  402.00484  406.63140  411.40728  418.32875  423.37951  428.59864  412.39524  417.30290  422.37239  406.59274  411.36246  416.28780  423.33800  428.55035  433.93848  417.26257  422.32549  427.55727  411.32328  416.24225  421.32348
 412.42368  417.33202  422.40222  406.61108  411.38124  416.30703  400.92630  405.56325  410.34989  417.29168  422.35532  427.58784  411.34205  416.26147  421.34318  405.52516  410.30562  415.24209  422.31440  427.54014  432.94219  416.22173  421.29687  426.54133  410.26701  415.19711  420.28989
 411.37006  416.29016  421.37257  405.54316  410.32405  415.26097  399.84567  404.49240  409.28916  416.25041  421.32625  426.57145  410.28543  415.21598  420.30922  404.45487  409.24546  414.19241  421.28592  426.52433  431.93957  415.17680  420.26347  425.51993  409.20740  414.14798  419.25164
 410.31304  415.24426  420.33820  404.47254  409.26356  414.21095  398.76306  403.41899  408.22526  415.20508  420.29244  425.54963  409.22550  414.16652  419.27063  403.38201  408.18210  413.13890  420.25267  425.50305  430.93076  414.12789  419.22543  424.49317  408.14458  413.09500  418.20887
 409.25270  414.19437  419.29918  403.39936  408.19986  413.15710  397.67858  402.34311  407.15827  414.15574  419.25397  424.52244  408.16234  413.11320  418.22752  402.30666  407.11564  412.08165  419.21476  424.47641  429.91586  413.07512  418.18285  423.46119  407.07867  412.03828  417.16170
 408.18914  413.14065  418.25565  402.32368  407.13308  412.09951  396.59230  401.26484  406.08830  413.10257  418.21098  423.49004  407.09610  412.05614  417.18001  401.22892  406.04618  411.02077  418.17231  423.44456  428.89500  412.01861  417.13588  422.42410  406.00973  410.97793  416.11021
 407.12251  412.08320  417.20774  401.24564  406.06330  411.03831  395.50434  400.18432  405.01545  412.04566  417.16360  422.45254  406.02685  410.99547  416.12820  400.14891  404.97386  409.95637  417.12547  422.40760  427.86834  410.95845  416.08459  421.38205  404.93792  409.91405  415.05458
 406.05288  411.02213  416.15553  400.16531  404.99065  409.97358  394.41478  399.10162  403.93983  410.98511  416.11192  421.41008  404.95471  409.93126  415.07222  399.06672  403.89874  408.88858  416.07432  421.36567  426.83596  409.89476  415.02913  420.33511  403.86331  408.84677  413.99486
 404.98037  409.95755  415.09917  399.08282  403.91523  408.90549  393.32372  398.01685  402.86155  409.92105  415.05608  420.36275  403.87980  408.86367  414.01219  397.98244  402.82096  407.81749  415.01899  420.31885  425.79802  408.82768  413.96961  419.28345  402.78602  407.77618  412.93121
 403.90508  408.88959  414.03876  397.99825  402.83716  407.83409  392.23127  396.93013  401.78072  408.85359  413.99618  419.31070  402.80221  407.79277  412.94823  396.89621  401.74061  406.74324  413.95960  419.26730  424.75461  407.75728  412.90614  418.22715  401.70617  406.70241  411.86373
 402.82714  407.81832  412.97443  396.91173  401.75651  406.75954  391.13751  395.84153  400.69743  407.78282  412.93233  418.25402  401.72206  406.71870  411.88044  395.80808  400.65780  405.66589  412.89624  418.21113  423.70589  406.68368  411.83884  417.16636  400.62382  405.62555  410.79252
 401.74663  406.74389  411.90627  395.82331  400.67340  405.68189  390.04254  394.75116  399.61179  406.70887  411.86467  417.19286  400.63942  405.64154  410.80893  394.71817  399.57263  404.58560  411.82907  417.15046  422.65196  405.60701  410.76781  416.10118  399.53912  404.54572  409.71772
 400.66364  405.66637  410.83439  394.73312  399.58795  404.60130  388.94643  393.65911  398.52389  405.63183  410.79327  416.12730  399.55444  404.56142  409.73383  393.62659  398.48520  403.50243  410.75815  416.08538  421.59294  404.52736  409.69318  415.03173  398.45215  403.46301  408.63941
 399.57832  404.58590  409.75893  393.64126  398.50024  403.51785  387.84930  392.56548  397.43385  404.55183  409.71828  415.05749  398.46718  403.47843  408.65522  392.53341  397.39560  402.41651  409.68363  415.01605  420.52898  403.44483  408.61505  413.95814  397.36301  402.37756  407.55773
 398.49072  403.50256  408.67998  392.54781  397.41036  402.43164  386.75122  391.47036  396.34174  403.46896  408.63981  413.98354  397.37777  402.39269  407.57326  391.43873  396.30396  401.32795  408.60562  413.94257  419.46017  402.35954  407.53354  412.88050  396.27180  401.28945  406.47277
 397.40097  402.41649  407.59767  391.45288  396.31846  401.34283  385.65228  390.37386  395.24771  402.38333  407.55795  412.90555  396.28631  401.30432  406.48803  390.34266  395.21036  400.23684  407.52421  412.86505  418.38665  401.27161  406.44877  411.79897  395.17863  400.19879  405.38466
 396.30918  401.32778  406.51210  390.35655  395.22459  400.25144  384.55258  389.27606  394.15180  401.29506  406.47284  411.82367  395.19286  400.21338  405.39963  389.24528  394.11489  399.14329  406.43954  411.78361  417.30855  400.18110  405.36081  410.71362  394.08358  399.10566  404.29349
 395.21541  400.23651  405.42336  389.25891  394.12887  399.15763  383.45218  388.17704  393.05414  400.20422  405.38454  410.73798  394.09756  399.12000  404.30820  388.14668  393.01764  398.04741  405.35169  410.69836  416.22595  399.08816  404.26982  409.62459  392.98677  398.01020  403.19937
 394.11980  399.14280  404.33160  388.16006  393.03137  398.06149  382.35120  387.07690  391.95482  399.11096  404.29321  409.64861  393.00049  398.02428  403.21382  387.04696  391.91875  396.94929  404.26080  409.60945  415.13902  397.99286  403.17587  408.53198  391.88828  396.91251  402.10242
 393.02242  398.04678  403.23690  387.06010  391.93222  396.96311  381.24970  385.97576  390.85394  398.01535  403.19896  408.55568  391.90176  396.92634  402.11661  385.94621  390.81829  395.84904  403.16695  408.51695  414.04787  396.89532  402.07909  407.43593  390.78822  395.81268  401.00276
 391.92338  396.94852  402.13938  385.95911  390.83151  395.86261  380.14777  384.87366  389.75158  396.91750  402.10186  407.45930  390.80144  395.82625  401.01669  384.84449  389.71633  394.74675  402.07028  407.42099  412.95261  395.79564  400.97959  406.33652  389.68666  394.71080  399.90046
 390.82277  395.84813  401.03915  384.85716  389.72932  394.76008  379.04549  383.77071  388.64785  395.81752  401.00204  406.35958  389.69965  394.72413  399.91414  383.74194  388.61300  393.64253  400.97086  406.32169  411.85335  394.69392  399.87745  405.23388  388.58372  393.60698  398.79565
 389.72068  394.74570  399.93628  383.75438  388.62576  393.65562  377.94295  382.66700  387.54283  394.71549  399.89959  405.25662  388.59647  393.62006  398.80908  382.63861  387.50837  392.53648  399.86881  405.21914  410.75021  393.59025  398.77279  404.12812  387.47948  392.50132  397.68843
 388.61722  393.64135  398.83093  382.65082  387.52090  392.54933  376.84023  381.56261  386.43663  393.61153  398.79464  404.15055  387.49200  392.51417  397.70162  381.53460  386.40256  391.42869  398.76425  404.11349  409.64332  392.48473  397.66573  403.01934  386.37403  391.39392  396.57890
 387.51246  392.53516  397.72317  381.54658  386.41485  391.44131  375.73739  380.45763  385.32932  392.50572  397.68727  403.04147  386.38633  391.40654  396.59185  380.42997  385.29562  390.31925  397.65727  403.00481  408.53280  391.37748  396.55635  401.90767  385.26746  390.28487  395.46716
 386.40650  391.42723  396.61310  380.44175  385.30770  390.33164  374.63452  379.35214  384.22099  391.39817  396.57760  401.92949  385.27954  390.29726  395.47988  379.32484  384.18767  389.20827  396.54798  401.89323  407.41873  390.26857  395.44477  400.79319  384.15987  389.17426  394.35330
 385.29944  390.31768  395.50085  379.33640  384.19953  389.22044  373.53171  378.24622  383.11174  390.28899  395.46573  400.81473  384.17173  389.18643  394.36580  378.21927  383.07880  388.09583  395.43647  400.77886  406.30128  389.15809  394.33107  399.67605  383.05134  388.06220  393.23746
 384.19136  389.20657  394.38648  378.23062  383.09043  388.10777  372.42901  377.13996  382.00165  389.17823  394.35175  399.69729  383.06298  388.07414  393.24973  377.11335  381.96907  386.98204  394.32286  399.66180  405.18052  388.04617  393.21538  398.55631  381.94197  386.94878  392.11971
 383.08233  388.09401  393.27013  377.12448  381.98049  386.99377  371.32651  376.03342  380.89081  388.06603  393.23577  398.57726  381.95339  386.96050  392.13175  376.00716  380.85859  385.86698  393.20724  398.54215  404.05657  386.93287  392.09776  397.43410  380.83183  385.83407  391.00015
 381.97249  386.98010  392.15188  376.01809  380.86981  385.87850  370.22428  374.92670  379.77930  386.95247  392.11789  397.45478  380.84305  385.84559  391.01198  374.90077  379.74742  384.75074  392.08972  397.42004  402.92957  385.81831  390.97836  396.30953  379.72101  384.71819  389.87888
 380.86188  385.86492  391.03183  374.91151  379.75844  384.76205  369.12240  373.81987  378.66721  385.83764  390.99821  396.32993  379.73202  384.72950  389.89050  373.79427  378.63569  383.63342  390.97038  396.29556  401.79962  384.70256  389.85724  395.18271  378.60959  383.60122  388.75602
 379.75061  384.74858  389.91009  373.80481  378.64650  383.64453  368.02094  372.71302  377.55463  384.72163  389.87683  395.20284  378.62040  383.61233  388.76742  372.68773  377.52344  382.51512  389.84935  395.16882  400.66682  383.58572  388.73451  394.05371  377.49767  382.48325  387.63163
 378.63874  383.63115  388.78675  372.69808  377.53406  382.52602  366.91995  371.60620  376.44163  383.60454  388.75383  394.07357  377.50829  382.49415  387.64282  371.58124  376.41077  381.39590  388.72669  394.03993  399.53129  382.46788  387.61026  392.92267  376.38532  381.36438  386.50582
 377.52638  382.51273  387.66190  371.59141  376.42120  381.40661  365.81954  370.49952  375.32830  382.48645  387.62934  392.94227  376.39576  381.37509  386.51682  370.47486  375.29777  380.27587  387.60252  392.90896  398.39313  381.34913  386.48460  391.78968  375.27263  380.24468  385.37870
 376.41360  381.39341  386.53564  370.48485  375.30802  380.28639  364.71975  369.39303  374.21471  381.36745  386.50341  391.80901  375.28288  380.25520  385.38951  369.36868  374.18450  379.15511  386.47693  391.77606  397.25245  380.22956  385.35762  390.65483  374.15968  379.12425  384.25034
 375.30048  380.27327  385.40807  369.37848  374.19456  379.16544  363.62064  368.28680  373.10095  380.24763  385.37618  390.67391  374.16974  379.13458  384.26095  368.26275  373.07107  378.03370  385.35001  390.64130  396.10937  379.10925  384.22940  389.51823  373.04654  378.00316  383.12084
 374.18711  379.15241  384.27927  368.27238  373.08094  378.04384  362.52230  367.18093  371.98709  379.12708  384.24771  389.53705  373.05641  378.01330  383.13125  367.15717  371.95752  376.91173  384.22185  389.50477  394.96399  377.98828  383.10003  388.37997  371.93329  376.88151  381.99029
 373.07355  378.03090  383.14933  367.16662  371.96723  376.92170  361.42479  366.07546  370.87321  378.00587  383.11810  388.39854  371.94299  376.89147  382.00052  366.05199  370.84395  375.78929  383.09255  388.36660  393.81641  376.86674  381.96963  387.24016  370.82001  375.75939  380.85878
 371.95990  376.90883  382.01836  366.06128  370.85348  375.79907  360.32816  364.97048  369.75939  376.88410  381.98746  387.25848  370.82954  375.76917  380.86884  364.94729  369.73044  374.66644  381.96220  387.22687  392.66674  375.74473  380.83826  386.09890  369.70678  374.63685  379.72641
 370.84622  375.78630  380.88643  364.95641  369.73981  374.67606  359.23249  363.86606  368.64571  375.76186  380.85585  386.11698  369.71614  374.64647  379.73629  363.84315  368.61706  373.54330  380.83090  386.08568  391.51509  374.62232  379.70602  384.95626  368.59369  373.51401  378.59327
 369.73261  374.66337  379.75366  363.85209  368.62625  373.55274  358.13783  362.76225  367.53223  374.63922  379.72339  384.97411  368.60287  373.52344  378.60296  362.73961  367.50387  372.41991  379.69873  384.94314  390.36157  373.49958  378.57300  383.81237  367.48078  372.39093  377.45943
 368.61912  373.54013  378.62010  362.74841  367.51290  372.42919  357.04426  361.65913  366.41904  373.51627  378.59014  383.82999  367.48981  372.40020  377.46895  361.63677  366.39098  371.29639  378.56577  383.79932  389.20626  372.37662  377.43930  382.66730  366.36815  371.26770  376.32498
 367.50584  372.41666  377.48587  361.64540  366.39984  371.30549  355.95182  360.55678  365.30620  372.39308  377.45621  382.68468  366.37701  371.27679  376.33433  360.53467  365.27842  370.17278  377.43212  382.65433  388.04928  371.25349  376.30497  381.52115  365.25586  370.14438  375.19002
 366.39284  371.29305  376.35103  360.54315  365.28712  370.18171  354.86058  359.45524  364.19378  371.26974  376.32167  381.53832  365.26456  370.15331  375.19920  359.43339  364.16629  369.04919  376.29786  381.50827  386.89073  370.13027  375.17014  380.37402  364.14399  369.02107  374.05462
 365.28019  370.16936  375.21569  359.44172  364.17483  369.05797  353.77059  358.35458  363.08186  370.14632  375.18663  380.39097  364.15253  369.02985  374.06364  358.33298  363.05464  367.92567  375.16309  380.36121  385.73069  369.00707  374.03487  379.22599  363.03260  367.89783  372.91886
 364.16795  369.04568  374.07991  358.34116  363.06304  367.93429  352.68192  357.25488  361.97051  369.02290  374.05113  379.24271  363.04100  367.90645  372.92772  357.23354  361.94357  366.80231  374.02786  379.21325  384.56926  367.88394  372.89923  378.07715  361.92178  366.77476  371.78284
 363.05621  367.92208  372.94378  357.24157  361.95181  366.81078  351.59462  356.15618  360.85978  367.89956  372.91529  378.09365  361.93002  366.78322  371.79154  356.13508  360.83311  365.67918  372.89228  378.06449  383.40656  366.76097  371.76334  376.92761  360.81157  365.65190  370.64663
 361.94504  366.79865  371.80739  356.14297  360.84121  365.68750  350.50875  355.05856  359.74976  366.77639  371.77919  376.94390  360.81967  365.66021  370.65518  355.03771  359.72335  364.55636  371.75644  376.91502  382.24268  365.63821  370.62725  375.77742  359.70205  364.52935  369.51031
 360.83450  365.67544  370.67083  355.04545  359.73130  364.56453  349.42437  353.96208  358.64051  365.65343  370.64290  375.79351  359.71000  364.53751  369.51870  353.94146  358.61437  363.43392  370.62040  375.76491  381.07770  364.51575  369.49104  374.62670  358.59331  363.40717  368.37396
 359.72465  364.55255  369.53415  353.94906  358.62217  363.44194  348.34151  352.86678  357.53208  364.53079  369.50649  374.64258  358.60111  363.41519  368.38220  352.84639  357.50619  362.31192  369.48425  374.61426  379.91173  363.39368  368.35482  373.47553  357.48537  362.28544  367.23766
 358.61556  363.43003  368.39745  352.85386  357.51386  362.31980  347.26025  351.77273  356.42455  363.40851  368.37007  373.49120  357.49304  362.29332  367.24575  351.75258  356.39893  361.19045  368.34806  373.46315  378.74485  362.27203  367.21863  372.32397  356.37833  361.16422  366.10148
 357.50730  362.30796  367.26080  351.75992  356.40646  361.19820  346.18063  350.68000  355.31799  362.28668  367.23368  372.33945  356.38587  361.17196  366.10943  350.66006  355.29260  360.06957  367.21193  372.31167  377.57716  361.15092  366.08257  371.17215  355.27224  360.04359  364.96550
 356.39995  361.18642  366.12429  350.66727  355.30000  360.07717  345.10269  349.58862  354.21244  361.16538  366.09743  371.18742  355.27964  360.05119  364.97331  349.56891  354.18730  358.94934  366.07592  371.15991  376.40877  360.03038  364.94671  370.02011  354.16716  358.92361  363.82980
 355.29354  360.06546  364.98798  349.57599  354.19457  358.95681  344.02651  348.49867  353.10798  360.04466  364.96138  370.03519  354.17443  358.93108  363.83747  348.47918  353.08308  357.82985  364.94010  370.00794  375.23973  358.91050  363.81113  368.86795  353.06317  357.80437  362.69446
 354.18816  358.94517  363.85196  348.48613  353.09022  357.83718  342.95211  347.41019  352.00466  358.92459  363.82561  368.88284  353.07030  357.81170  362.70199  347.39091  351.98000  356.71113  363.80456  368.85585  374.07016  357.79133  362.67590  367.71576  351.96030  356.68590  361.55953
 353.08386  357.82561  362.71629  347.39774  351.98701  356.71833  341.87955  346.32325  350.90254  357.80525  362.69020  367.73045  351.96730  356.69309  361.56693  346.30417  350.87812  355.59329  362.66937  367.70371  372.90014  356.67295  361.54108  366.56359  350.85863  355.56829  360.42511
 351.98069  356.70684  361.58105  346.31088  350.88500  355.60036  340.80887  345.23788  349.80169  356.68669  361.55520  366.57811  350.86551  355.57535  360.43237  345.21901  349.77749  354.47636  361.53460  366.55163  371.72975  355.55543  360.40677  365.41155  349.75821  354.45160  359.29125
 350.87872  355.58892  360.44631  345.22559  349.78425  354.48330  339.74012  344.15414  348.70215  355.56899  360.42071  365.42588  349.76497  354.45854  359.29838  344.13547  348.67819  353.36042  360.40032  365.39964  370.55907  354.43882  359.27301  364.25970  348.65910  353.33588  358.15801
 349.77802  354.47194  359.31215  344.14195  348.68484  353.36725  338.67335  343.07209  347.60399  354.45222  359.28678  364.27385  348.66575  353.34271  358.16503  343.05361  347.58025  352.24552  359.26661  364.24786  369.38822  353.32321  358.13990  363.10814  347.56137  352.22121  357.02550
 348.67863  353.35594  358.17862  343.05998  347.58678  352.25222  337.60861  341.99177  346.50726  353.33643  358.15349  363.12211  347.56790  352.22792  357.03239  341.97350  346.48374  351.13175  358.13354  363.09636  368.21725  352.20862  357.00749  361.95690  346.46506  351.10767  355.89375
 347.58062  352.24098  357.04581  341.97974  346.49015  351.13833  336.54594  340.91323  345.41202  352.22168  357.02092  361.97070  346.47147  351.11425  355.90051  340.89515  345.38872  350.01912  357.00116  361.94518  367.04625  351.09514  355.87584  360.80610  345.37023  349.99527  354.76284
 346.48404  351.12715  355.91377  340.90129  345.39502  350.02559  335.48537  339.83654  344.31830  351.10804  355.88910  360.81973  345.37653  350.00173  354.76949  339.81864  344.29522  348.90774  355.86956  360.79444  365.87531  349.98283  354.74505  359.65580  344.27693  348.88410  353.63284
 345.38893  350.01447  354.78258  339.82466  344.30140  348.91410  334.42695  338.76170  343.22619  349.99557  354.75813  359.66925  344.28311  348.89046  353.63937  338.74400  343.20332  347.79765  354.73879  359.64420  364.70449  348.87175  353.61515  358.50605  343.18521  347.77423  352.50381
 344.29537  348.90304  353.65230  338.74992  343.20940  347.80389  333.37073  337.68880  342.13572  348.88434  353.62808  358.51934  343.19129  347.78047  352.51022  337.67127  342.11305  346.68889  353.60893  358.49452  363.53390  347.76195  352.48622  357.35695  342.09513  346.66569  351.37581
 343.20340  347.79290  352.52299  337.67709  342.11903  346.69503  332.31674  336.61787  341.04694  347.77438  352.49900  357.37008  342.10111  346.67182  351.38211  336.60052  341.02448  345.58155  352.48004  357.34548  362.36360  346.65349  351.35833  356.20856  341.00674  345.55854  350.24891
 342.11307  346.68410  351.39473  336.60624  341.03035  345.58758  331.26502  335.54895  339.95991  346.66577  351.37094  356.22153  341.01261  345.56457  350.25510  335.53178  339.93765  344.47566        nan        nan        nan        nan        nan        nan        nan        nan        nan
