       nan        nan        nan        nan        nan        nan        nan        nan        nan 20781.35200        nan        nan        nan        nan        nan        nan        nan        nan 20778.59950 20736.00850        nan        nan        nan        nan        nan        nan        nan
20784.55800        nan        nan 20822.48600        nan        nan        nan        nan        nan 20781.80550 20739.21450        nan 20819.73350 20777.14250        nan        nan        nan        nan 20776.29800 20733.37900 20697.66100 20814.22600 20771.30700 20735.58900        nan        nan        nan
20788.22450 20745.63350        nan 20826.67300 20784.08200        nan 20858.45300 20815.86200        nan 20782.71700 20739.79800 20704.08000 20821.16550 20778.24650 20742.52850 20852.94550 20810.02650 20774.30850 20774.44900 20731.03800 20694.47800 20812.89750 20769.48650 20732.92650 20844.67750 20801.26650 20764.70650
20792.36500 20749.44600 20713.72800 20831.59400 20788.67500 20752.95700 20864.71450 20821.79550 20786.07750 20784.09700 20740.68600 20704.12600 20823.32600 20779.91500 20743.35500 20856.44650 20813.03550 20776.47550 20773.06100 20728.99500 20691.34750 20812.29000 20768.22400 20730.57650 20845.41050 20801.34450 20763.69700
20796.99300 20753.58200 20717.02200 20837.26200 20793.85100 20757.29100 20872.07350 20828.66250 20792.10250 20785.95700 20741.89100 20704.24350 20826.22600 20782.16000 20744.51250 20861.03750 20816.97150 20779.32400 20772.14550 20727.26200 20688.30700 20812.41450 20767.53100 20728.57600 20847.22600 20802.34250 20763.38750
20802.12550 20758.05950 20720.41200 20843.68500 20799.61900 20761.97150 20880.48000 20836.41400 20798.76650 20788.31400 20743.43050 20704.47550 20829.87350 20784.99000 20746.03500 20866.66850 20821.78500 20782.83000 20771.71550 20725.85700 20685.39950 20813.27500 20767.41650 20726.95900 20850.07000 20804.21150 20763.75400
20807.78150 20762.89800 20723.94300 20850.86850 20805.98500 20767.03000 20889.88500 20845.00150 20806.04650 20791.18300 20745.32450 20704.86700 20834.27000 20788.41150 20747.95400 20873.28650 20827.42800 20786.97050 20771.78650 20724.80000 20682.67100 20814.87350 20767.88700 20725.75800 20853.89000 20806.90350 20764.77450
20813.97450 20768.11600 20727.65850 20858.80900 20812.95050 20772.49300 20900.24150 20854.38300 20813.92550 20794.57800 20747.59150 20705.46250 20839.41250 20792.42600 20750.29700 20880.84500 20833.85850 20791.72950 20772.37200 20724.11200 20680.16550 20817.20650 20768.94650 20725.00000 20858.63900 20810.37900 20766.43250
20820.71800 20773.73150 20731.60250 20867.50100 20820.51450 20778.38550 20911.50450 20864.51800 20822.38900 20798.51200 20750.25200 20706.30550 20845.29500 20797.03500 20753.08850 20889.29850 20841.03850 20797.09200 20773.48600 20723.81500 20677.92600 20820.26900 20770.59800 20724.70900 20864.27250 20814.60150 20768.71250
20828.02450 20779.76450 20735.81800 20876.93400 20828.67400 20784.72750 20923.63450 20875.37450 20831.42800 20802.99850 20753.32750 20707.43850 20851.90800 20802.23700 20756.34800 20898.60850 20848.93750 20803.04850 20775.14150 20723.93000 20675.99150 20824.05100 20772.83950 20724.90100 20870.75150 20819.54000 20771.60150
20835.90300 20786.23200 20740.34300 20887.09750 20837.42650 20791.53750 20936.59700 20886.92600 20841.03700 20808.04600 20756.83450 20708.89600 20859.24050 20808.02900 20760.09050 20908.74000 20857.52850 20809.59000 20777.34700 20724.47750 20674.39750 20828.54150 20775.67200 20725.59200 20878.04100 20825.17150 20775.09150
20844.36000 20793.14850 20745.21000 20897.97800 20846.76650 20798.82800 20950.36200 20899.15050 20851.21200 20813.66100 20760.79150 20710.71150 20867.27900 20814.40950 20764.32950 20919.66300 20866.79350 20816.71350 20780.11100 20725.47450 20673.17550 20833.72900 20779.09250 20726.79350 20886.11300 20831.47650 20779.17750
20853.40050 20800.53100 20750.45100 20909.56250 20856.69300 20806.61300 20964.89950 20912.03000 20861.95000 20819.85050 20765.21400 20712.91500 20876.01250 20821.37600 20769.07700 20931.34950 20876.71300 20824.41400 20783.44150 20726.93900 20672.35250 20839.60350 20783.10100 20728.51450 20894.94050 20838.43800 20783.85150
20863.02750 20808.39100 20756.09200 20921.83850 20867.20200 20814.90300 20980.18650 20925.55000 20873.25100 20826.61850 20770.11600 20715.52950 20885.42950 20828.92700 20774.34050 20943.77750 20887.27500 20832.68850 20787.34300 20728.88350 20671.95250 20846.15400 20787.69450 20730.76350 20904.50200 20846.04250 20789.11150
20873.24400 20816.74150 20762.15500 20934.79400 20878.29150 20823.70500 20996.20200 20939.69950 20885.11300 20833.96850 20775.50900 20718.57800 20895.51850 20837.05900 20780.12800 20956.92650 20898.46700 20841.53600 20791.82000 20731.32250 20671.99700 20853.37000 20792.87250 20733.54700 20914.77800 20854.28050 20794.95500
20884.04950 20825.59000 20768.65900 20948.41850 20889.95900 20833.02800 21012.92700 20954.46750 20897.53650 20841.90100 20781.40350 20722.07800 20906.27000 20845.77250 20786.44700 20970.77850 20910.28100 20850.95550 20796.87300 20734.26500 20672.50250 20861.24200 20798.63400 20736.87150 20925.75050 20863.14250 20801.38000
20895.44550 20834.94800 20775.62250 20962.70050 20902.20300 20842.87750 21030.34600 20969.84850 20910.52300 20850.41750 20787.80950 20726.04700 20917.67250 20855.06450 20793.30200 20985.31800 20922.71000 20860.94750 20802.50750 20737.72350 20673.48450 20869.76250 20804.97850 20740.73950 20937.40800 20872.62400 20808.38500
20907.43150 20844.82350 20783.06100 20977.63100 20915.02300 20853.26050 21048.44300 20985.83500 20924.07250 20859.52150 20794.73750 20730.49850 20929.72100 20864.93700 20800.69800 21000.53300 20935.74900 20871.51000 20808.72400 20741.70500 20674.95750 20878.92350 20811.90450 20745.15700 20949.73550 20882.71650 20815.96900
20920.00750 20855.22350 20790.98450 20993.20300 20928.41900 20864.18000 21067.20800 21002.42400 20938.18500 20869.21000 20802.19100 20735.44350 20942.40550 20875.38650 20808.63900 21016.41050 20949.39150 20882.64400 20815.52350 20746.21600 20676.93150 20888.71900 20819.41150 20750.12700 20962.72400 20893.41650 20824.13200
20933.17150 20866.15250 20799.40500 21009.40800 20942.38900 20875.64150 21086.62750 21019.60850 20952.86100 20879.48500 20810.17750 20740.89300 20955.72150 20886.41400 20817.12950 21032.94100 20963.63350 20894.34900 20822.90600 20751.26350 20679.41650 20899.14250 20827.50000 20755.65300 20976.36200 20904.71950 20832.87250
20946.92450 20877.61700 20808.33250 21026.23950 20956.93200 20887.64750 21106.69350 21037.38600 20968.10150 20890.34550 20818.70300 20746.85600 20969.66050 20898.01800 20826.17100 21050.11450 20978.47200 20906.62500 20830.87350 20756.85400 20682.42150 20910.18850 20836.16900 20761.73650 20990.64250 20916.62300 20842.19050
20961.26350 20889.62100 20817.77400 21043.69100 20972.04850 20900.20150 21127.39600 21055.75350 20983.90650 20901.79150 20827.77200 20753.33950 20984.21900 20910.19950 20835.76700 21067.92400 20993.90450 20919.47200 20839.42550 20762.99100 20685.95450 20921.85300 20845.41850 20768.38200 21005.55800 20929.12350 20852.08700
20976.18900 20902.16950 20827.73700 21061.75800 20987.73850 20913.30600 21148.72850 21074.70900 21000.27650 20913.82300 20837.38850 20760.35200 20999.39200 20922.95750 20845.92100 21086.36250 21009.92800 20932.89150 20848.56300 20769.68000 20690.02150 20934.13200 20855.24900 20775.59050 21021.10250 20942.21950 20862.56100
20991.69900 20915.26450 20838.22800 21080.43500 21004.00050 20926.96400 21170.68450 21094.25000 21017.21350 20926.43900 20847.55600 20767.89750 21015.17500 20936.29200 20856.63350 21105.42450 21026.54150 20946.88300 20858.28450 20776.92250 20694.62750 20947.02050 20865.65850 20783.36350 21037.27000 20955.90800 20873.61300
21007.79350 20928.91050 20849.25200 21099.71950 21020.83650 20941.17800 21193.25650 21114.37350 21034.71500 20939.63900 20858.27700 20775.98200 21031.56500 20950.20300 20867.90800 21125.10200 21043.74000 20961.44500 20868.59100 20784.72350 20699.77850 20960.51700 20876.64950 20791.70450 21054.05400 20970.18650 20885.24150
21024.47100 20943.10900 20860.81400 21119.60500 21038.24300 20955.94800 21216.44050 21135.07850 21052.78350 20953.42300 20869.55550 20784.61050 21048.55700 20964.68950 20879.74450 21145.39250 21061.52500 20976.58000 20879.48300 20793.08650 20705.47900 20974.61700 20888.22050 20800.61300 21071.45250 20985.05600 20897.44850
21041.73000 20957.86250 20872.91750 21140.08950 21056.22200 20971.27700 21240.23100 21156.36350 21071.41850 20967.79000 20881.39350 20793.78600 21066.14950 20979.75300 20892.14550 21166.29100 21079.89450 20992.28700 20890.95900 20802.01150 20711.73250 20989.31850 20900.37100 20810.09200 21089.46000 21000.51250 20910.23350
21059.57050 20973.17400 20885.56650 21161.16950 21074.77300 20987.16550 21264.62450 21178.22800 21090.62050 20982.73950 20893.79200 20803.51300 21084.33850 20995.39100 20905.11200 21187.79350 21098.84600 21008.56700 20903.02000 20811.50250 20718.54200 21004.61900 20913.10150 20820.14100 21108.07400 21016.55650 20923.59600
21077.99050 20989.04300 20898.76400 21182.84250 21093.89500 21003.61600 21289.61550 21200.66800 21110.38900 20998.27100 20906.75350 20813.79300 21103.12300 21011.60550 20918.64500 21209.89600 21118.37850 21025.41800 20915.66450 20821.56100 20725.91150 21020.51650 20926.41300 20830.76350 21127.28950 21033.18600 20937.53650
21096.99050 21005.47300 20912.51250 21205.10650 21113.58900 21020.62850 21315.20150 21223.68400 21130.72350 21014.38400 20920.28050 20824.63100 21122.50000 21028.39650 20932.74700 21232.59500 21138.49150 21042.84200 20928.89400 20832.18900 20733.84400 21037.01000 20940.30500 20841.96000 21147.10500 21050.40000 20952.05500
21116.56850 21022.46500 20926.81550 21227.95650 21133.85300 21038.20350 21341.37900 21247.27550 21151.62600 21031.07850 20934.37350 20836.02850 21142.46650 21045.76150 20947.41650 21255.88900 21159.18400 21060.83900 20942.70700 20843.38700 20742.34050 21054.09500 20954.77500 20853.72850 21167.51750 21068.19750 20967.15100
21136.72500 21040.02000 20941.67500 21251.39350 21154.68850 21056.34350 21368.14550 21271.44050 21173.09550 21048.35350 20949.03350 20847.98700 21163.02200 21063.70200 20962.65550 21279.77400 21180.45400 21079.40750 20957.10400 20855.15700 20751.40500 21071.77250 20969.82550 20866.07350 21188.52450 21086.57750 20982.82550
21157.45800 21058.13800 20957.09150 21275.41400 21176.09400 21075.04750 21395.49700 21296.17700 21195.13050 21066.20850 20964.26150 20860.50950 21184.16450 21082.21750 20978.46550 21304.24750 21202.30050 21098.54850 20972.08450 20867.50100 20761.03900 21090.04050 20985.45700 20878.99500 21210.12350 21105.54000 20999.07800
21178.76700 21076.82000 20973.06800 21300.01550 21198.06850 21094.31650 21423.43250 21321.48550 21217.73350 21084.64300 20980.05950 20873.59750 21205.89150 21101.30800 20994.84600 21329.30850 21224.72500 21118.26300 20987.64750 20880.41900 20771.24350 21108.89600 21001.66750 20892.49200 21232.31300 21125.08450 21015.90900
21200.65200 21096.06850 20989.60650 21325.19750 21220.61400 21114.15200 21451.94800 21347.36450 21240.90250 21103.65650 20996.42800 20887.25250 21228.20200 21120.97350 21011.79800 21354.95250 21247.72400 21138.54850 21003.79400 20893.91200 20782.02100 21128.33950 21018.45750 20906.56650 21255.09000 21145.20800 21033.31700
21223.11100 21115.88250 21006.70700 21350.95750 21243.72900 21134.55350 21481.04250 21373.81400 21264.63850 21123.24850 21013.36650 20901.47550 21251.09500 21141.21300 21029.32200 21381.18000 21271.29800 21159.40700 21020.52300 20907.98100 20793.37250 21148.36950 21035.82750 20921.21900 21278.45450 21165.91250 21051.30400
21246.14400 21136.26200 21024.37100 21377.29400 21267.41200 21155.52100 21510.71250 21400.83050 21288.93950 21143.41850 21030.87650 20916.26800 21274.56850 21162.02650 21047.41800 21407.98700 21295.44500 21180.83650 21037.83400 20922.62700 20805.29950 21168.98400 21053.77700 20936.44950 21302.40250 21187.19550 21069.86800
21269.75100 21157.20900 21042.60050 21404.20600 21291.66400 21177.05550 21540.95800 21428.41600 21313.80750 21164.16650 21048.95950 20931.63200 21298.62150 21183.41450 21066.08700 21435.37350 21320.16650 21202.83900 21055.72800 20937.85100 20817.80450 21190.18300 21072.30600 20952.25950 21326.93500 21209.05800 21089.01150
21293.92950 21178.72250 21061.39500 21431.69200 21316.48500 21199.15750 21571.77550 21456.56850 21339.24100 21185.49100 21067.61400 20947.56750 21323.25350 21205.37650 21085.33000 21463.33700 21345.46000 21225.41350 21074.20350 20953.65250 20830.88650 21211.96600 21091.41500 20968.64900 21352.04950 21231.49850 21108.73250
21318.68150 21200.80450 21080.75800 21459.75000 21341.87300 21221.82650 21603.16400 21485.28700 21365.24050 21207.39400 21086.84300 20964.07700 21348.46250 21227.91150 21105.14550 21491.87650 21371.32550 21248.55950 21093.26100 20970.03350 20844.54850 21234.32950 21111.10200 20985.61700 21377.74350 21254.51600 21129.03100
21344.00400 21223.45300 21100.68700 21488.38050 21367.82950 21245.06350 21635.12200 21514.57100 21391.80500 21229.87100 21106.64350 20981.15850 21374.24750 21251.02000 21125.53500 21520.98900 21397.76150 21272.27650 21112.89950 20986.99250 20858.78950 21257.27600 21131.36900 21003.16600 21404.01750 21278.11050 21149.90750
21369.89700 21246.66950 21121.18450 21517.58000 21394.35250 21268.86750 21667.64650 21544.41900 21418.93400 21252.92550 21127.01850 20998.81550 21400.60850 21274.70150 21146.49850 21550.67500 21424.76800 21296.56500 21133.12000 21004.53200 20873.61200 21280.80300 21152.21500 21021.29500 21430.86950 21302.28150 21171.36150
21396.36150 21270.45450 21142.25150 21547.34950 21421.44250 21293.23950 21700.73850 21574.83150 21446.62850 21276.55600 21147.96800 21017.04800 21427.54400 21298.95600 21168.03600 21580.93300 21452.34500 21321.42500 21153.92150 21022.65200 20889.01650 21304.90950 21173.64000 21040.00450 21458.29850 21327.02900 21193.39350
21423.39500 21294.80700 21163.88700 21577.68650 21449.09850 21318.17850 21734.39500 21605.80700 21474.88700 21300.76050 21169.49100 21035.85550 21455.05200 21323.78250 21190.14700 21611.76050 21480.49100 21346.85550 21175.30300 21041.35150 20905.00300 21329.59450 21195.64300 21059.29450 21486.30300 21352.35150 21216.00300
21450.99750 21319.72800 21186.09250 21608.59000 21477.32050 21343.68500 21768.61400 21637.34450 21503.70900 21325.54000 21191.58850 21055.24000 21483.13250 21349.18100 21212.83250 21643.15650 21509.20500 21372.85650 21197.26550 21060.63250 20921.57300 21354.85800 21218.22500 21079.16550 21514.88200 21378.24900 21239.18950
21479.16800 21345.21650 21208.86800 21640.05950 21506.10800 21369.75950 21803.39500 21669.44350 21533.09500 21350.89350 21214.26050 21075.20100 21511.78500 21375.15200 21236.09250 21675.12050 21538.48750 21399.42800 21219.80850 21080.49400 20938.72700 21380.70000 21241.38550 21099.61850 21544.03550 21404.72100 21262.95400
21507.90600 21371.27300 21232.21350 21672.09350 21535.46050 21396.40100 21838.73600 21702.10300 21563.04350 21376.82100 21237.50650 21095.73950 21541.00850 21401.69400 21259.92700 21707.65100 21568.33650 21426.56950 21242.93100 21100.93650 20956.46500 21407.11850 21265.12400 21120.65250 21573.76100 21431.76650 21287.29500
21537.21200 21397.89750 21256.13050 21704.69200 21565.37750 21423.61050 21874.63650 21735.32200 21593.55500 21403.32200 21261.32750 21116.85600 21570.80200 21428.80750 21284.33600 21740.74650 21598.75200 21454.28050 21266.63400 21121.96050 20974.78850 21434.11400 21289.44050 21142.26850 21604.05850 21459.38500 21312.21300
21567.08400 21425.08950 21280.61800 21737.85300 21595.85850 21451.38700 21911.09550 21769.10100 21624.62950 21430.39600 21285.72250 21138.55050 21601.16500 21456.49150 21309.31950 21774.40750 21629.73400 21482.56200 21290.91550 21143.56600 20993.69650 21461.68450 21314.33500 21164.46550 21634.92700 21487.57750 21337.70800
21597.52300 21452.84950 21305.67750 21771.57700 21626.90350 21479.73150 21948.11100 21803.43750 21656.26550 21458.04250 21310.69300 21160.82350 21632.09650 21484.74700 21334.87750 21808.63050 21661.28100 21511.41150 21315.77650 21165.75350 21013.19200 21489.83050 21339.80750 21187.24600 21666.36450 21516.34150 21363.78000
21628.52650 21481.17700 21331.30750 21805.86050 21658.51100 21508.64150 21985.68200 21838.33250 21688.46300 21486.26050 21336.23750 21183.67600 21663.59450 21513.57150 21361.01000 21843.41600 21693.39300 21540.83150 21341.21700 21188.52350 21033.27300 21518.55100 21365.85750 21210.60700 21698.37250 21545.67900 21390.42850
21660.09450 21510.07150 21357.51000 21840.70400 21690.68100 21538.11950 22023.80650 21873.78350 21721.22200 21515.05100 21362.35750 21207.10700 21695.66050 21542.96700 21387.71650 21878.76300 21726.06950 21570.81900 21367.23550 21211.87450 21053.94050 21547.84500 21392.48400 21234.55000 21730.94750 21575.58650 21417.65250
21692.22750 21539.53400 21384.28350 21876.10700 21723.41350 21568.16300 22062.48500 21909.79150 21754.54100 21544.41200 21389.05100 21231.11700 21728.29150 21572.93050 21414.99650 21914.66950 21759.30850 21601.37450 21393.83250 21235.80800 21075.19600 21577.71200 21419.68750 21259.07550 21764.09000 21606.06550 21445.45350
21724.92400 21569.56300 21411.62900 21912.06850 21756.70750 21598.77350 22101.71500 21946.35400 21788.42000 21574.34450 21416.32000 21255.70800 21761.48900 21603.46450 21442.85250 21951.13550 21793.11100 21632.49900 21421.00850 21260.32400 21097.03850 21608.15300 21447.46850 21284.18300 21797.79950 21637.11500 21473.82950
21758.18300 21600.15850 21439.54650 21948.58650 21790.56200 21629.95000 22141.49600 21983.47150 21822.85950 21604.84700 21444.16250 21280.87700 21795.25050 21634.56600 21471.28050 21988.16000 21827.47550 21664.19000 21448.76100 21285.42200 21119.46900 21639.16450 21475.82550 21309.87250 21832.07400 21668.73500 21502.78200
21792.00450 21631.32000 21468.03450 21985.66200 21824.97750 21661.69200 22181.82700 22021.14250 21857.85700 21635.91850 21472.57950 21306.62650 21829.57600 21666.23700 21500.28400 22025.74100 21862.40200 21696.44900 21477.09150 21311.10200 21142.48750 21670.74900 21504.75950 21336.14500 21866.91400 21700.92450 21532.31000
21826.38800 21663.04900 21497.09600 22023.29200 21859.95300 21694.00000 22222.70550 22059.36650 21893.41350 21667.56100 21501.57150 21332.95700 21864.46500 21698.47550 21529.86100 22063.87850 21897.88900 21729.27450 21506.00000 21337.36450 21166.09450 21702.90400 21534.26850 21362.99850 21902.31750 21733.68200 21562.41200
21861.33300 21695.34350 21526.72900 22061.47750 21895.48800 21726.87350 22264.13250 22098.14300 21929.52850 21699.77200 21531.13650 21359.86650 21899.91650 21731.28100 21560.01100 22102.57150 21933.93600 21762.66600 21535.48500 21364.20950 21190.29050 21735.62950 21564.35400 21390.43500 21938.28450 21767.00900 21593.09000
21896.83800 21728.20250 21556.93250 22100.21650 21931.58100 21760.31100 22306.10600 22137.47050 21966.20050 21732.55100 21561.27550 21387.35650 21935.92950 21764.65400 21590.73500 22141.81900 21970.54350 21796.62450 21565.54600 21391.63650 21215.07450 21768.92450 21595.01500 21418.45300 21974.81400 21800.90450 21624.34250
21932.90350 21761.62800 21587.70900 22139.50800 21968.23250 21794.31350 22348.62450 22177.34900 22003.43000 21765.89850 21591.98900 21415.42700 21972.50300 21798.59350 21622.03150 22181.61950 22007.71000 21831.14800 21596.18400 21419.64550 21240.44800 21802.78850 21626.25000 21447.05250 22011.90500 21835.36650 21656.16900
21969.52750 21795.61800 21619.05600 22179.35200 22005.44250 21828.88050 22391.68700 22217.77750 22041.21550 21799.81300 21623.27450 21444.07700 22009.63750 21833.09900 21653.90150 22221.97250 22045.43400 21866.23650 21627.39750 21448.23650 21266.41000 21837.22200 21658.06100 21476.23450 22049.55700 21870.39600 21688.56950
22006.71100 21830.17250 21650.97500 22219.74700 22043.20850 21864.01100 22435.29350 22258.75500 22079.55750 21834.29550 21655.13450 21473.30800 22047.33150 21868.17050 21686.34400 22262.87800 22083.71700 21901.89050 21659.18750 21477.41050 21292.96250 21872.22350 21690.44650 21505.99850 22087.77000 21905.99300 21721.54500
22044.45250 21865.29150 21683.46500 22260.69300 22081.53200 21899.70550 22479.44100 22300.28000 22118.45350 21869.34450 21687.56750 21503.11950 22085.58500 21903.80800 21719.36000 22304.33300 22122.55600 21938.10800 21691.55250 21507.16600 21320.10400 21907.79300 21723.40650 21536.34450 22126.54100 21942.15450 21755.09250
22082.75150 21900.97450 21716.52650 22302.18800 22120.41100 21935.96300 22524.13100 22342.35400 22157.90600 21904.95950 21720.57300 21533.51100 22124.39600 21940.00950 21752.94750 22346.33900 22161.95250 21974.89050 21724.49250 21537.50350 21347.83550 21943.92900 21756.94000 21567.27200 22165.87200 21978.88300 21789.21500
22121.60700 21937.22050 21750.15850 22344.23200 22159.84550 21972.78350 22569.35950 22384.97300 22197.91100 21941.14000 21754.15100 21564.48300 22163.76500 21976.77600 21787.10800 22388.89250 22201.90350 22012.23550 21758.00700 21568.42300 21376.15600 21980.63200 21791.04800 21598.78100 22205.75950 22016.17550 21823.90850
22161.01850 21974.02950 21784.36150 22386.82300 22199.83400 22010.16600 22615.12800 22428.13900 22238.47100 21977.88550 21788.30150 21596.03450 22203.69000 22014.10600 21821.83900 22431.99500 22242.41100 22050.14400 21792.09550 21599.92400 21405.06650 22017.90000 21825.72850 21630.87100 22246.20500 22054.03350 21859.17600
22200.98550 22011.40150 21819.13450 22429.96150 22240.37750 22048.11050 22661.43350 22471.84950 22279.58250 22015.19550 21823.02400 21628.16650 22244.17150 22052.00000 21857.14250 22475.64350 22283.47200 22088.61450 21826.75850 21632.00600 21434.56700 22055.73450 21860.98200 21663.54300 22287.20650 22092.45400 21895.01500
22241.50750 22049.33600 21854.47850 22473.64600 22281.47450 22086.61700 22708.27650 22516.10500 22321.24750 22053.07050 21858.31800 21660.87900 22285.20900 22090.45650 21893.01750 22519.83950 22325.08700 22127.64800 21861.99500 21664.67100 21464.65800 22094.13350 21896.80950 21696.79650 22328.76400 22131.44000 21931.42700
22282.58400 22087.83150 21890.39250 22517.87550 22323.12300 22125.68400 22755.65500 22560.90250 22363.46350 22091.50850 21894.18450 21694.17150 22326.80000 22129.47600 21929.46300 22564.57950 22367.25550 22167.24250 21897.80450 21697.91600 21495.33800 22133.09600 21933.20750 21730.62950 22370.87550 22170.98700 21968.40900
22324.21350 22126.88950 21926.87650 22562.64950 22365.32550 22165.31250 22803.56800 22606.24400 22406.23100 22130.50950 21930.62100 21728.04300 22368.94550 22169.05700 21966.47900 22609.86400 22409.97550 22207.39750 21934.18700 21731.74300 21526.60950 22172.62300 21970.17900 21765.04550 22413.54150 22211.09750 22005.96400
22366.39600 22166.50750 21963.92950 22607.96650 22408.07800 22205.50000 22852.01500 22652.12650 22449.54850 22170.07350 21967.62950 21762.49600 22411.64400 22209.20000 22004.06650 22655.69250 22453.24850 22248.11500 21971.14250 21766.15100 21558.47000 22212.71300 22007.72150 21800.04050 22456.76150 22251.77000 22044.08900
22409.13050 22206.68650 22001.55300 22653.82600 22451.38200 22246.24850 22900.99400 22698.55000 22493.41650 22210.19950 22005.20800 21797.52700 22454.89500 22249.90350 22042.22250 22702.06300 22497.07150 22289.39050 22008.66950 21801.13950 21590.92100 22253.36500 22045.83500 21835.61650 22500.53300 22293.00300 22082.78450
22452.41700 22247.42550 22039.74450 22700.22800 22495.23650 22287.55550 22950.50500 22745.51350 22537.83250 22250.88700 22043.35700 21833.13850 22498.69800 22291.16800 22080.94950 22748.97500 22541.44500 22331.22650 22046.76850 21836.70850 21623.96200 22294.57950 22084.51950 21871.77300 22544.85650 22334.79650 22122.05000
22496.25350 22288.72350 22078.50500 22747.17000 22539.64000 22329.42150 23000.54600 22793.01600 22582.79750 22292.13500 22082.07500 21869.32850 22543.05150 22332.99150 22120.24500 22796.42750 22586.36750 22373.62100 22085.43850 21872.85800 21657.59300 22336.35500 22123.77450 21908.50950 22589.73100 22377.15050 22161.88550
22540.64050 22330.58050 22117.83400 22794.65200 22584.59200 22371.84550 23051.11700 22841.05700 22628.31050 22333.94400 22121.36350 21906.09850 22587.95550 22375.37500 22160.11000 22844.42050 22631.84000 22416.57500 22124.67950 21909.58800 21691.81400 22378.69100 22163.59950 21945.82550 22635.15600 22420.06450 22202.29050
22585.57700 22372.99650 22157.73150 22842.67350 22630.09300 22414.82800 23102.21550 22889.63500 22674.37000 22376.31250 22161.22100 21943.44700 22633.40900 22418.31750 22200.54350 22892.95100 22677.85950 22460.08550 22164.49150 21946.89800 21726.62550 22421.58800 22203.99450 21983.72200 22681.13000 22463.53650 22243.26400
22631.06200 22415.97050 22198.19650 22891.23200 22676.14050 22458.36650 23153.84100 22938.74950 22720.97550 22419.24100 22201.64750 21981.37500 22679.41100 22461.81750 22241.54500 22942.02000 22724.42650 22504.15400 22204.87300 21984.78850 21762.02700 22465.04300 22244.95850 22022.19700 22727.65200 22507.56750 22284.80600
22677.09500 22459.50150 22239.22900 22940.32850 22722.73500 22502.46250 23205.99400 22988.40050 22768.12800 22462.72700 22242.64250 22019.88100 22725.96050 22505.87600 22283.11450 22991.62600 22771.54150 22548.78000 22245.82400 22023.25750 21798.01850 22509.05750 22286.49100 22061.25200 22774.72300 22552.15650 22326.91750
22723.67450 22503.59000 22280.82850 22989.96050 22769.87600 22547.11450 23258.67050 23038.58600 22815.82450 22506.77150 22284.20500 22058.96600 22773.05750 22550.49100 22325.25200 23041.76750 22819.20100 22593.96200 22287.34450 22062.30600 21834.59900 22553.63050 22328.59200 22100.88500 22822.34050 22597.30200 22369.59500
22770.80050 22548.23400 22322.99500 23040.12850 22817.56200 22592.32300 23311.87100 23089.30450 22864.06550 22551.37350 22326.33500 22098.62800 22820.70150 22595.66300 22367.95600 23092.44400 22867.40550 22639.69850 22329.43350 22101.93350 21871.77000 22598.76150 22371.26150 22141.09800 22870.50400 22643.00400 22412.84050
22818.47300 22593.43450 22365.72750 23090.83050 22865.79200 22638.08500 23365.59550 23140.55700 22912.85000 22596.53300 22369.03300 22138.86950 22868.89050 22641.39050 22411.22700 23143.65550 22916.15550 22685.99200 22372.09150 22142.14050 21909.53050 22644.44900 22414.49800 22181.88800 22919.21400 22689.26300 22456.65300
22866.69000 22639.19000 22409.02650 23142.06650 22914.56650 22684.40300 23419.84100 23192.34100 22962.17750 22642.24850 22412.29750 22179.68750 22917.62500 22687.67400 22455.06400 23195.39950 22965.44850 22732.83850 22415.31700 22182.92550 21947.88050 22690.69350 22458.30200 22223.25700 22968.46800 22736.07650 22501.03150
22915.45150 22685.50050 22452.89050 23193.83500 22963.88400 22731.27400 23474.60750 23244.65650 23012.04650 22688.52000 22456.12850 22221.08350 22966.90350 22734.51200 22499.46700 23247.67600 23015.28450 22780.23950 22459.11000 22224.28900 21986.82050 22737.49350 22502.67250 22265.20400 23018.26600 22783.44500 22545.97650
22964.75650 22732.36500 22497.32000 23246.13550 23013.74400 22778.69900 23529.89350 23297.50200 23062.45700 22735.34650 22500.52550 22263.05700 23016.72550 22781.90450 22544.43600 23300.48350 23065.66250 22828.19400 22503.46950 22266.23050 22026.34950 22784.84850 22547.60950 22307.72850 23068.60650 22831.36750 22591.48650
23014.60450 22779.78350 22542.31500 23298.96600 23064.14500 22826.67650 23585.69800 23350.87700 23113.40850 22782.72750 22545.48850 22305.60750 23067.08900 22829.85000 22589.96900 23353.82100 23116.58200 22876.70100 22548.39650 22308.75000 22066.46800 22832.75800 22593.11150 22350.82950 23119.49000 22879.84350 22637.56150
23064.99300 22827.75400 22587.87300 23352.32600 23115.08700 22875.20600 23642.01950 23404.78050 23164.89950 22830.66200 22591.01550 22348.73350 23117.99500 22878.34850 22636.06650 23407.68850 23168.04200 22925.76000 22593.88850 22351.84600 22107.17450 22881.22150 22639.17900 22394.50750 23170.91500 22928.87250 22684.20100
23115.92450 22876.27800 22633.99600 23406.21550 23166.56900 22924.28700 23698.85700 23459.21050 23216.92850 22879.15100 22637.10850 22392.43700 23169.44200 22927.39950 22682.72800 23462.08350 23220.04100 22975.36950 22639.94650 22395.51950 22148.47150 22930.23750 22685.81050 22438.76250 23222.87900 22978.45200 22731.40400
23167.39550 22925.35300 22680.68150 23460.63300 23218.59050 22973.91900 23756.21100 23514.16850 23269.49700 22928.19100 22683.76400 22436.71600 23221.42850 22977.00150 22729.95350 23517.00650 23272.57950 23025.53150 22686.56950 22439.77000 22190.35700 22979.80700 22733.00750 22483.59450 23275.38500 23028.58550 22779.17250
23219.40550 22974.97850 22727.93050 23515.57650 23271.14950 23024.10150 23814.07700 23569.65000 23322.60200 22977.78400 22730.98450 22481.57150 23273.95500 23027.15550 22777.74250 23572.45550 23325.65600 23076.24300 22733.75600 22484.59650 22232.83000 23029.92700 22780.76750 22529.00100 23328.42750 23079.26800 22827.50150
23271.95500 23025.15550 22775.74250 23571.04650 23324.24700 23074.83400 23872.45750 23625.65800 23376.24500 23027.92700 22778.76750 22527.00100 23327.01850 23077.85900 22826.09250 23628.42950 23379.27000 23127.50350 22781.50750 22529.99950 22275.89250 23080.59900 22829.09100 22574.98400 23382.01000 23130.50200 22876.39500
23325.04150 23075.88200 22824.11550 23627.04100 23377.88150 23126.11500 23931.34750 23682.18800 23430.42150 23078.62200 22827.11400 22573.00700 23380.62150 23129.11350 22875.00650 23684.92800 23433.42000 23179.31300 22829.82200 22575.97800 22319.54300 23131.82150 22877.97750 22621.54250 23436.12800 23182.28400 22925.84900
23378.66650 23127.15850 22873.05150 23683.56000 23432.05200 23177.94500 23990.75000 23739.24200 23485.13500 23129.86650 22876.02250 22619.58750 23434.76000 23180.91600 22924.48100 23741.95000 23488.10600 23231.67100 22878.70000 22622.53200 22363.78200 23183.59350 22927.42550 22668.67550 23490.78350 23234.61550 22975.86550
23432.82650 23178.98250 22922.54750 23740.60150 23486.75750 23230.32250 24050.66100 23796.81700 23540.38200 23181.66000 22925.49200 22666.74200 23489.43500 23233.26700 22974.51700 23799.49450 23543.32650 23284.57650 22928.14000 22669.66050 22408.60800 23235.91500 22977.43550 22716.38300 23545.97450 23287.49500 23026.44250
23487.52300 23231.35500 22972.60500 23798.16500 23541.99700 23283.24700 24111.08000 23854.91200 23596.16200 23234.00300 22975.52350 22714.47100 23544.64500 23286.16550 23025.11300 23857.56000 23599.08050 23338.02800 22978.14250 22717.36450 22454.02250 23288.78450 23028.00650 22764.66450 23601.69950 23340.92150 23077.57950
23542.75350 23284.27400 23023.22150 23856.25000 23597.77050 23336.71800 24172.00650 23913.52700 23652.47450 23286.89300 23026.11500 22762.77300 23600.38950 23339.61150 23076.26950 23916.14600 23655.36800 23392.02600 23028.70550 22765.64150 22500.02400 23342.20200 23079.13800 22813.52050 23657.95850 23394.89450 23129.27700
23598.51850 23337.74050 23074.39850 23914.85450 23654.07650 23390.73450 24233.43950 23972.66150 23709.31950 23340.33100 23077.26700 22811.64950 23656.66700 23393.60300 23127.98550 23975.25200 23712.18800 23446.57050 23079.83000 22814.49350 22546.61300 23396.16600 23130.82950 22862.94900 23714.75100 23449.41450 23181.53400
23654.81600 23391.75200 23126.13450 23973.97800 23710.91400 23445.29650 24295.37650 24032.31250 23766.69500 23394.31500 23128.97850 22861.09800 23713.47700 23448.14050 23180.26000 24034.87550 23769.53900 23501.65850 23131.51400 22863.91850 22593.78900 23450.67600 23183.08050 22912.95100 23772.07450 23504.47900 23234.34950
23711.64550 23446.30900 23178.42850 24033.61950 23768.28300 23500.40250 24357.81650 24092.48000 23824.59950 23448.84450 23181.24900 22911.11950 23770.81850 23503.22300 23233.09350 24095.01550 23827.42000 23557.29050 23183.75800 22913.91650 22641.55100 23505.73200 23235.89050 22963.52500 23829.92900 23560.08750 23287.72200
23769.00600 23501.41050 23231.28100 24093.77750 23826.18200 23556.05250 24420.75950 24153.16400 23883.03450 23503.91950 23234.07800 22961.71250 23828.69100 23558.84950 23286.48400 24155.67300 23885.83150 23613.46600 23236.56100 22964.48750 22689.90050 23561.33250 23289.25900 23014.67200 23888.31450 23616.24100 23341.65400
23826.89700 23557.05550 23284.69000 24154.45150 23884.61000 23612.24450 24484.20350 24214.36200 23941.99650 23559.53850 23287.46500 23012.87800 23887.09300 23615.01950 23340.43250 24216.84500 23944.77150 23670.18450 23289.92250 23015.63000 22738.83500 23617.47700 23343.18450 23066.38950 23947.22900 23672.93650 23396.14150
23885.31800 23613.24450 23338.65750 24215.64000 23943.56650 23668.97950 24548.14700 24276.07350 24001.48650 23615.70200 23341.40950 23064.61450 23946.02400 23671.73150 23394.93650 24278.53100 24004.23850 23727.44350 23343.84200 23067.34550 22788.35650 23674.16400 23397.66750 23118.67850 24006.67100 23730.17450 23451.18550
23944.26750 23669.97500 23393.18000 24277.34350 24003.05100 23726.25600 24612.59000 24338.29750 24061.50250 23672.40750 23395.91100 23116.92200 24005.48350 23728.98700 23449.99800 24340.73000 24064.23350 23785.24450 23398.31900 23119.63100 22838.46350 23731.39500 23452.70700 23171.53950 24066.64150 23787.95350 23506.78600
24003.74350 23727.24700 23448.25800 24339.55850 24063.06200 23784.07300 24677.52950 24401.03300 24122.04400 23729.65500 23450.96700 23169.79950 24065.47000 23786.78200 23505.61450 24403.44100 24124.75300 23843.58550 23453.35150 23172.48800 22889.15550 23789.16650 23508.30300 23224.97050 24127.13750 23846.27400 23562.94150
24063.74800 23785.06000 23503.89250 24402.28550 24123.59750 23842.43000 24742.96600 24464.27800 24183.11050 23787.44450 23506.58100 23223.24850 24125.98200 23845.11850 23561.78600 24466.66250 24185.79900 23902.46650 23508.94200 23225.91600 22940.43300 23847.47950 23564.45350 23278.97050 24188.16000 23905.13400 23619.65100
24124.27700 23843.41350 23560.08100 24465.52250 24184.65900 23901.32650 24808.89700 24528.03350 24244.70100 23845.77450 23562.74850 23277.26550 24187.02000 23903.99400 23618.51100 24530.39450 24247.36850 23961.88550 23565.08700 23279.91350 22992.29450 23906.33250 23621.15900 23333.54000 24249.70700 23964.53350 23676.91450
24185.33200 23902.30600 23616.82300 24529.27000 24246.24400 23960.76100 24875.32250 24592.29650 24306.81350 23904.64450 23619.47100 23331.85200 24248.58250 23963.40900 23675.79000 24594.63500 24309.46150 24021.84250 23621.78700 23334.48100 23044.74150 23965.72500 23678.41900 23388.67950 24311.77750 24024.47150 23734.73200
24246.91050 23961.73700 23674.11800 24593.52550 24308.35200 24020.73300 24942.24000 24657.06650 24369.44750 23964.05300 23676.74700 23387.00750 24310.66800 24023.36200 23733.62250 24659.38250 24372.07650 24082.33700 23679.04100 23389.61650 23097.77200 24025.65600 23736.23150 23444.38700 24374.37050 24084.94600 23793.10150
24309.01250 24021.70650 23731.96700 24658.28800 24370.98200 24081.24250 25009.64950 24722.34350 24432.60400 24024.00050 23734.57600 23442.73150 24373.27600 24083.85150 23792.00700 24724.63750 24435.21300 24143.36850 23736.84850 23445.32150 23151.38650 24086.12400 23794.59700 23500.66200 24437.48550 24145.95850 23852.02350
24371.63600 24082.21150 23790.36700 24723.55700 24434.13250 24142.28800 25077.54850 24788.12400 24496.27950 24084.48400 23792.95700 23499.02200 24436.40500 24144.87800 23850.94300 24790.39650 24498.86950 24204.93450 23795.20900 23501.59400 23205.58400 24147.13000 23853.51500 23557.50500 24501.12150 24207.50650 23911.49650
24434.78100 24143.25400 23849.31900 24789.33050 24497.80350 24203.86850 25145.93550 24854.40850 24560.47350 24145.50600 23851.89100 23555.88100 24500.05550 24206.44050 23910.43050 24856.66050 24563.04550 24267.03550 23854.12200 23558.43500 23260.36550 24208.67150 23912.98450 23614.91500 24565.27650 24269.58950 23971.52000
24498.44700 24204.83200 23908.82200 24855.60850 24561.99350 24265.98350 25214.81150 24921.19650 24625.18650 24207.06300 23911.37600 23613.30650 24564.22450 24268.53750 23970.46800 24923.42750 24627.74050 24329.67100 23913.58700 23615.84250 23315.73000 24270.74850 23973.00400 23672.89150 24629.95150 24332.20700 24032.09450
24562.63100 24266.94400 23968.87450 24922.38900 24626.70200 24328.63250 25284.17250 24988.48550 24690.41600 24269.15500 23971.41050 23671.29800 24628.91300 24331.16850 24031.05600 24990.69650 24692.95200 24392.83950 23973.60200 23673.81650 23371.67550 24333.36000 24033.57450 23731.43350 24695.14350 24395.35800 24093.21700
24627.33450 24329.59000 24029.47750 24989.67250 24691.92800 24391.81550 25354.01950 25056.27500 24756.16250 24331.78150 24031.99600 23729.85500 24694.11950 24394.33400 24092.19300 25058.46650 24758.68100 24456.54000 24034.16800 23732.35600 23428.20400 24396.50600 24094.69400 23790.54200 24760.85300 24459.04100 24154.88900
24692.55500 24392.76950 24090.62850 25057.45550 24757.67000 24455.52900 25424.35000 25124.56450 24822.42350 24394.94150 24093.12950 23788.97750 24759.84200 24458.03000 24153.87800 25126.73650 24824.92450 24520.77250 24095.28300 23791.46200 23485.31350 24460.18350 24156.36250 23850.21400 24827.07800 24523.25700 24217.10850
24758.29200 24456.48000 24152.32800 25125.73850 24823.92650 24519.77450 25495.16250 25193.35050 24889.19850 24458.63350 24154.81250 23848.66400 24826.08000 24522.25900 24216.11050 25195.50400 24891.68300 24585.53450 24156.94700 23851.13250 23543.00500 24524.39350 24218.57900 23910.45150 24893.81750 24588.00300 24279.87550
24824.54400 24520.72300 24214.57450 25194.51900 24890.69800 24584.54950 25566.45600 25262.63500 24956.48650 24522.85750 24217.04300 23908.91550 24892.83250 24587.01800 24278.89050 25264.76950 24958.95500 24650.82750 24219.16000 23911.36750 23601.27700 24589.13500 24281.34250 23971.25200 24961.07200 24653.27950 24343.18900
24891.31000 24585.49550 24277.36800 25263.79750 24957.98300 24649.85550 25638.22900 25332.41450 25024.28700 24587.61250 24279.82000 23969.72950 24960.10000 24652.30750 24342.21700 25334.53150 25026.73900 24716.64850 24281.91900 23972.16600 23660.12900 24654.40650 24344.65350 24032.61650 25028.83800 24719.08500 24407.04800
24958.59100 24650.79850 24340.70800 25333.57200 25025.77950 24715.68900 25710.48150 25402.68900 25092.59850 24652.89750 24343.14450 24031.10750 25027.87850 24718.12550 24406.08850 25404.78800 25095.03500 24782.99800 24345.22600 24033.52900 23719.56250 24720.20700 24408.51000 24094.54350 25097.11650 24785.41950 24471.45300
25026.38300 24716.63000 24404.59300 25403.84100 25094.08800 24782.05100 25783.21000 25473.45700 25161.42000 24718.71150 24407.01450 24093.04800 25096.16950 24784.47250 24470.50600 25475.53850 25163.84150 24849.87500 24409.07850 24095.45350 23779.57400 24786.53650 24472.91150 24157.03200 25165.90550 24852.28050 24536.40100
25094.68700 24782.99000 24469.02350 25474.60400 25162.90700 24848.94050 25856.41500 25544.71800 25230.75150 24785.05400 24471.42900 24155.54950 25164.97100 24851.34600 24535.46650 25546.78200 25233.15700 24917.27750 24473.47650 24157.94050 23840.16600 24853.39350 24537.85750 24220.08300 25235.20450 24919.66850 24601.89400
25163.50150 24849.87650 24533.99700 25545.85850 25232.23350 24916.35400 25930.09400 25616.46900 25300.58950 24851.92400 24536.38800 24218.61350 25234.28100 24918.74500 24600.97050 25618.51650 25302.98050 24985.20600 24538.41950 24220.98950 23901.33650 24920.77650 24603.34650 24283.69350 25305.01200 24987.58200 24667.92900
25232.82450 24917.28850 24599.51400 25617.60550 25302.06950 24984.29500 26004.24650 25688.71050 25370.93600 24919.32000 24601.89000 24282.23700 25304.10100 24986.67100 24667.01800 25690.74200 25373.31200 25053.65900 24603.90550 24284.59950 23963.08450 24988.68650 24669.38050 24347.86550 25375.32750 25056.02150 24734.50650
25302.65700 24985.22700 24665.57400 25689.84200 25372.41200 25052.75900 26078.87100 25761.44100 25441.78800 24987.24250 24667.93650 24346.42150 25374.42750 25055.12150 24733.60650 25763.45650 25444.15050 25122.63550 24669.93550 24348.77000 24025.41200 25057.12050 24735.95500 24412.59700 25446.14950 25124.98400 24801.62600
25372.99600 25053.69000 24732.17500 25762.56800 25443.26200 25121.74700 26153.96550 25834.65950 25513.14450 25055.68900 24734.52350 24411.16550 25445.26100 25124.09550 24800.73750 25836.65850 25515.49300 25192.13500 24736.50700 24413.49950 24088.31600 25126.07900 24803.07150 24477.88800 25517.47650 25194.46900 24869.28550
25443.84100 25122.67550 24799.31750 25835.78100 25514.61550 25191.25750 26229.52850 25908.36300 25585.00500 25124.65900 24801.65150 24476.46800 25516.59900 25193.59150 24868.40800 25910.34650 25587.33900 25262.15550 24803.62050 24478.78850 24151.79650 25195.56050 24870.72850 24543.73650 25589.30800 25264.47600 24937.48400
25515.19100 25192.18350 24867.00000 25909.48050 25586.47300 25261.28950 26305.56000 25982.55250 25657.36900 25194.15250 24869.32050 24542.32850 25588.44200 25263.61000 24936.61800 25984.52150 25659.68950 25332.69750 24871.27400 24544.63600 24215.85400 25265.56350 24938.92550 24610.14350 25661.64300 25335.00500 25006.22300
25587.04550 25262.21350 24935.22150 25983.66600 25658.83400 25331.84200 26382.05750 26057.22550 25730.23350 25264.16700 24937.52900 24608.74700 25660.78750 25334.14950 25005.36750 26059.17900 25732.54100 25403.75900 24939.46800 24611.04150 24280.48700 25336.08850 25007.66200 24677.10750 25734.48000 25406.05350 25075.49900
25659.40300 25332.76500 25003.98300 26058.33450 25731.69650 25402.91450 26459.01950 26132.38150 25803.59950 25334.70400 25006.27750 24675.72300 25733.63550 25405.20900 25074.65450 26134.32050 25805.89400 25475.33950 25008.20200 24678.00500 24345.69650 25407.13350 25076.93650 24744.62800 25807.81850 25477.62150 25145.31300
25732.26200 25403.83550 25073.28100 26133.48650 25805.06000 25474.50550 26536.44500 26208.01850 25877.46400 25405.76000 25075.56300 24743.25450 25806.98450 25476.78750 25144.47900 26209.94300 25879.74600 25547.43750 25077.47350 24745.52400 24411.48050 25478.69800 25146.74850 24812.70500 25881.65650 25549.70700 25215.66350
25805.62200 25475.42500 25143.11650 26209.11950 25878.92250 25546.61400 26614.33300 26284.13600 25951.82750 25477.33550 25145.38600 24811.34250 25880.83300 25548.88350 25214.84000 26286.04650 25954.09700 25620.05350 25147.28300 24813.59950 24477.83900 25550.78050 25217.09700 24881.33650 25955.99400 25622.31050 25286.55000
25879.48200 25547.53250 25213.48900 26285.23300 25953.28350 25619.24000 26692.68150 26360.73200 26026.68850 25549.42950 25215.74600 24879.98550 25955.18050 25621.49700 25285.73650 26362.62900 26028.94550 25693.18500 25217.62950 24882.23050 24544.77250 25623.38050 25287.98150 24950.52350 26030.82900 25695.43000 25357.97200
25953.84000 25620.15650 25284.39600 26361.82550 26028.14200 25692.38150 26771.48900 26437.80550 26102.04500 25622.04000 25286.64100 24949.18300 26030.02550 25694.62650 25357.16850 26439.68900 26104.29000 25766.83200 25288.51200 24951.41600 24612.27800 25696.49750 25359.40150 25020.26350 26106.16100 25769.06500 25429.92700
26028.69600 25693.29700 25355.83900 26438.89600 26103.49700 25766.03900 26850.75450 26515.35550 26177.89750 25695.16800 25358.07200 25018.93400 26105.36800 25768.27200 25429.13400 26517.22650 26180.13050 25840.99250 25359.92950 25021.15550 24680.35750 25770.12950 25431.35550 25090.55750 26181.98800 25843.21400 25502.41600
26104.04900 25766.95300 25427.81500 26516.44350 26179.34750 25840.20950 26930.47700 26593.38100 26254.24300 25768.81050 25430.03650 25089.23850 26181.20500 25842.43100 25501.63300 26595.23850 26256.46450 25915.66650 25431.88150 25091.44900 24749.00950 25844.27600 25503.84350 25161.40400 26258.30950 25917.87700 25575.43750
26179.89600 25841.12200 25500.32400 26594.46500 26255.69100 25914.89300 27010.65400 26671.88000 26331.08200 25842.96700 25502.53450 25160.09500 26257.53600 25917.10350 25574.66400 26673.72500 26333.29250 25990.85300 25504.36650 25162.29400 24818.23300 25918.93550 25576.86300 25232.80200 26335.12450 25993.05200 25648.99100
26256.23750 25915.80500 25573.36550 26672.96100 26332.52850 25990.08900 27091.28450 26750.85200 26408.41250 25917.63700 25575.56450 25231.50350 26334.36050 25992.28800 25648.22700 26752.68400 26410.61150 26066.55050 25577.38500 25233.69150 24888.02750 25994.10850 25650.41500 25304.75100 26412.43200 26068.73850 25723.07450
26333.07150 25990.99900 25646.93800 26751.92950 26409.85700 26065.79600 27172.36700 26830.29450 26486.23350 25992.81950 25649.12600 25303.46200 26411.67750 26067.98400 25722.32000 26832.11500 26488.42150 26142.75750 25650.93400 25305.64000 24958.39300 26069.79200 25724.49800 25377.25100 26490.22950 26144.93550 25797.68850
26410.39850 26066.70500 25721.04100 26831.37000 26487.67650 26142.01250 27253.90100 26910.20750 26564.54350 26068.51300 25723.21900 25375.97200 26489.48450 26144.19050 25796.94350 26912.01550 26566.72150 26219.47450 25725.01500 25378.13900 25029.32900 26145.98650 25799.11050 25450.30050 26568.51750 26221.64150 25872.83150
26488.21500 26142.92100 25795.67400 26911.27900 26565.98500 26218.73800 27335.88250 26990.58850 26643.34150 26144.71700 25797.84100 25449.03100 26567.78100 26220.90500 25872.09500 26992.38450 26645.50850 26296.69850 25799.62600 25451.18850 25100.83450 26222.69000 25874.25250 25523.89850 26647.29350 26298.85600 25948.50200
26566.52150 26219.64550 25870.83550 26991.65700 26644.78100 26295.97100 27418.31250 27071.43650 26722.62650 26221.43050 25872.99300 25522.63900 26646.56600 26298.12850 25947.77450 27073.22150 26724.78400 26374.43000 25874.76600 25524.78600 25172.90950 26299.90150 25949.92150 25598.04500 26726.55700 26376.57700 26024.70050
26645.31600 26296.87850 25946.52450 27072.50300 26724.06550 26373.71150 27501.18900 27152.75150 26802.39750 26298.65150 25948.67150 25596.79500 26725.83850 26375.85850 26023.98200 27154.52450 26804.54450 26452.66800 25950.43400 25598.93200 25245.55250 26377.62100 26026.11900 25672.73950 26806.30700 26454.80500 26101.42550
26724.59800 26374.61800 26022.74150 27153.81500 26803.83500 26451.95850 27584.51000 27234.53000 26882.65350 26376.38050 26024.87850 25671.49900 26805.59750 26454.09550 26100.71600 27236.29250 26884.79050 26531.41100 26026.63000 25673.62650 25318.76400 26455.84700 26102.84350 25747.98100 26886.54200 26533.53850 26178.67600
26804.36600 26452.86400 26099.48450 27235.59100 26884.08900 26530.70950 27668.27400 27316.77200 26963.39250 26454.61550 26101.61200 25746.74950 26885.84050 26532.83700 26177.97450 27318.52350 26965.52000 26610.65750 26103.35300 25748.86700 25392.54300 26534.57800 26180.09200 25823.76800 26967.26100 26612.77500 26256.45100
26884.61850 26531.61500 26176.75250 27317.83050 26964.82700 26609.96450 27752.48000 27399.47650 27044.61400 26533.35600 26178.87000 25822.54600 26966.56800 26612.08200 26255.75800 27401.21750 27046.73150 26690.40750 26180.60100 25824.65400 25466.88800 26613.81300 26257.86600 25900.10000 27048.46250 26692.51550 26334.74950
26965.35500 26610.86900 26254.54500 27400.53250 27046.04650 26689.72250 27837.12600 27482.64000 27126.31600 26612.60000 26256.65300 25898.88700 27047.77750 26691.83050 26334.06450 27484.37100 27128.42400 26770.65800 26258.37350 25900.98650 25541.79950 26693.55100 26336.16400 25976.97700 27130.14450 26772.75750 26413.57050
27046.57300 26690.62600 26332.86000 27483.69500 27127.74800 26769.98200 27922.21100 27566.26400 27208.49800 26692.34650 26334.95950 25975.77250 27129.46850 26772.08150 26412.89450 27567.98450 27210.59750 26851.41050 26336.66950 25977.86250 25617.27550 26773.79150 26414.98450 26054.39750 27212.30750 26853.50050 26492.91350
27128.27250 26770.88550 26411.69850 27567.31600 27209.92900 26850.74200 28007.73250 27650.34550 27291.15850 26772.59550 26413.78850 26053.20150 27211.63900 26852.83200 26492.24500 27652.05550 27293.24850 26932.66150 26415.48900 26055.28300 25693.31750 26854.53250 26494.32650 26132.36100 27294.94900 26934.74300 26572.77750
27210.45200 26851.64500 26491.05800 27651.39550 27292.58850 26932.00150 28093.69000 27734.88300 27374.29600 26853.34550 26493.13950 26131.17400 27294.28900 26934.08300 26572.11750 27736.58350 27376.37750 27014.41200 26494.83050 26133.24700 25769.92300 26935.77400 26574.19050 26210.86650 27378.06850 27016.48500 26653.16100
27293.10950 26932.90350 26570.93800 27735.93150 27375.72550 27013.76000 28180.08150 27819.87550 27457.91000 26934.59450 26573.01100 26209.68700 27377.41650 27015.83300 26652.50900 27821.56650 27459.98300 27096.65900 26574.69250 26211.75150 25847.09150 27017.51450 26654.57350 26289.91350 27461.66450 27098.72350 26734.06350
27376.24500 27014.66150 26651.33750 27820.92200 27459.33850 27096.01450 28266.90600 27905.32250 27541.99850 27016.34300 26653.40200 26288.74200 27461.02000 27098.07900 26733.41900 27907.00400 27544.06300 27179.40300 26655.07450 26290.79850 25924.82350 27099.75150 26735.47550 26369.50050 27545.73550 27181.45950 26815.48450
27459.85750 27096.91650 26732.25650 27906.36700 27543.42600 27178.76600 28354.16100 27991.22000 27626.56000 27098.58900 26734.31300 26368.33800 27545.09850 27180.82250 26814.84750 27992.89250 27628.61650 27262.64150 26735.97650 26370.38650 26003.11850 27182.48600 26816.89600 26449.62800 27630.28000 27264.69000 26897.42200
27543.94400 27179.66800 26813.69300 27992.26300 27627.98700 27262.01200 28441.84550 28077.56950 27711.59450 27181.33150 26815.74150 26448.47350 27629.65050 27264.06050 26896.79250 28079.23300 27713.64300 27346.37500 26817.39600 26450.51400 26081.97400 27265.71500 26898.83300 26530.29300 27715.29750 27348.41550 26979.87550
27628.50400 27262.91400 26895.64600 28078.61100 27713.02100 27345.75300 28529.95800 28164.36800 27797.10000 27264.56850 26897.68650 26529.14650 27714.67550 27347.79350 26979.25350 28166.02250 27799.14050 27430.60050 26899.33250 26531.17950 26161.39050 27349.43950 26981.28650 26611.49750 27800.78650 27432.63350 27062.84450
27713.53650 27346.65450 26978.11450 28165.40800 27798.52600 27429.98600 28618.49600 28251.61400 27883.07400 27348.30050 26980.14750 26610.35850 27800.17200 27432.01900 27062.23000 28253.26000 27885.10700 27515.31800 26981.78500 26612.38400 26241.36750 27433.65650 27064.25550 26693.23900 27886.74450 27517.34350 27146.32700
27799.04050 27430.88750 27061.09850 28252.65300 27884.50000 27514.71100 28707.46000 28339.30700 27969.51800 27432.52500 27063.12400 26692.10750 27886.13750 27516.73650 27145.72000 28340.94450 27971.54350 27600.52700 27064.75300 26694.12500 26321.90350 27518.36550 27147.73750 26775.51600 27973.17250 27602.54450 27230.32300
27885.01400 27515.61300 27144.59650 28340.34450 27970.94350 27599.92700 28796.84600 28427.44500 28056.42850 27517.24200 27146.61400 26774.39250 27972.57250 27601.94450 27229.72300 28429.07400 28058.44600 27686.22450 27148.23550 26776.40350 26402.99900 27603.56600 27231.73400 26858.32950 28060.06750 27688.23550 27314.83100
27971.45650 27600.82850 27228.60700 28428.48050 28057.85250 27685.63100 28886.65400 28516.02600 28143.80450 27602.45000 27230.61800 26857.21350 28059.47400 27687.64200 27314.23750 28517.64750 28145.81550 27772.41100 27232.23100 26859.21750 26484.65250 27689.25500 27316.24150 26941.67650 28147.42850 27774.41500 27399.85000
28058.36550 27686.53350 27313.12900 28517.06100 28145.22900 27771.82450 28976.88200 28605.05000 28231.64550 27688.14650 27315.13300 26940.56800 28146.84200 27773.82850 27399.26350 28606.66300 28233.64950 27859.08450 27316.73800 26942.56500 26566.86250 27775.43350 27401.26050 27025.55800 28235.25450 27861.08150 27485.37900
28145.74100 27772.72750 27398.16250 28606.08350 28233.07000 27858.50500 29067.52750 28694.51400 28319.94900 27774.33250 27400.15950 27024.45700 28234.67500 27860.50200 27484.79950 28696.11900 28321.94600 27946.24350 27401.75700 27026.44700 26649.63000 27862.09950 27486.78950 27109.97250 28323.54350 27948.23350 27571.41650
28233.58100 27859.40800 27483.70550 28695.54650 28321.37350 27945.67100 29158.59050 28784.41750 28408.71500 27861.00550 27485.69550 27108.87850 28322.97100 27947.66100 27570.84400 28786.01500 28410.70500 28033.88800 27487.28600 27110.86200 26732.95300 27949.25150 27572.82750 27194.91850 28412.29550 28035.87150 27657.96250
28321.88400 27946.57400 27569.75700 28785.44950 28410.13950 28033.32250 29250.06800 28874.75800 28497.94100 27948.16450 27571.74050 27193.83150 28411.73000 28035.30600 27657.39700 28876.34850 28499.92450 28122.01550 27573.32400 27195.80900 26816.83100 28036.88950 27659.37450 27280.39650 28501.50800 28123.99300 27745.01500
28410.64950 28034.22550 27656.31650 28875.78950 28499.36550 28121.45650 29341.95950 28965.53550 28587.62650 28035.80900 27658.29400 27279.31600 28500.94900 28123.43400 27744.45600 28967.11900 28589.60400 28210.62600 27659.87000 27281.28650 26901.26350 28125.01000 27746.42650 27366.40350 28591.18000 28212.59650 27832.57350
28499.87600 28122.36100 27743.38300 28966.56650 28589.05150 28210.07350 29434.26300 29056.74800 28677.77000 28123.93700 27745.35350 27365.33050 28590.62750 28212.04400 27832.02100 29058.32400 28679.74050 28299.71750 27746.92350 27367.29550 26986.25050 28213.61400 27833.98600 27452.94100 28681.31050 28301.68250 27920.63750
28589.56100 28210.97750 27830.95450 29057.77700 28679.19350 28299.17050 29526.97600 29148.39250 28768.36950 28212.54750 27832.91950 27451.87450 28680.76350 28301.13550 27920.09050 29149.96250 28770.33450 28389.28950 27834.48200 27453.83350 27071.78900 28302.69800 27922.04950 27540.00500 28771.89700 28391.24850 28009.20400
28679.70400 28300.07600 27919.03100 29149.42200 28769.79400 28388.74900 29620.09750 29240.46950 28859.42450 28301.63850 27920.99000 27538.94550 28771.35650 28390.70800 28008.66350 29242.03200 28861.38350 28479.33900 27922.54550 27540.89850 27157.88050 28392.26350 28010.61650 27627.59850 28862.93900 28481.29200 28098.27400
28770.30350 28389.65500 28007.61050 29241.49800 28860.84950 28478.80500 29713.62550 29332.97700 28950.93250 28391.21050 28009.56350 27626.54550 28862.40500 28480.75800 28097.74000 29334.53250 28952.88550 28569.86750 28011.11350 27628.49300 27244.52300 28482.30800 28099.68750 27715.71750 28954.43550 28571.81500 28187.84500
28861.35850 28479.71150 28096.69350 29334.00450 28952.35750 28569.33950 29807.55900 29425.91200 29042.89400 28481.26150 28098.64100 27714.67100 28953.90750 28571.28700 28187.31700 29427.46200 29044.84150 28660.87150 28100.18400 27716.61300 27331.71600 28572.83000 28189.25900 27804.36200 29046.38450 28662.81350 28277.91650
28952.86750 28570.24700 28186.27700 29426.94000 29044.31950 28660.34950 29901.89600 29519.27550 29135.30550 28571.79000 28188.21900 27803.32200 29045.86250 28662.29150 28277.39450 29520.81850 29137.24750 28752.35050 28189.75600 27805.25850 27419.45950 28663.82850 28279.33100 27893.53200 29138.78450 28754.28700 28368.48800
29044.82850 28661.25750 28276.36050 29520.30250 29136.73150 28751.83450 29996.63500 29613.06400 29228.16700 28662.79450 28278.29700 27892.49800 29138.26850 28753.77100 28367.97200 29614.60100 29230.10350 28844.30450 28279.82850 27894.42900 27507.75100 28755.30250 28369.90300 27983.22500 29231.63500 28846.23550 28459.55750
29137.24050 28752.74300 28366.94400 29614.09050 29229.59300 28843.79400 30091.77350 29707.27600 29321.47700 28754.27450 28368.87500 27982.19700 29231.12450 28845.72500 28459.04700 29708.80750 29323.40800 28936.73000 28370.40050 27984.12350 27596.59100 28847.25050 28460.97350 28073.44100 29324.93350 28938.65650 28551.12400
29230.10250 28844.70300 28458.02500 29708.30250 29322.90300 28936.22500 30187.31050 29801.91100 29415.23300 28846.22850 28459.95150 28072.41900 29324.42850 28938.15150 28550.61900 29803.43650 29417.15950 29029.62700        nan        nan        nan        nan        nan        nan        nan        nan        nan
