       nan        nan        nan        nan        nan        nan        nan        nan        nan  409.17207        nan        nan        nan        nan        nan        nan        nan        nan  409.21816  409.93263        nan        nan        nan        nan        nan        nan        nan
 409.12072        nan        nan  408.53717        nan        nan        nan        nan        nan  409.16679  409.88109        nan  408.58311  409.29537        nan        nan        nan        nan  409.25902  409.97915  410.58039  408.67508  409.39315  409.99267        nan        nan        nan
 409.06394  409.77787        nan  408.47191  409.18378        nan  407.98493  408.69510        nan  409.15612  409.87589  410.47682  408.56382  409.28151  409.88070  408.07663  408.79260  409.39036  409.29458  410.02311  410.63867  408.70188  409.42830  410.04208  408.21436  408.93904  409.55135
 409.00153  409.72076  410.32124  408.39668  409.11377  409.71247  407.88755  408.60286  409.20006  409.13989  409.86786  410.48296  408.53462  409.26044  409.87372  408.02515  408.74916  409.36090  409.32471  410.06436  410.69839  408.71890  409.45635  410.08851  408.20897  408.94458  409.57515
 408.93324  409.66047  410.27495  408.31129  409.03632  409.64892  407.77436  408.49747  409.10846  409.11787  409.85677  410.49016  408.49536  409.23201  409.86347  407.95795  408.69266  409.32245  409.34917  410.10266  410.75887  408.72596  409.47715  410.13136  408.18794  408.93715  409.58963
 408.85875  409.59671  410.22930  408.21561  408.95125  409.58184  407.64622  408.37981  409.00864  409.08976  409.84229  410.49766  408.44589  409.19605  409.84936  407.87586  408.62393  409.27541  409.36773  410.13768  410.81936  408.72299  409.49052  410.17004  408.15219  408.91757  409.59519
 408.77777  409.52915  410.18352  408.10955  408.85847  409.51071  407.50402  408.25072  408.90101  409.05531  409.82409  410.50473  408.38619  409.15245  409.83086  407.77984  408.54383  409.22021  409.38013  410.16910  410.87910  408.70994  409.49633  410.20401  408.10263  408.88669  409.59225
 408.69003  409.45743  410.13684  407.99322  408.75800  409.43510  407.34862  408.11099  408.78594  409.01426  409.80182  410.51055  408.31634  409.10122  409.80752  407.67072  408.45312  409.15718  409.38608  410.19651  410.93729  408.68690  409.49456  410.23281  408.04011  408.84521  409.58112
 408.59533  409.38127  410.08855  407.86675  408.64990  409.35465  407.18077  407.96128  408.66365  408.96639  409.77515  410.51442  408.23650  409.04237  409.77899  407.54927  408.35243  409.08657  409.38539  410.21955  410.99323  408.65400  409.48518  410.25609  407.96537  408.79375  409.56205
 408.49348  409.30037  410.03792  407.73036  408.53423  409.26902  407.00119  407.80219  408.53434  408.91151  409.74374  410.51562  408.14682  408.97594  409.74493  407.41616  408.24231  409.00854  409.37783  410.23789  411.04626  408.61140  409.46824  410.27358  407.87908  408.73285  409.53529
 408.38436  409.21445  409.98433  407.58425  408.41109  409.17795  406.81047  407.63416  408.39811  408.84948  409.70732  410.51360  408.04755  408.90203  409.70514  407.27201  408.12324  408.92329  409.36328  410.25118  411.09580  408.55934  409.44375  410.28504  407.78186  408.66290  409.50098
 408.26787  409.12326  409.92724  407.42872  408.28060  409.08127  406.60917  407.45762  408.25506  408.78021  409.66558  410.50778  407.93896  408.82068  409.65941  407.11736  407.99553  408.83087  409.34160  410.25915  411.14130  408.49804  409.41180  410.29031  407.67419  408.58427  409.45922
 408.14397  409.02659  409.86616  407.26401  408.14282  408.97876  406.39782  407.27288  408.10526  408.70362  409.61830  410.49770  407.82124  408.73198  409.60757  406.95268  407.85953  408.73139  409.31270  410.26152  411.18235  408.42769  409.37241  410.28925  407.55655  408.49723  409.41015
 408.01267  408.92426  409.80067  407.09038  407.99785  408.87029  406.17681  407.08021  407.94873  408.61969  409.56529  410.48300  407.69466  408.63598  409.54952  406.77838  407.71547  408.62489  409.27652  410.25811  411.21857  408.34852  409.32566  410.28175  407.42930  408.40204  409.35382
 407.87396  408.81611  409.73046  406.90808  407.84577  408.75578  405.94657  406.87983  407.78552  408.52840  409.50640  410.46333  407.55942  408.53278  409.48517  406.59483  407.56358  408.51145  409.23305  410.24873  411.24964  408.26073  409.27158  410.26772  407.29282  408.29888  409.29028
 407.72785  408.70201  409.65519  406.71733  407.68666  408.63511  405.70744  406.67197  407.61569  408.42974  409.44142  410.43839  407.41574  408.42241  409.41441  406.40239  407.40405  408.39111  409.18225  410.23319  411.27524  408.16452  409.21023  410.24709  407.14745  408.18795  409.21962
 407.57440  408.58185  409.57463  406.51834  407.52057  408.50820  405.45973  406.45674  407.43920  408.32377  409.37030  410.40796  407.26383  408.30492  409.33719  406.20133  407.23699  408.26386  409.12413  410.21138  411.29521  408.06003  409.14163  410.21981  406.99338  408.06933  409.14185
 407.41369  408.45555  409.48858  406.31135  407.34757  408.37500  405.20374  406.23432  407.25612  408.21048  409.29288  410.37185  407.10383  408.18036  409.25347  405.99190  407.06255  408.12978  409.05871  410.18322  411.30933  407.94746  409.06586  410.18583  406.83093  407.94320  409.05703
 407.24573  408.32301  409.39687  406.09650  407.16770  408.23548  404.93972  406.00482  407.06650  408.08995  409.20913  410.32989  406.93595  408.04880  409.16321  405.77440  406.88089  407.98892  408.98599  410.14859  411.31743  407.82693  408.98294  410.14514  406.66029  407.80969  408.96521
 407.07063  408.18422  409.29936  405.87401  406.98105  408.08963  404.66793  405.76839  406.87036  407.96220  409.11898  410.28194  406.76034  407.91030  409.06640  405.54899  406.69210  407.84130  408.90604  410.10745  411.31940  407.69862  408.89294  410.09771  406.48168  407.66887  408.86643
 406.88842  408.03910  409.19593  405.64402  406.78767  407.93740  404.38855  405.52512  406.66772  407.82729  409.02236  410.22790  406.57715  407.76490  408.96302  405.31590  406.49628  407.68695  408.81885  410.05972  411.31512  407.56263  408.79587  410.04354  406.29528  407.52085  408.76073
 406.69919  407.88765  409.08650  405.40671  406.58761  407.77882  404.10181  405.27512  406.45864  407.68527  408.91925  410.16767  406.38652  407.61264  408.85308  405.07532  406.29353  407.52594  408.72448  410.00536  411.30448  407.41911  408.69181  409.98261  406.10125  407.36572  408.64814
 406.50302  407.72984  408.97100  405.16220  406.38093  407.61388  403.80790  405.01849  406.24317  407.53620  408.80964  410.10118  406.18857  407.45358  408.73656  404.82741  406.08395  407.35830  408.62297  409.94436  411.28744  407.26815  408.58078  409.91492  405.89976  407.20357  408.52872
 406.29997  407.56568  408.84936  404.91064  406.16770  407.44257  403.50698  404.75532  406.02133  407.38015  408.69350  410.02838  405.98343  407.28778  408.61348  404.57233  405.86761  407.18407  408.51438  409.87671  411.26394  407.10989  408.46285  409.84051  405.69096  407.03449  408.40251
 406.09013  407.39517  408.72157  404.65217  405.94797  407.26495  403.19921  404.48570  405.79319  407.21718  408.57086  409.94925  405.77124  407.11531  408.48388  404.31025  405.64463  407.00331  408.39876  409.80239  411.23392  406.94443  408.33807  409.75937  405.47499  406.85856  408.26957
 405.87358  407.21833  408.58759  404.38692  405.72181  407.08101  402.88478  404.20976  405.55882  407.04737  408.44171  409.86373  405.55211  406.93620  408.34775  404.04131  405.41510  406.81609  408.27616  409.72139  411.19737  406.77187  408.20646  409.67153  405.25199  406.67586  408.12994
 405.65041  407.03518  408.44741  404.11500  405.48929  406.89079  402.56382  403.92756  405.31827  406.87077  408.30606  409.77184  405.32612  406.75051  408.20513  403.76565  405.17907  406.62245  408.14665  409.63377  411.15427  406.59232  408.06811  409.57699  405.02210  406.48649  407.98368
 405.42067  406.84572  408.30102  403.83654  405.25047  406.69435  402.23646  403.63918  405.07159  406.68745  408.16394  409.67353  405.09343  406.55835  408.05606  403.48339  404.93666  406.42243  408.01026  409.53949  411.10460  406.40588  407.92307  409.47584  404.78541  406.29051  407.83084
 405.18447  406.65005  408.14844  403.55167  405.00544  406.49171  401.90286  403.34474  404.81883  406.49750  408.01539  409.56886  404.85413  406.35974  407.90060  403.19467  404.68795  406.21613  407.86710  409.43859  411.04836  406.21265  407.77140  409.36806  404.54206  406.08799  407.67147
 404.94189  406.44815  407.98969  403.26050  404.75426  406.28295  401.56316  403.04435  404.56012  406.30100  407.86042  409.45779  404.60833  406.15476  407.73877  402.89964  404.43302  406.00360  407.71719  409.33111  410.98556  406.01272  407.61315  409.25372  404.29218  405.87905  407.50566
 404.69301  406.24009  407.82476  402.96312  404.49699  406.06806  401.21747  402.73805  404.29546  406.09799  407.69910  409.34035  404.35610  405.94348  407.57060  402.59839  404.17196  405.78489  407.56062  409.21709  410.91623  405.80619  407.44840  409.13285  404.03587  405.66376  407.33345
 404.43791  406.02592  407.65371  402.65966  404.23372  405.84714  400.86594  402.42598  404.02497  405.88858  407.53146  409.21660  404.09759  405.72597  407.39618  402.29106  403.90489  405.56011  407.39747  409.09656  410.84036  405.59316  407.27721  409.00550  403.77327  405.44221  407.15493
 404.17669  405.80571  407.47658  402.35025  403.96455  405.62026  400.50868  402.10821  403.74870  405.67285  407.35756  409.08653  403.83289  405.50233  407.21555  401.97775  403.63186  405.32928  407.22779  408.96956  410.75799  405.37373  407.09965  408.87172  403.50444  405.21445  406.97011
 403.90942  405.57949  407.29337  402.03497  403.68954  405.38745  400.14583  401.78486  403.46675  405.45085  407.17742  408.95018  403.56210  405.27259  407.02876  401.65861  403.35297  405.09251  407.05166  408.83613  410.66914  405.14800  406.91578  408.73158  403.22955  404.98060  406.77913
 403.63621  405.34733  407.10415  401.71394  403.40877  405.14879  399.77751  401.45600  403.17918  405.22270  406.99113  408.80760  403.28532  405.03685  406.83588  401.33374  403.06833  404.84987  406.86916  408.69634  410.57387  404.91605  406.72569  408.58512  402.94869  404.74075  406.58203
 403.35716  405.10931  406.90899  401.38728  403.12233  404.90436  399.40383  401.12174  402.88608  404.98846  406.79875  408.65885  403.00266  404.79520  406.63698  401.00325  402.77802  404.60144  406.68036  408.55024  410.47220  404.67797  406.52944  408.43240  402.66195  404.49497  406.37889
 403.07234  404.86550  406.70792  401.05510  402.83033  404.65423  399.02493  400.78219  402.58755  404.74823  406.60034  408.50397  402.71423  404.54773  406.43214  400.66727  402.48214  404.34731  406.48535  408.39788  410.36419  404.43390  406.32712  408.27350  402.36947  404.24337  406.16978
 402.78185  404.61596  406.50101  400.71748  402.53281  404.39845  398.64093  400.43745  402.28367  404.50209  406.39596  408.34299  402.42011  404.29448  406.22139  400.32591  402.18079  404.08755  406.28420  408.23932  410.24986  404.18388  406.11879  408.10845  402.07133  403.98603  405.95479
 402.48578  404.36077  406.28831  400.37458  402.22991  404.13714  398.25194  400.08760  401.97451  404.25013  406.18568  408.17599  402.12043  404.03559  406.00484  399.97928  401.87405  403.82223  406.07699  408.07464  410.12929  403.92805  405.90456  407.93736  401.76766  403.72303  405.73399
 402.18425  404.10002  406.06990  400.02647  401.92168  403.87033  397.85808  399.73275  401.66018  403.99245  405.96959  408.00305  401.81526  403.77110  405.78254  399.62749  401.56204  403.55147  405.86384  407.90391  410.00255  403.66649  405.68448  407.76028  401.45857  403.45449  405.50747
 401.87733  403.83377  405.84584  399.67327  401.60826  403.59815  397.45947  399.37303  401.34078  403.72913  405.74775  407.82420  401.50477  403.50115  405.55461  399.27069  401.24486  403.27536  405.64478  407.72719  409.86965  403.39932  405.45867  407.57730  401.14417  403.18051  405.27533
 401.56514  403.56212  405.61620  399.31510  401.28971  403.32067  397.05625  399.00853  401.01640  403.46026  405.52024  407.63952  401.18900  403.22579  405.32109  398.90895  400.92260  402.99397  405.41993  407.54455  409.73069  403.12661  405.22720  407.38849  400.82455  402.90115  405.03764
 401.24777  403.28516  405.38108  398.95206  400.96614  403.03796  396.64852  398.63936  400.68714  403.18595  405.28716  407.44909  400.86807  402.94513  405.08208  398.54242  400.59538  402.70742  405.18939  407.35608  409.58575  402.84849  404.99014  407.19392  400.49986  402.61656  404.79451
 400.92531  403.00296  405.14053  398.58427  400.63766  402.75015  396.23639  398.26560  400.35308  402.90629  405.04857  407.25298  400.54213  402.65927  404.83768  398.17119  400.26328  402.41577  404.95323  407.16185  409.43486  402.56506  404.74762  406.99369  400.17018  402.32679  404.54600
 400.59789  402.71562  404.89465  398.21185  400.30437  402.45731  395.82001  397.88740  400.01435  402.62139  404.80457  407.05127  400.21126  402.36831  404.58797  397.79541  399.92643  402.11916  404.71156  406.96194  409.27812  402.27642  404.49972  406.78788  399.83565  402.03198  404.29223
 400.26562  402.42326  404.64353  397.83491  399.96635  402.15952  395.39950  397.50485  399.67104  402.33134  404.55525  406.84404  399.87556  402.07233  404.33303  397.41517  399.58492  401.81766  404.46447  406.75645  409.11560  401.98266  404.24652  406.57656  399.49635  401.73222  404.03329
 399.92857  402.12593  404.38724  397.45356  399.62373  401.85691  394.97495  397.11807  399.32325  402.03623  404.30070  406.63137  399.53515  401.77145  404.07297  397.03059  399.23887  401.51138  404.21205  406.54546  408.94738  401.68391  403.98813  406.35984  399.15242  401.42761  403.76927
 399.58686  401.82374  404.12586  397.06792  399.27661  401.54955  394.54651  396.72716  398.97109  401.73618  404.04100  406.41333  399.19015  401.46577  403.80787  396.64180  398.88838  401.20042  403.95439  406.32904  408.77351  401.38026  403.72465  406.13780  398.80396  401.11827  403.50027
 399.24061  401.51681  403.85951  396.67810  398.92509  401.23755  394.11428  396.33224  398.61465  401.43128  403.77627  406.19004  398.84066  401.15539  403.53783  396.24890  398.53356  400.88487  403.69162  406.10730  408.59413  401.07184  403.45618  405.91054  398.45110  400.80429  403.22640
 398.88992  401.20523  403.58826  396.28422  398.56929  400.92102  393.67841  395.93344  398.25408  401.12166  403.50659  405.96157  398.48681  400.84042  403.26297  395.85205  398.17454  400.56488  403.42383  405.88034  408.40928  400.75876  403.18281  405.67815  398.09397  400.48580  402.94776
 398.53492  400.88910  403.31224  395.88639  398.20929  400.60005  393.23901  395.53086  397.88947  400.80742  403.23207  405.72801  398.12870  400.52095  402.98334  395.45134  397.81143  400.24052  403.15112  405.64823  408.21907  400.44109  402.90464  405.44071  397.73265  400.16288  402.66445
 398.17571  400.56853  403.03151  395.48477  397.84525  400.27476  392.79621  395.12462  397.52091  400.48864  402.95278  405.48947  397.76645  400.19711  402.69911  395.04689  397.44432  399.91192  402.87359  405.41109  408.02360  400.11900  402.62181  405.19837  397.36728  399.83568  402.37660
 397.81238  400.24360  402.74618  395.07941  397.47724  399.94524  392.35011  394.71482  397.14854  400.16547  402.66887  405.24603  397.40018  399.86899  402.41033  394.63884  397.07335  399.57917  402.59135  405.16901  407.82292  399.79256  402.33438  404.95117  396.99798  399.50429  402.08427
 397.44508  399.91445  402.45637  394.67050  397.10541  399.61163  391.90087  394.30162  396.77247  399.83799  402.38040  404.99779  397.03002  399.53674  402.11714  394.22730  396.69863  399.24239  402.30450  404.92209  407.61717  399.46191  402.04251  404.69927  396.62487  399.16883  401.78762
 397.07392  399.58119  402.16217  394.25812  396.72984  399.27400  391.44859  393.88511  396.39279  399.50635  402.08753  404.74488  396.65606  399.20043  401.81963  393.81238  396.32028  398.90170  402.01319  404.67044  407.40643  399.12716  401.74626  404.44272  396.24806  398.82940  401.48671
 396.69900  399.24392  401.86370  393.84240  396.35068  398.93250  390.99341  393.46542  396.00967  399.17064  401.79031  404.48737  396.27845  398.86019  401.51791  393.39424  395.93841  398.55721  401.71749  404.41416  407.19079  398.78842  401.44577  404.18166  395.86769  398.48614  401.18170
 396.32046  398.90274  401.56104  393.42347  395.96802  398.58722  390.53546  393.04267  395.62318  398.83095  401.48888  404.22536  395.89728  398.51613  401.21209  392.97298  395.55314  398.20904  401.41751  404.15335  406.97038  398.44581  401.14116  403.91620  395.48387  398.13916  400.87268
 395.93839  398.55778  401.25431  393.00145  395.58199  398.23827  390.07484  392.61697  395.23345  398.48745  401.18336  403.95899  395.51270  398.16839  400.90231  392.54872  395.16462  397.85731  401.11339  403.88813  406.74527  398.09946  400.83252  403.64644  395.09672  397.78857  400.55977
 395.55293  398.20916  400.94364  392.57645  395.19272  397.88579  389.61171  392.18848  394.84063  398.14022  400.87384  403.68834  395.12482  397.81705  400.58864  392.12160  394.77293  397.50212  400.80523  403.61860  406.51558  397.74948  400.51997  403.37248  394.70639  397.43450  400.24308
 395.16420  397.85698  400.62912  392.14861  394.80031  397.52988  389.14617  391.75728  394.44479  397.78939  400.56044  403.41353  394.73375  397.46225  400.27122  391.69175  394.37821  397.14361  400.49314  403.34489  406.28143  397.39599  400.20365  403.09446  394.31297  397.07708  399.92274
 394.77233  397.50136  400.31089  391.71806  394.40489  397.17066  388.67837  391.32351  394.04609  397.43509  400.24330  403.13469  394.33964  397.10413  399.95017  391.25928  393.98060  396.78189  400.17726  403.06710  406.04292  397.03912  399.88365  402.81248  393.91661  396.71642  399.59887
 394.37742  397.14244  399.98904  391.28493  394.00660  396.80826  388.20842  390.88731  393.64464  397.07742  399.92250  402.85190  393.94260  396.74278  399.62561  390.82433  393.58020  396.41709  399.85769  402.78533  405.80014  396.67900  399.56011  402.52665  393.51742  396.35263  399.27156
 393.97961  396.78032  399.66370  390.84933  393.60555  396.44281  387.73646  390.44880  393.24057  396.71652  399.59818  402.56529  393.54277  396.37834  399.29765  390.38702  393.17714  396.04932  399.53456  402.49972  405.55323  396.31574  399.23314  402.23711  393.11555  395.98586  398.94097
 393.57903  396.41512  399.33498  390.41138  393.20185  396.07439  387.26262  390.00810  392.83400  396.35251  399.27046  402.27499  393.14025  396.01092  398.96641  389.94750  392.77157  395.67872  399.20799  402.21039  405.30229  395.94946  398.90287  401.94394  392.71111  395.61622  398.60720
 393.17579  396.04698  399.00301  389.97123  392.79565  395.70316  386.78704  389.56535  392.42507  395.98551  398.93946  401.98109  392.73518  395.64066  398.63201  389.50588  392.36359  395.30541  398.87810  401.91744  405.04746  395.58031  398.56941  401.64730  392.30424  395.24385  398.27040
 392.77002  395.67601  398.66789  389.52901  392.38706  395.32923  386.30982  389.12066  392.01387  395.61565  398.60528  401.68373  392.32770  395.26767  398.29458  389.06228  391.95333  394.92951  398.54501  401.62098  404.78881  395.20840  398.23289  401.34729  391.89505  394.86885  397.93066
 392.36185  395.30233  398.32978  389.08484  391.97622  394.95275  385.83112  388.67417  391.60057  395.24305  398.26808  401.38303  391.91794  394.89209  397.95425  388.61686  391.54093  394.55115  398.20885  401.32118  404.52651  394.83386  397.89346  401.04405  391.48369  394.49139  397.58812
 391.95141  394.92607  397.98876  388.63885  391.56325  394.57381  385.35106  388.22601  391.18527  394.86783  397.92796  401.07910  391.50600  394.51405  397.61114  388.16973  391.12653  394.17046  397.86974  401.01810  404.26063  394.45682  397.55120  400.73768  391.07029  394.11155  397.24291
 391.53883  394.54738  397.64500  388.19116  391.14828  394.19255  384.86976  387.77631  390.76812  394.49015  397.58504  400.77207  391.09203  394.13364  397.26535  387.72103  390.71022  393.78756  397.52783  400.71194  403.99135  394.07741  397.20627  400.42832  390.65497  393.72950  396.89518
 391.12423  394.16634  397.29858  387.74192  390.73144  393.80911  384.38738  387.32519  390.34923  394.11010  397.23948  400.46208  390.67618  393.75104  396.91707  387.27089  390.29218  393.40261  397.18322  400.40275  403.71873  393.69577  396.85878  400.11609  390.23787  393.34535  396.54501
 390.70776  393.78313  396.94966  387.29125  390.31286  393.42362  383.90402  386.87280  389.92875  393.72784  396.89137  400.14922  390.25855  393.36636  396.56635  386.81944  389.87250  393.01568  396.83604  400.09070  403.44296  393.31200  396.50888  399.80114  389.81911  392.95923  396.19257
 390.28953  393.39784  396.59835  386.83929  389.89267  393.03618  383.41983  386.41926  389.50678  393.34348  396.54087  399.83366  389.83928  392.97972  396.21340  386.36681  389.45134  392.62697  396.48645  399.77592  403.16412  392.92627  396.15669  399.48357  389.39884  392.57129  395.83797
 389.86967  393.01061  396.24480  386.38616  389.47100  392.64696  382.93493  385.96469  389.08349  392.95715  396.18808  399.51549  389.41850  392.59127  395.85829  385.91314  389.02881  392.23656  396.13454  399.45852  402.88235  392.53870  395.80235  399.16353  388.97719  392.18165  395.48136
 389.44834  392.62160  395.88912  385.93201  389.04799  392.25606  382.44948  385.50925  388.65899  392.56901  395.83318  399.19488  388.99636  392.20114  395.50117  385.45856  388.60507  391.84462  395.78048  399.13864  402.59779  392.14940  395.44597  398.84114  388.55429  391.79044  395.12286
 389.02564  392.23090  395.53144  385.47696  388.62377  391.86363  381.96359  385.05307  388.23343  392.17916  395.47623  398.87192  388.57298  391.80944  395.14219  385.00321  388.18024  391.45127  395.42438  398.81641  402.31055  391.75854  395.08771  398.51654  388.13028  391.39780  394.76261
 388.60172  391.83867  395.17191  385.02114  388.19846  391.46980  381.47739  384.59626  387.80692  391.78776  395.11742  398.54677  388.14850  391.41633  394.78146  384.54722  387.75444  391.05664  395.06637  398.49196  402.02077  391.36623  394.72769  398.18985  387.70528  391.00387  394.40074
 388.17670  391.44502  394.81064  384.56469  387.77221  391.07471  380.99102  384.13896  387.37961  391.39491  394.75686  398.21954  387.72304  391.02193  394.41912  384.09071  387.32783  390.66085  394.70660  398.16541  401.72858  390.97262  394.36602  397.86122  387.27944  390.60877  394.03739
 387.75074  391.05011  394.44779  384.10774  387.34515  390.67847  380.50462  383.68132  386.95162  391.00080  394.39469  397.89039  387.29676  390.62638  394.05531  383.63384  386.90052  390.26407  394.34521  397.83694  401.43413  390.57784  394.00289  397.53077  386.85290  390.21265  393.67268
 387.32396  390.65405  394.08348  383.65044  386.91740  390.28125  380.01832  383.22345  386.52310  390.60551  394.03104  397.55943  386.86978  390.22982  393.69016  383.17673  386.47266  389.86640  393.98231  397.50665  401.13755  390.18202  393.63840  397.19866  386.42577  389.81564  393.30678
 386.89649  390.25700  393.71782  383.19292  386.48913  389.88316  379.53225  382.76552  386.09418  390.20919  393.66605  397.22682  386.44224  389.83239  393.32383  382.71952  386.04439  389.46801  393.61804  397.17467  400.83894  389.78531  393.27270  396.86500  385.99822  389.41788  392.93979
 386.46846  389.85908  393.35100  382.73529  386.06044  389.48434  379.04654  382.30763  385.66500  389.81199  393.29986  396.89266  386.01426  389.43421  392.95641  382.26235  385.61584  389.06901  393.25256  396.84114  400.53848  389.38783  392.90591  396.52995  385.57037  389.01950  392.57188
 386.04003  389.46043  392.98311  382.27771  385.63148  389.08493  378.56133  381.84992  385.23568  389.41404  392.93260  396.55714  385.58600  389.03542  392.58809  381.80533  385.18714  388.66956  392.88599  396.50623  400.23630  388.98972  392.53819  396.19363  385.14235  388.62065  392.20317
 385.61131  389.06119  392.61433  381.82032  385.20240  388.68509  378.07676  381.39255  384.80639  389.01549  392.56442  396.22036  385.15760  388.63618  392.21898  381.34863  384.75845  388.26979  392.51848  396.17004  399.93252  388.59115  392.16967  395.85620  384.71432  388.22147  391.83380
 385.18245  388.66149  392.24476  381.36323  384.77330  388.28492  377.59295  380.93564  384.37724  388.61645  392.19544  395.88246  384.72917  388.23659  391.84921  380.89238  384.32989  387.86983  392.15017  395.83273  399.62730  388.19223  391.80049  395.51778  384.28641  387.82209  391.46393
 384.75359  388.26147  391.87454  380.90659  384.34436  387.88457  377.11005  380.47933  383.94837  388.21709  391.82582  395.54359  384.30087  387.83682  391.47894  380.43671  383.90159  387.46983  391.78118  395.49443  399.32077  387.79309  391.43078  395.17852  383.85874  387.42266  391.09368
 384.32487  387.86127  391.50384  380.45056  383.91569  387.48419  376.62819  380.02373  383.51992  387.81753  391.45568  395.20390  383.87283  387.43701  391.10831  379.98174  383.47370  387.06992  391.41166  395.15529  399.01308  387.39389  391.06070  394.83858  383.43146  387.02329  390.72319
 383.89641  387.46103  391.13279  379.99523  383.48744  387.08392  376.14749  379.56901  383.09203  387.41791  391.08517  394.86352  383.44520  387.03729  390.73746  379.52763  383.04636  386.67025  391.04177  394.81546  398.70436  386.99478  390.69040  394.49807  383.00472  386.62417  390.35261
 383.46836  387.06089  390.76151  379.54076  383.05974  386.68389  375.66810  379.11530  382.66485  387.01838  390.71445  394.52259  383.01810  386.63781  390.36651  379.07452  382.61972  386.27096  390.67163  394.47506  398.39476  386.59587  390.31998  394.15713  382.57865  386.22540  389.98209
 383.04088  386.66101  390.39017  379.08731  382.63276  386.28425  375.19015  378.66274  382.23850  386.61908  390.34363  394.18125  382.59169  386.23869  389.99563  378.62252  382.19389  385.87218  390.30141  394.13426  398.08444  386.19735  389.94963  393.81596  382.15341  385.82714  389.61177
 382.61407  386.26150  390.01889  378.63498  382.20659  385.88512  374.71378  378.21145  381.81313  386.22015  389.97288  393.83968  382.16610  385.84009  389.62497  378.17181  381.76903  385.47408  389.93121  393.79317  397.77352  385.79930  389.57945  393.47465  381.72910  385.42953  389.24178
 382.18810  385.86251  389.64783  378.18394  381.78139  385.48668  374.23914  377.76158  381.38889  385.82172  389.60231  393.49797  381.74146  385.44213  389.25463  377.72249  381.34528  385.07677  389.56121  393.45197  397.46216  385.40190  389.20961  393.13336  381.30590  385.03272  388.87228
 381.76309  385.46418  389.27711  377.73430  381.35732  385.08904  373.76632  377.31326  380.96589  385.42394  389.23210  393.15630  381.31794  385.04499  388.88480  377.27471  380.92277  384.68040  389.19154  393.11079  397.15050  385.00530  388.84028  392.79225  380.88392  384.63684  388.50341
 381.33919  385.06666  388.90691  377.28621  380.93449  384.69235  373.29549  376.86664  380.54429  385.02696  388.86237  392.81480  380.89564  384.64878  388.51560  376.82861  380.50165  384.28512  388.82234  392.76978  396.83870  384.60961  388.47155  392.45146  380.46332  384.24203  388.13531
 380.91653  384.67009  388.53733  376.83980  380.51306  384.29676  372.82678  376.42185  380.12422  384.63091  388.49328  392.47364  380.47472  384.25366  388.14718  376.38433  380.08206  383.89108  388.45376  392.42907  396.52690  384.21500  388.10359  392.11112  380.04423  383.84844  387.76813
 380.49526  384.27461  388.16856  376.39522  380.09316  383.90240  372.36032  375.97902  379.70585  384.23594  388.12497  392.13294  380.05533  383.85976  387.77969  375.94200  379.66413  383.49841  388.08595  392.08884  396.21525  383.82160  387.73656  391.77140  379.62680  383.45623  387.40202
 380.07552  383.88036  387.80071  375.95260  379.67494  383.50943  371.89625  375.53831  379.28929  383.84219  387.75758  391.79286  379.63760  383.46725  387.41327  375.50178  379.24803  383.10725  387.71905  391.74921  395.90390  383.42956  387.37059  391.43244  379.21117  383.06552  387.03713
 379.65746  383.48751  387.43395  375.51208  379.25853  383.11798  371.43470  375.09984  378.87468  383.44982  387.39127  391.45356  379.22167  383.07624  387.04807  375.06378  378.83386  382.71777  387.35322  391.41034  395.59301  383.03903  387.00582  391.09439  378.79748  382.67646  386.67359
 379.24120  383.09617  387.06842  375.07380  378.84408  382.72820  370.97581  374.66375  378.46219  383.05896  387.02616  391.11516  378.80769  382.68689  386.68423  374.62817  378.42180  382.33009  386.98858  391.07238  395.28272  382.65014  386.64242  390.75741  378.38587  382.28921  386.31157
 378.82690  382.70649  386.70425  374.63791  378.43174  382.34023  370.51972  374.23019  378.05194  382.66974  386.66243  390.77785  378.39581  382.29935  386.32193  374.19505  378.01197  381.94437  386.62531  390.73547  394.97318  382.26306  386.28052  390.42163  377.97649  381.90389  385.95120
 378.41470  382.31863  386.34162  374.20453  378.02163  381.95424  370.06656  373.79929  377.64409  382.28234  386.30020  390.44174  377.98615  381.91376  385.96128  373.76460  377.60452  381.56074  386.26353  390.39979  394.66456  381.87791  385.92029  390.08723  377.56948  381.52068  385.59265
 378.00473  381.93272  385.98064  373.77380  377.61391  381.57033  369.61647  373.37120  377.23876  381.89687  385.93965  390.10701  377.57887  381.53026  385.60245  373.33694  377.19960  381.17938  385.90342  390.06545  394.35700  381.49486  385.56184  389.75433  377.16499  381.13970  385.23606
 377.59713  381.54891  385.62149  373.34587  377.20872  381.18869  369.16958  372.94605  376.83611  381.51350  385.58089  389.77379  377.17411  381.14901  385.24557  372.91222  376.79733  380.80039  385.54509  389.73264  394.05065  381.11403  385.20537  389.42310  376.76315  380.76112  384.88157
 377.19208  381.16736  385.26432  372.92089  376.80619  380.80944  368.72602  372.52396  376.43626  381.13238  385.22411  389.44226  376.77201  380.77016  384.89081  372.49055  376.39788  380.42394  385.18873  389.40149  393.74569  380.73559  384.85099  389.09370  376.36410  380.38503  384.52932
 376.78967  380.78821  384.90925  372.49897  376.40649  380.43273  368.28595  372.10512  376.03939  380.75363  384.86942  389.11254  376.37271  380.39383  384.53830  372.07211  376.00138  380.05019  384.83445  389.07215  393.44225  380.35966  384.49886  388.76626  375.96800  380.01166  384.17950
 376.39010  380.41159  384.55645  372.08029  376.00973  380.05871  367.84950  371.68963  375.64562  380.37742  384.51701  388.78482  375.97635  380.02019  384.18822  371.65701  375.60798  379.67927  384.48244  388.74480  393.14052  379.98642  384.14914  388.44097  375.57499  379.64110  383.83224
 375.99346  380.03767  384.20609  371.66495  375.61609  379.68755  367.41678  371.27764  375.25510  380.00390  384.16700  388.45923  375.58310  379.64938  383.84071  371.24541  375.21782  379.31134  384.13283  388.41957  392.84061  379.61600  383.80198  388.11795  375.18521  379.27351  383.48768
 375.59992  379.66658  383.85828  371.25311  375.22568  379.31937  366.98795  370.86929  374.86797  379.63320  383.81955  388.13592  375.19307  379.28155  383.49589  370.83744  374.83103  378.94652  383.78576  388.09662  392.54271  379.24855  383.45753  387.79737  374.79881  378.90906  383.14598
 375.20963  379.29847  383.51319  370.84491  374.83867  378.95432  366.56316  370.46474  374.48439  379.26547  383.47482  387.81505  374.80644  378.91686  383.15396  370.43325  374.44780  378.58500  383.44141  387.77610  392.24697  378.88424  383.11594  387.47939  374.41594  378.54788  382.80732
 374.82273  378.93351  383.17098  370.44050  374.45521  378.59257  366.14252  370.06411  374.10448  378.90088  383.13296  387.49680  374.42334  378.55545  382.81506  370.03299  374.06824  378.22691  383.09991  387.45819  391.95356  378.52318  382.77737  387.16417  374.03673  378.19012  382.47181
 374.43937  378.57183  382.83181  370.04001  374.07541  378.23424  365.72619  369.66755  373.72842  378.53956  382.79412  387.18130  374.04390  378.19745  382.47931  369.63678  373.69250  377.87240  382.76143  387.14302  391.66263  378.16554  382.44195  386.85184  373.66134  377.83593  382.13964
 374.05967  378.21357  382.49581  369.64357  373.69944  377.87949  365.31429  369.27520  373.35632  378.18166  382.45844  386.86872  373.66828  377.84303  382.14690  369.24478  373.32072  377.52162  382.42611  386.83076  391.37434  377.81147  382.10987  386.54258  373.28991  377.48548  381.81094
 373.68381  377.85890  382.16314  369.25136  373.32746  377.52850  364.90696  368.88719  372.98835  377.82734  382.12610  386.55920  373.29664  377.49236  381.81798  368.85711  372.95307  377.17471  382.09411  386.52157  391.08886  377.46113  381.78127  386.23658  372.92259  377.13888  381.48588
 373.31192  377.50798  381.83396  368.86348  372.95959  377.18137  364.50435  368.50369  372.62464  377.47675  381.79724  386.25293  372.92911  377.14555  381.49270  368.47393  372.58967  376.83184  381.76559  386.21562  390.80635  377.11465  381.45630  385.93394  372.55952  376.79633  381.16461
 372.94414  377.16092  381.50843  368.48010  372.59598  376.83830  364.10660  368.12483  372.26537  377.13003  381.47203  385.95004  372.56583  376.80278  381.17121  368.09540  372.23072  376.49317  381.44070  385.91303  390.52698  376.77221  381.13512  385.63485  372.20088  376.45796  380.84730
 372.58062  376.81791  381.18669  368.10135  372.23681  376.49940  363.71384  367.75076  371.91066  376.78734  381.15059  385.65070  372.20697  376.46419  380.85368  367.72164  371.87630  376.15884  381.11959  385.61399  390.25089  376.43394  380.81788  385.33947  371.84678  376.12392  380.53408
 372.22154  376.47909  380.86893  367.72740  371.88220  376.16488  363.32622  367.38161  371.56067  376.44884  380.83313  385.35508  371.85268  376.12995  380.54026  367.35280  371.52660  375.82899  380.80242  385.31867  389.97828  376.10000  380.50476  385.04797  371.49738  375.79436  380.22514
 371.86701  376.14462  380.55527  367.35837  371.53229  375.83482  362.94387  367.01753  371.21554  376.11467  380.51976  385.06334  371.50307  375.80019  380.23110  366.98902  371.18175  375.50380  380.48937  385.02722  389.70929  375.77055  380.19588  384.76049  371.15284  375.46945  379.92061
 371.51718  375.81463  380.24588  366.99440  371.18726  375.50943  362.56694  366.65868  370.87543  375.78499  380.21066  384.77563  371.15834  375.47508  379.92638  366.63046  370.84192  375.18341  380.18057  384.73978  389.44409  375.44574  379.89143  384.47721  370.81330  375.14933  379.62066
 371.17222  375.48928  379.94092  366.63564  370.84722  375.18884  362.19556  366.30518  370.54049  375.45994  379.90597  384.49210  370.81860  375.15475  379.62622  366.27726  370.50725  374.86797  379.87618  384.45654  389.18286  375.12571  379.59156  384.19829  370.47891  374.83417  379.32547
 370.83227  375.16874  379.64055  366.28226  370.51237  374.87321  361.82988  365.95719  370.21085  375.13969  379.60588  384.21297  370.48403  374.83941  379.33084  365.92955  370.17788  374.55765  379.57638  384.17767  388.92575  374.81064  379.29644  383.92390  370.14983  374.52411  379.03516
 370.49749  374.85318  379.34495  365.93438  370.18282  374.56271  361.47005  365.61488  369.88671  374.82442  379.31054  383.93835  370.15477  374.52916  379.04034  365.58751  369.85400  374.25260  379.28132  383.90333  388.67297  374.50067  379.00621  383.65420  369.82621  374.21932  378.74994
 370.16802  374.54273  379.05424  365.59216  369.85875  374.25746  361.11619  365.27836  369.56817  374.51423  379.02010  383.66843  369.83097  374.22419  378.75492  365.25126  369.53572  373.95297  378.99115  383.63366  388.42464  374.19596  378.72104  383.38936  369.50820  373.91994  378.46994
 369.84401  374.23754  378.76860  365.25573  369.54030  373.95766  360.76847  364.94781  369.25542  374.20931  378.73471  383.40337  369.51278  373.92463  378.47474  364.92097  369.22321  373.65894  378.70604  383.36885  388.18095  373.89668  378.44110  383.12953  369.19596  373.62616  378.19532
 369.52562  373.93778  378.48821  364.92527  369.22762  373.66346  360.42702  364.62334  368.94859  373.90983  378.45457  383.14334  369.20037  373.63067  378.19995  364.59676  368.91663  373.37065  378.42617  383.10908  387.94209  373.60298  378.16657  382.87492  368.88963  373.33811  377.92626
 369.21301  373.64362  378.21322  364.60091  368.92087  373.37499  360.09199  364.30515  368.64786  373.61593  378.17983  382.88851  368.89387  373.34245  377.93071  364.27883  368.61614  373.08827  378.15167  382.85450  387.70823  373.31501  377.89757  382.62566  368.58939  373.05597  377.66294
 368.90632  373.35521  377.94378  364.28279  368.62020  373.09243  359.76353  363.99336  368.35336  373.32776  377.91064  382.63905  368.59345  373.06013  377.66721  363.96728  368.32188  372.81196  377.88274  382.60527  387.47952  373.03295  377.63430  382.38193  368.29538  372.77990  377.40550
 368.60571  373.07269  377.68008  363.97108  368.32578  372.81596  359.44177  363.68813  368.06527  373.04551  377.64717  382.39512  368.29928  372.78389  377.40960  363.66229  368.03402  372.54188  377.61952  382.36158  387.25616  372.75695  377.37692  382.14392  368.00775  372.51004  377.15412
 368.31136  372.79627  377.42228  363.66593  368.03775  372.54571  359.12688  363.38960  367.78373  372.76932  377.38960  382.15693  368.01148  372.51386  377.15804  363.36400  367.75270  372.27820  377.36219  382.12360  387.03833  372.48716  377.12558  381.91178  367.72667  372.24658  376.90897
 368.02338  372.52605  377.17054  363.36749  367.75628  372.28187  358.81899  363.09794  367.50892  372.49935  377.13808  381.92459  367.73025  372.25024  376.91272  363.07257  367.47810  372.02108  377.11091  381.89149  386.82617  372.22377  376.88049  381.68570  367.45230  371.98967  376.67020
 367.74197  372.26225  376.92503  363.07591  367.48152  372.02458  358.51825  362.81330  367.24097  372.23577  376.89279  381.69832  367.45573  371.99318  376.67380  362.78815  367.21037  371.77067  376.86585  381.66544  386.61990  371.96693  376.64178  381.46585  367.18479  371.73947  376.43800
 367.46726  372.00500  376.68592  362.79134  367.21364  371.77402  358.22484  362.53584  366.98007  371.97875  376.65390  381.47828  367.18806  371.74282  376.44144  362.51091  366.94968  371.52716  376.62718  381.44562  386.41968  371.71680  376.40963  381.25239  366.92432  371.49618  376.21254
 367.19943  371.75448  376.45339  362.51395  366.95280  371.53036  357.93888  362.26572  366.72638  371.72845  376.42158  381.26465  366.92744  371.49937  376.21582  362.24100  366.69619  371.29071  376.39507  381.23219  386.22572  371.47355  376.18421  381.04553  366.67103  371.25993  375.99401
 366.93864  371.51086  376.22760  362.24390  366.69915  371.29375  357.66053  362.00308  366.48003  371.48504  376.19600  381.05762  366.67400  371.26297  375.99713  361.97856  366.45004  371.06149  376.16971  381.02536  386.03817  371.23737  375.96572  380.84543  366.42510  371.03090  375.78254
 366.68503  371.27428  376.00873  361.98132  366.45287  371.06438  357.38994  361.74809  366.24123  371.24868  375.97732  380.85733  366.42792  371.03380  375.78552  361.72379  366.21144  370.83967  375.95124  380.82527  385.85722  371.00840  375.75430  380.65227  366.18669  370.80927  375.57836
 366.43880  371.04495  375.79695  361.72640  366.21412  370.84242  357.12728  361.50092  366.01012  371.01955  375.76574  380.66401  366.18938  370.81202  375.58118  361.47681  365.98051  370.62542  375.73987  380.63215  385.68308  370.78683  375.55016  380.46625  365.95597  370.59521  375.38160
 366.20009  370.82301  375.59245  361.47929  365.98305  370.62803  356.87270  361.26171  365.78687  370.79782  375.56143  380.47781  365.95852  370.59782  375.38428  361.23780  365.75745  370.41891  375.53575  380.44614  385.51593  370.57282  375.35345  380.28754  365.73310  370.38889  375.19248
 365.96908  370.60865  375.39539  361.24016  365.75987  370.42139  356.62637  361.03066  365.57167  370.58365  375.36456  380.29894  365.73551  370.39137  375.19502  361.00693  365.54243  370.22034  375.33909  380.26744  385.35594  370.36656  375.16437  380.11632  365.51827  370.19049  375.01117
 365.74591  370.40203  375.20597  361.00914  365.54469  370.22267  356.38842  360.80790  365.36466  370.37723  375.17531  380.12755  365.52054  370.19281  375.01355  360.78436  365.33559  370.02985  375.15003  380.09624  385.20332  370.16820  374.98308  379.95278  365.31162  370.00019  374.83783
 365.53080  370.20334  375.02435  360.78646  365.33774  370.03206  356.15904  360.59361  365.16604  370.17873  374.99388  379.96387  365.31377  370.00239  374.84010  360.57026  365.13714  369.84765  374.96878  379.93272  385.05827  369.97795  374.80978  379.79713  365.11335  369.81814  374.67267
 365.32387  370.01275  374.85073  360.57222  365.13916  369.84972  355.93839  360.38797  364.97597  369.98832  374.82042  379.80805  365.11536  369.82021  374.67479  360.36479  364.94723  369.67391  374.79551  379.77708  384.92096  369.79596  374.64466  379.64953  364.92362  369.64457  374.51587
 365.12532  369.83043  374.68529  360.36663  364.94913  369.67585  355.72661  360.19112  364.79463  369.80618  374.65515  379.66030  364.92551  369.64651  374.51786  360.16812  364.76606  369.50880  374.63041  379.62950  384.79160  369.62243  374.48789  379.51019  364.74261  369.47962  374.36761
 364.93533  369.65658  374.52820  360.16985  364.76783  369.51061  355.52390  360.00328  364.62220  369.63250  374.49823  379.52081  364.74438  369.48144  374.36948  359.98044  364.59379  369.35252  374.47367  379.49017  384.67040  369.45753  374.33966  379.37930  364.57051  369.32350  374.22810
 364.75406  369.49137  374.37967  359.98204  364.59542  369.35420  355.33039  359.82458  364.45884  369.46746  374.34985  379.38977  364.57214  369.32518  374.22982  359.80190  364.43058  369.20525  374.32546  379.35930  384.55755  369.30143  374.20017  379.25705  364.40746  369.17639  374.09750
 364.58169  369.33498  374.23989  359.80339  364.43211  369.20682  355.14629  359.65521  364.30476  369.31123  374.21023  379.26739  364.40899  369.17795  374.09911  359.63269  364.27666  369.06717  374.18599  379.23707  384.45326  369.15436  374.06961  379.14367  364.25369  369.03846  373.97605
 364.41841  369.18762  374.10904  359.63406  364.27806  369.06861  354.97174  359.49536  364.16013  369.16402  374.07954  379.15386  364.25509  369.03990  373.97752  359.47299  364.13218  368.93849  374.05546  379.12368  384.35772  369.01647  373.94816  379.03932  364.10937  368.90992  373.86390
 364.26438  369.04943  373.98731  359.47425  364.13347  368.93982  354.80693  359.34519  364.02515  369.02600  373.95795  379.04937  364.11066  368.91124  373.86526  359.32297  363.99733  368.81939  373.93404  379.01935  384.27116  368.88797  373.83605  378.94424  363.97467  368.79096  373.76129
 364.11982  368.92064  373.87491  359.32412  363.99851  368.82060  354.65204  359.20489  363.89999  368.89737  373.84570  378.95415  363.97585  368.79217  373.76253  359.18283  363.87232  368.71008  373.82194  378.92426  384.19377  368.76905  373.73345  378.85860  363.84980  368.68178  373.66839
 363.98490  368.80145  373.77206  359.18387  363.87338  368.71117  354.50725  359.07467  363.78487  368.77833  373.74299  378.86840  363.85087  368.68287  373.66951  359.05274  363.75732  368.61073  373.71937  378.83864  384.12579  368.65989  373.64057  378.78264  363.73495  368.58257  373.58543
 363.85979  368.69203  373.67892  359.05368  363.75828  368.61172  354.37272  358.95467  363.67994  368.66904  373.64997  378.79231  363.73591  368.58355  373.58644  358.93289  363.65252  368.52157  373.62650  378.76269  384.06741  368.56071  373.55763  378.71657  363.63029  368.49353  373.51260
 363.74470  368.59258  373.59572  358.93372  363.65338  368.52245  354.24865  358.84512  363.58544  368.56974  373.56691  378.72610  363.63115  368.49441  373.51351  358.82346  363.55815  368.44278  373.54357  378.69660  384.01886  368.47170  373.48482  378.66058  363.53604  368.41487  373.45012
 363.63982  368.50332  373.52266  358.82420  363.55890  368.44355  354.13522  358.74620  363.50154  368.48061  373.49397  378.66999  363.53679  368.41564  373.45091  358.72467  363.47437  368.37458  373.47077  378.64062  383.98035  368.39306  373.42234  378.61490  363.45239  368.34678  373.39819
 363.54536  368.42444  373.45996  358.72530  363.47501  368.37524  354.03264  358.65810  363.42846  368.40186  373.43139  378.62420  363.45304  368.34745  373.39887  358.63670  363.40140  368.31717  373.40832  378.59495  383.95213  368.32500  373.37042  378.57975  363.37955  368.28949  373.35705
 363.46150  368.35614  373.40780  358.63723  363.40195  368.31774  353.94107  358.58102  363.36638  368.33369  373.37935  378.58893  363.38010  368.29006  373.35763  358.55974  363.33944  368.27078  373.35641  378.55980  383.93439  368.26773  373.32929  378.55536  363.31771  368.24321  373.32688
 363.38845  368.29864  373.36644  358.56019  363.33990  368.27124  353.86074  358.51516  363.31555  368.27631  373.33810  378.56443  363.31817  368.24367  373.32737  358.49401  363.28872  368.23560  373.31528  378.53540  383.92739  368.22147  373.29914  378.54195  363.26711  368.20814  373.30794
 363.32642  368.25215  373.33608  358.49436  363.28907  368.23597  353.79181  358.46074  363.27615  368.22995  373.30785  378.55090  363.26746  368.20850  373.30832  358.43970  363.24942  368.21186  373.28515  378.52200  383.93136  368.18642  373.28021  378.53975  363.22792  368.18451  373.30045
 363.27561  368.21687  373.31693  358.43996  363.24967  368.21213  353.73451  358.41795  363.24839  368.19479  373.28881  378.54860  363.22818  368.18478  373.30073  358.39702  363.22177  368.19979  373.26622  378.51978  383.94652  368.16280  373.27270  378.54898  363.20038  368.17253  373.30462
 363.23623  368.19305  373.30923  358.39720  363.22195  368.19997  353.68903  358.38702  363.23252  368.17107  373.28120  378.55773  363.20056  368.17271  373.30481  358.36619  363.20598  368.19961  373.25873  378.52901  383.97312  368.15085  373.27688  378.56991  363.18471  368.17244  373.32070
 363.20850  368.18088  373.31321  358.36627  363.20606  368.19969  353.65557  358.36812  363.22872  368.15902  373.28528  378.57855  363.18479  368.17252  373.32079  358.34741  363.20228  368.21153  373.26292  378.54993  384.01142  368.15077  373.29296  378.60275  363.18111  368.18446  373.34891
 363.19265  368.18060  373.32909  358.34741  363.20228  368.21153  353.63437  358.36153  363.23725  368.15885  373.30126  378.61129  363.18111  368.18446  373.34891  358.34092  363.21090  368.23582  373.27900  378.58277  384.06166  368.16280  373.32118  378.64776  363.18983  368.20884  373.38952
 363.18888  368.19244  373.35712  358.34084  363.21082  368.23574  353.62562  358.36744  363.25833  368.17079  373.32939  378.65620  363.18975  368.20875  373.38943  358.34692  363.23207  368.27270  373.30722  378.62777  384.12408  368.18719  373.36178  378.70519  363.21109  368.24580  373.44275
 363.19742  368.21664  373.39754  358.34676  363.23190  368.27252  353.62955  358.38607  363.29219  368.19507  373.36989  378.71353  363.21092  368.24562  373.44257  358.36565  363.26601  368.32240  373.34781  378.68517  384.19894  368.22415  373.41500  378.77527  363.24512  368.29557  373.50885
 363.21851  368.25342  373.45060  358.36541  363.26577  368.32214  353.64638  358.41767  363.33907  368.23195  373.42302  378.78353  363.24487  368.29532  373.50860  358.39733  363.31297  368.38518  373.40105  378.75526  384.28652  368.27394  373.48111  378.85830  363.29217  368.35844  373.58810
 363.25237  368.30303  373.51653  358.39701  363.31264  368.38484  353.67633  358.46245  363.39921  368.28165  373.48904  378.86646  363.29184  368.35810  373.58775  358.44220  363.37319  368.46128  373.46714  378.83825  384.38705  368.33680  373.56033  378.95449  363.35246  368.43460  373.68071
 363.29926  368.36573  373.59560  358.44181  363.37279  368.46086  353.71965  358.52068  363.47286  368.34443  373.56818  378.96257  363.35206  368.43419  373.68029  358.50050  363.44690  368.55095  373.54637  378.93444  384.50085  368.41298  373.65293  379.06415  363.42626  368.52434  373.78699
 363.35940  368.44174  373.68806  358.50004  363.44643  368.55046  353.77657  358.59259  363.56027  368.42053  373.66070  379.07215  363.42579  368.52385  373.78649  358.57250  363.53438  368.65449  373.63898  379.04409  384.62814  368.50273  373.75920  379.18752  363.51383  368.62795  373.90719
 363.43306  368.53133  373.79418  358.57196  363.53383  368.65392  353.84733  358.67842  363.66171  368.51021  373.76689  379.19543  363.51327  368.62738  373.90660  358.65841  363.63589  368.77211  373.74524  379.16743  384.76925  368.60632  373.87937  379.32490  363.61539  368.74563  374.04158
 363.52047  368.63478  373.91422  358.65780  363.63526  368.77147  353.93216  358.77843  363.77741  368.61372  373.88699  379.33275  363.61476  368.74498  374.04092  358.75848  363.75164  368.90411  373.86542  379.30480  384.92444  368.72400  374.01375  379.47657  363.73122  368.87769  374.19044
 363.62190  368.75232  374.04847  358.75782  363.75096  368.90341  354.03133  358.89288  363.90767  368.73134  374.02130  379.48434  363.73054  368.87699  374.18972  358.87300  363.88196  369.05077  373.99980  379.45646  385.09400  368.85607  374.16261  379.64281  363.86161  369.02440  374.35405
 363.73760  368.88424  374.19718  358.87228  363.88121  369.05001  354.14509  359.02204  364.05275  368.86332  374.17007  379.65049  363.86086  369.02363  374.35326  359.00223  364.02709  369.21236  374.14863  379.62266  385.27823  369.00278  374.32620  379.82391  364.00680  369.18604  374.53272
 363.86786  369.03083  374.36067  359.00144  364.02628  369.21152  354.27371  359.16618  364.21293  369.00997  374.33361  379.83154  364.00599  369.18520  374.53186  359.14643  364.18732  369.38918  374.31223  379.80375  385.47745  369.16441  374.50484  380.02018  364.16709  369.36289  374.72674
 364.01292  369.19233  374.53920  359.14557  364.18644  369.38827  354.41746  359.32557  364.38850  369.17154  374.51218  380.02773  364.16621  369.36198  374.72580  359.30587  364.36292  369.58151        nan        nan        nan        nan        nan        nan        nan        nan        nan
