       nan        nan        nan        nan        nan        nan        nan        nan        nan  328.32615        nan        nan        nan        nan        nan        nan        nan        nan  328.35758  328.82146        nan        nan        nan        nan        nan        nan        nan
 328.29221        nan        nan  327.89642        nan        nan        nan        nan        nan  328.32364  328.78742        nan  327.92778  328.39044        nan        nan        nan        nan  328.38655  328.85444  329.24195  327.99054  328.45730  328.84387        nan        nan        nan
 328.25568  328.71927        nan  327.85442  328.31688        nan  327.52356  327.98508        nan  328.31857  328.78626  329.17361  327.91715  328.38370  328.77010  327.58617  328.05178  328.43739  328.41302  328.88689  329.28482  328.01138  328.48409  328.88104  327.68020  328.15196  328.54811
 328.21645  328.68385  329.07096  327.80691  328.27315  328.65929  327.46183  327.92709  328.31241  328.31084  328.78442  329.18210  327.90107  328.37347  328.77015  327.55580  328.02719  328.42304  328.43695  328.91876  329.33007  328.02686  328.50747  328.91775  327.68132  328.16092  328.57033
 328.17434  328.64752  329.04487  327.75378  328.22575  328.62208  327.39080  327.86172  328.25717  328.30034  328.78175  329.19271  327.87946  328.35964  328.76955  327.51619  327.99531  328.40431  328.45820  328.94991  329.37722  328.03692  328.52736  328.95358  327.67331  328.16266  328.58793
 328.12921  328.61012  329.02066  327.69496  328.17460  328.58405  327.31101  327.78952  328.19801  328.28691  328.77810  329.20497  327.85225  328.34214  328.76788  327.46792  327.95666  328.38140  328.47668  328.98017  329.42578  328.04152  328.54367  328.98810  327.65675  328.15772  328.60111
 328.08088  328.57146  328.99779  327.63045  328.11968  328.54484  327.22304  327.71105  328.13515  328.27041  328.77327  329.21832  327.81946  328.32093  328.76476  327.41158  327.91181  328.35453  328.49222  329.00932  329.47520  328.04066  328.55633  329.02093  327.63223  328.14662  328.61006
 328.02923  328.53134  328.97574  327.56029  328.06097  328.50409  327.12745  327.62681  328.06875  328.25071  328.76704  329.23224  327.78114  328.29599  328.75985  327.34771  327.86121  328.32384  328.50471  329.03714  329.52496  328.03441  328.56532  329.05173  327.60032  328.12982  328.61495
 327.97412  328.48958  328.95399  327.48458  327.99851  328.46153  327.02473  327.53721  327.99893  328.22769  328.75923  329.24622  327.73740  328.26735  328.75288  327.27684  327.80530  328.28946  328.51401  329.06341  329.57458  328.02286  328.57061  329.08026  327.56149  328.10771  328.61591
 327.91548  328.44600  328.93206  327.40348  327.93235  328.41689  326.91536  327.44265  327.92574  328.20124  328.74960  329.25980  327.68836  328.23500  328.74360  327.19939  327.74440  328.25148  328.52002  329.08788  329.62362  328.00614  328.57222  329.10628  327.51622  328.08061  328.61307
 327.85321  328.40040  328.90952  327.31713  327.86253  328.36998  326.79973  327.34341  327.84925  328.17131  328.73797  329.27256  327.63419  328.19899  328.73183  327.11579  327.67880  328.20995  328.52266  329.11035  329.67166  327.98438  328.57016  329.12962  327.46487  328.04879  328.60648
 327.78730  328.35262  328.88597  327.22572  327.78911  328.32062  326.67822  327.23973  327.76946  328.13782  328.72414  329.28413  327.57504  328.15935  328.71742  327.02637  327.60873  328.16492  328.52183  329.13062  329.71836  327.95773  328.56443  329.15015  327.40779  328.01245  328.59620
 327.71769  328.30251  328.86107  327.12940  327.71212  328.26867  326.55115  327.13181  327.68639  328.10072  328.70795  329.29418  327.51105  328.11610  328.70022  326.93146  327.53436  328.11641  328.51750  329.14850  329.76341  327.92634  328.55506  329.16776  327.34527  327.97177  328.58229
 327.64440  328.24993  328.83454  327.02834  327.63159  328.21399  326.41881  327.01982  327.60004  328.06002  328.68926  329.30246  327.44239  328.06927  328.68015  326.83132  327.45586  328.06445  328.50963  329.16385  329.80656  327.89031  328.54207  329.18234  327.27757  327.92689  328.56477
 327.56742  328.19477  328.80612  326.92270  327.54758  328.15652  326.28145  326.90388  327.51042  328.01567  328.66793  329.30870  327.36919  328.01888  328.65711  326.72619  327.37332  328.00905  328.49817  329.17653  329.84756  327.84978  328.52547  329.19385  327.20489  327.87792  328.54366
 327.48675  328.13690  328.77559  326.81260  327.46008  328.09614  326.13928  326.78409  327.41753  327.96768  328.64385  329.31272  327.29156  327.96495  328.63104  326.61627  327.28687  327.95022  328.48312  329.18641  329.88624  327.80487  328.50526  329.20220  327.12746  327.82496  328.51900
 327.40240  328.07624  328.74279  326.69819  327.36913  328.03280  325.99250  326.66054  327.32135  327.91606  328.61692  329.31433  327.20963  327.90748  328.60188  326.50174  327.19657  327.88795  328.46445  329.19340  329.92242  327.75566  328.48147  329.20734  327.04541  327.76806  328.49078
 327.31440  328.01270  328.70754  326.57957  327.27473  327.96645  325.84129  326.53331  327.22189  327.86078  328.58705  329.31339  327.12350  327.84650  328.56957  326.38276  327.10249  327.82227  328.44216  329.19740  329.95595  327.70226  328.45410  329.20923  326.95890  327.70733  328.45902
 327.22278  327.94622  328.66973  326.45686  327.17691  327.89702  325.68579  326.40244  327.11915  327.80189  328.55419  329.30978  327.03326  327.78203  328.53406  326.25947  327.00470  327.75317  328.41625  329.19834  329.98673  327.64474  328.42315  329.20783  326.86806  327.64278  328.42373
 327.12755  327.87675  328.62923  326.33015  327.07569  327.82449  325.52615  326.26803  327.01312  327.73938  328.51825  329.30338  326.93900  327.71405  328.49535  326.13200  326.90323  327.68066  328.38672  329.19615  330.01464  327.58317  328.38864  329.20311  326.77300  327.57448  328.38492
 327.02873  327.80421  328.58593  326.19952  326.97108  327.74883  325.36247  326.13007  326.90382  327.67326  328.47917  329.29409  326.84079  327.64260  328.45338  326.00045  326.79814  327.60473  328.35356  329.19076  330.03957  327.51763  328.35058  329.19505  326.67381  327.50246  328.34258
 326.92635  327.72858  328.53978  326.06506  326.86307  327.66998  325.19488  325.98863  326.79123  327.60355  328.43693  329.28185  326.73869  327.56767  328.40812  325.86492  326.68947  327.52541  328.31678  329.18215  330.06148  327.44816  328.30895  329.18361  326.57060  327.42677  328.29673
 326.82043  327.64983  328.49070  325.92684  326.75170  327.58796  325.02346  325.84375  326.67537  327.53026  328.39148  329.26658  326.63278  327.48929  328.35958  325.72550  326.57724  327.44269  328.27640  329.17027  330.08027  327.37483  328.26380  329.16878  326.46343  327.34744  328.24738
 326.71100  327.56792  328.43863  325.78490  326.63696  327.50272  324.84831  325.69547  326.55624  327.45341  328.34280  329.24822  326.52310  327.40744  328.30770  325.58227  326.46151  327.35657  328.23242  329.15508  330.09590  327.29768  328.21509  329.15054  326.35238  327.26450  328.19452
 326.59808  327.48283  328.38350  325.63934  326.51889  327.41427  324.66950  325.54381  326.43384  327.37302  328.29085  329.22673  326.40973  327.32216  328.25252  325.43530  326.34228  327.26707  328.18484  329.13655  330.10831  327.21677  328.16287  329.12888  326.23752  327.17796  328.13817
 326.48170  327.39453  328.32530  325.49019  326.39748  327.32258  324.48711  325.38881  326.30820  327.28909  328.23562  329.20205  326.29269  327.23345  328.19398  325.28466  326.21961  327.17419  328.13367  329.11466  330.11746  327.13212  328.10712  329.10378  326.11891  327.08787  328.07834
 326.36187  327.30303  328.26397  325.33751  326.27276  327.22765  324.30120  325.23050  326.17929  327.20166  328.17708  329.17416  326.17203  327.14131  328.13210  325.13041  326.09350  327.07794  328.07893  329.08939  330.12330  327.04378  328.04786  329.07523  325.99660  326.99424  328.01502
 326.23862  327.20829  328.19949  325.18135  326.14474  327.12949  324.11184  325.06890  326.04715  327.11073  328.11522  329.14301  326.04781  327.04577  328.06687  324.97260  325.96398  326.97832  328.02063  329.06070  330.12583  326.95180  327.98509  329.04325  325.87063  326.89709  327.94823
 326.11197  327.11033  328.13183  325.02174  326.01342  327.02807  323.91909  324.90404  325.91179  327.01632  328.05002  329.10860  325.92004  326.94682  327.99828  324.81130  325.83109  326.87537  327.95877  329.02861  330.12498  326.85618  327.91883  329.00780  325.74106  326.79647  327.87798
 325.98195  327.00911  328.06097  324.85874  325.87883  326.92342  323.72300  324.73596  325.77322  326.91844  327.98150  329.07088  325.78878  326.84449  327.92632  324.64654  325.69485  326.76907  327.89336  328.99309  330.12074  326.75696  327.84907  328.96888  325.60794  326.69237  327.80428
 325.84858  326.90468  327.98691  324.69239  325.74099  326.81552  323.52362  324.56468  325.63145  326.81712  327.90963  329.02985  325.65406  326.73880  327.85102  324.47837  325.55528  326.65945  327.82443  328.95415  330.11310  326.65421  327.77586  328.92651  325.47130  326.58483  327.72712
 325.71186  326.79699  327.90960  324.52270  325.59991  326.70438  323.32100  324.39022  325.48649  326.71237  327.83441  328.98548  325.51591  326.62974  327.77234  324.30685  325.41240  326.54649  327.75198  328.91175  330.10203  326.54791  327.69915  328.88066  325.33118  326.47385  327.64653
 325.57184  326.68606  327.82906  324.34975  325.45560  326.58999  323.11518  324.21262  325.33834  326.60420  327.75584  328.93776  325.37436  326.51733  327.69031  324.13199  325.26624  326.43024  327.67602  328.86590  330.08752  326.43811  327.61900  328.83135  325.18762  326.35947  327.56250
 325.42854  326.57189  327.74527  324.17355  325.30809  326.47239  322.90622  324.03189  325.18706  326.49264  327.67393  328.88669  325.22945  326.40160  327.60494  323.95387  325.11683  326.31070  327.59657  328.81662  330.06956  326.32483  327.53541  328.77859  325.04066  326.24171  327.47507
 325.28196  326.45450  327.65823  323.99413  325.15738  326.35155  322.69416  323.84807  325.03262  326.37770  327.58867  328.83226  325.08120  326.28255  327.51621  323.77250  324.96418  326.18788  327.51364  328.76387  330.04812  326.20811  327.44838  328.72235  324.89034  326.12059  327.38423
 325.13215  326.33387  327.56793  323.81154  325.00350  326.22750  322.47902  323.66118  324.87507  326.25941  327.50007  328.77445  324.92965  326.16020  327.42415  323.58794  324.80832  326.06180  327.42724  328.70768  330.02322  326.08796  327.35792  328.66266  324.73668  325.99612  327.29001
 324.97912  326.21004  327.47437  323.62581  324.84648  326.10025  322.26087  323.47124  324.71440  326.13778  327.40813  328.71327  324.77482  326.03456  327.32874  323.40019  324.64927  325.93246  327.33739  328.64803  329.99483  325.96441  327.26406  328.59951  324.57972  325.86833  327.19238
 324.82288  326.08299  327.37757  323.43695  324.68631  325.96980  322.03973  323.27830  324.55065  326.01282  327.31286  328.64871  324.61675  325.90565  327.23001  323.20933  324.48706  325.79989  327.24411  328.58495  329.96295  325.83749  327.16680  328.53291  324.41949  325.73723  327.09140
 324.66348  325.95275  327.27750  323.24503  324.52304  325.83617  321.81564  323.08235  324.38382  325.88457  327.21427  328.58077  324.45545  325.77349  327.12797  323.01536  324.32170  325.66411  327.14740  328.51841  329.92758  325.70721  327.06616  328.46286  324.25601  325.60285  326.98706
 324.50091  325.81932  327.17418  323.05005  324.35668  325.69937  321.58864  322.88344  324.21394  325.75302  327.11235  328.50945  324.29097  325.63810  327.02261  322.81833  324.15323  325.52511  327.04728  328.44845  329.88872  325.57361  326.96215  328.38939  324.08933  325.46521  326.87938
 324.33521  325.68272  327.06761  322.85205  324.18723  325.55941  321.35876  322.68159  324.04102  325.61821  327.00714  328.43477  324.12332  325.49949  326.91396  322.61827  323.98167  325.38295  326.94377  328.37504  329.84636  325.43671  326.85479  328.31248  323.91947  325.32433  326.76837
 324.16641  325.54295  326.95780  322.65107  324.01474  325.41631  321.12605  322.47684  323.86510  325.48015  326.89861  328.35670  323.95253  325.35768  326.80202  322.41521  323.80703  325.23761  326.83688  328.29821  329.80050  325.29652  326.74409  328.23215  323.74646  325.18023  326.65405
 323.99453  325.40004  326.84476  322.44712  323.83921  325.27007  320.89054  322.26919  323.68618  325.33887  326.78681  328.27526  323.77863  325.21268  326.68680  322.20919  323.62935  325.08911  326.72663  328.21796  329.75115  325.15308  326.63005  328.14841  323.57033  325.03292  326.53643
 323.81957  325.25399  326.72848  322.24025  323.66068  325.12073  320.65225  322.05869  323.50429  325.19438  326.67172  328.19047  323.60165  325.06453  326.56833  322.00024  323.44864  324.93750  326.61304  328.13430  329.69831  325.00641  326.51271  328.06127  323.39110  324.88243  326.41553
 323.64159  325.10483  326.60900  322.03048  323.47915  324.96829  320.41124  321.84535  323.31945  325.04670  326.55337  328.10232  323.42160  324.91321  326.44660  321.78838  323.26493  324.78276  326.49611  328.04723  329.64198  324.85653  326.39207  327.97072  323.20882  324.72879  326.29135
 323.46059  324.95256  326.48632  321.81784  323.29466  324.81277  320.16753  321.62920  323.13168  324.89586  326.43178  328.01081  323.23854  324.75879  326.32164  321.57366  323.07825  324.62493  326.37588  327.95679  329.58217  324.70347  326.26818  327.87682  323.02350  324.57203  326.16394
 323.27660  324.79721  326.36043  321.60236  323.10722  324.65418  319.92115  321.41028  322.94100  324.74187  326.30695  327.91598  323.05246  324.60126  326.19346  321.35609  322.88863  324.46404  326.25236  327.86296  329.51888  324.54724  326.14101  327.77953  322.83518  324.41213  326.03329
 323.08963  324.63879  326.23136  321.38406  322.91687  324.49256  319.67213  321.18862  322.74744  324.58476  326.17889  327.81780  322.86341  324.44064  326.06208  321.13573  322.69608  324.30009  326.12556  327.76576  329.45211  324.38787  326.01060  327.67890  322.64388  324.24916  325.89943
 322.89974  324.47733  326.09913  321.16300  322.72362  324.32790  319.42053  320.96422  322.55101  324.42454  326.04764  327.71631  322.67140  324.27696  325.92752  320.91257  322.50063  324.13311  325.99551  327.66521  329.38188  324.22539  325.87696  327.57490  322.44963  324.08311  325.76236
 322.70692  324.31283  325.96375  320.93917  322.52749  324.16024  319.16635  320.73713  322.35176  324.26125  325.91319  327.61151  322.47648  324.11024  325.78977  320.68669  322.30231  323.96311  325.86222  327.56131  329.30820  324.05983  325.74012  327.46759  322.25246  323.91402  325.62212
 322.51121  324.14532  325.82522  320.71263  322.32852  323.98959  318.90965  320.50738  322.14968  324.09490  325.77556  327.50341  322.27866  323.94049  325.64887  320.45808  322.10114  323.79013  325.72571  327.45408  329.23105  323.89119  325.60010  327.35696  322.05240  323.74191  325.47872
 322.31264  323.97482  325.68356  320.48340  322.12672  323.81597  318.65045  320.27498  321.94482  323.92551  325.63478  327.39201  322.07797  323.76775  325.50483  320.22679  321.89715  323.61417  325.58599  327.34353  329.15048  323.71952  325.45691  327.24303  321.84948  323.56680  325.33218
 322.11121  323.80134  325.53879  320.25150  321.92212  323.63940  318.38879  320.03998  321.73719  323.75310  325.49085  327.27735  321.87443  323.59202  325.35768  319.99285  321.69037  323.43528  325.44310  327.22968  329.06646  323.54482  325.31056  327.12580  321.64372  323.38872  325.18251
 321.90698  323.62492  325.39094  320.01697  321.71474  323.45991  318.12469  319.80239  321.52683  323.57771  325.34381  327.15943  321.66809  323.41335  325.20742  319.75629  321.48081  323.25345  325.29705  327.11255  328.97903  323.36714  325.16110  327.00532  321.43516  323.20768  325.02975
 321.69996  323.44556  325.24000  319.77984  321.50462  323.27752  317.85821  319.56226  321.31374  323.39935  325.19367  327.03826  321.45896  323.23174  325.05408  319.51715  321.26852  323.06873  325.14786  326.99214  328.88819  323.18648  325.00852  326.88157  321.22381  323.02372  324.87390
 321.49017  323.26330  325.08600  319.54014  321.29177  323.09224  317.58935  319.31960  321.09797  323.21804  325.04043  326.91385  321.24706  323.04723  324.89768  319.27543  321.05351  322.88113  324.99555  326.86847  328.79395  323.00289  324.85285  326.75459  321.00972  322.83686  324.71500
 321.27764  323.07816  324.92896  319.29789  321.07623  322.90410  317.31815  319.07444  320.87953  323.03381  324.88413  326.78624  321.03243  322.85983  324.73823  319.03119  320.83581  322.69067  324.84014  326.74157  328.69633  322.81638  324.69412  326.62439  320.79291  322.64711  324.55305
 321.06240  322.89014  324.76890  319.05314  320.85801  322.71312  317.04467  318.82682  320.65846  322.84669  324.72478  326.65542  320.81510  322.66956  324.57577  318.78446  320.61545  322.49739  324.68165  326.61144  328.59533  322.62698  324.53234  326.49099  320.57341  322.45452  324.38809
 320.84448  322.69928  324.60584  318.80590  320.63714  322.51934  316.76891  318.57676  320.43477  322.65669  324.56241  326.52142  320.59509  322.47646  324.41029  318.53525  320.39245  322.30129  324.52011  326.47810  328.49098  322.43471  324.36753  326.35439  320.35123  322.25909  324.22012
 320.62391  322.50562  324.43980  318.55621  320.41365  322.32275  316.49093  318.32430  320.20850  322.46386  324.39703  326.38425  320.37243  322.28054  324.24184  318.28361  320.16685  322.10242  324.35556  326.34159  328.38328  322.23960  324.19973  326.21463  320.12644  322.06087  324.04919
 320.40070  322.30914  324.27079  318.30410  320.18758  322.12341  316.21073  318.06945  319.97967  322.26820  324.22867  326.24393  320.14717  322.08185  324.07043  318.02957  319.93866  321.90079  324.18797  326.20190  328.27226  322.04168  324.02896  326.07173  319.89903  321.85987  323.87530
 320.17489  322.10991  324.09883  318.04961  319.95894  321.92131  315.92839  317.81227  319.74831  322.06973  324.05735  326.10049  319.91930  321.88039  323.89608  317.77316  319.70794  321.69643  324.01740  326.05906  328.15791  321.84097  323.85521  325.92569  319.66905  321.65612  323.69849
 319.94650  321.90793  323.92396  317.79274  319.72777  321.71650  315.64390  317.55276  319.51445  321.86850  323.88309  325.95393  319.68887  321.67619  323.71881  317.51440  319.47468  321.48935  323.84388  325.91310  328.04027  321.63751  323.67854  325.77655  319.43653  321.44963  323.51876
 319.71558  321.70322  323.74619  317.53356  319.49408  321.50900  315.35731  317.29097  319.27811  321.66453  323.70591  325.80428  319.45592  321.46927  323.53865  317.25334  319.23894  321.27961  323.66741  325.76402  327.91935  321.43130  323.49895  325.62431  319.20149  321.24047  323.33616
 319.48213  321.49581  323.56553  317.27207  319.25791  321.29882  315.06867  317.02693  319.03933  321.45783  323.52583  325.65154  319.22045  321.25967  323.35561  316.99000  319.00073  321.06721  323.48801  325.61185  327.79516  321.22239  323.31648  325.46901  318.96397  321.02863  323.15070
 319.24619  321.28573  323.38202  317.00832  319.01929  321.08601  314.77798  316.76066  318.79812  321.24844  323.34288  325.49576  318.98252  321.04742  323.16975  316.72441  318.76008  320.85218  323.30574  325.45662  327.66772  321.01080  323.13116  325.31067  318.72399  320.81414  322.96240
 319.00779  321.07302  323.19568  316.74234  318.77825  320.87058  314.48530  316.49220  318.55453  321.03639  323.15708  325.33695  318.74215  320.83254  322.98105  316.45661  318.51704  320.63454  323.12058  325.29833  327.53705  320.79656  322.94299  325.14930  318.48158  320.59703  322.77130
 318.76697  320.85769  323.00653  316.47416  318.53481  320.65256  314.19066  316.22158  318.30858  320.82170  322.96847  325.17513  318.49935  320.61504  322.78955  316.18663  318.27161  320.41434  322.93261  325.13702  327.40318  320.57970  322.75200  324.98492  318.23678  320.37734  322.57741
 318.52373  320.63975  322.81460  316.20380  318.28901  320.43197  313.89408  315.94883  318.06030  320.60440  322.77704  325.01031  318.25417  320.39497  322.59528  315.91451  318.02384  320.19160  322.74179  324.97271  327.26610  320.36023  322.55824  324.81756  317.98962  320.15510  322.38077
 318.27813  320.41925  322.61990  315.93131  318.04086  320.20885  313.59560  315.67397  317.80971  320.38451  322.58285  324.84252  318.00664  320.17236  322.39827  315.64026  317.77375  319.96632  322.54819  324.80540  327.12586  320.13821  322.36170  324.64726  317.74012  319.93031  322.18139
 318.03018  320.19622  322.42246  315.65670  317.79042  319.98322  313.29525  315.39706  317.55684  320.16207  322.38589  324.67179  317.75678  319.94720  322.19852  315.36393  317.52137  319.73857  322.35182  324.63515  326.98246  319.91364  322.16244  324.47400  317.48832  319.70303  321.97931
 317.77992  319.97066  322.22231  315.38002  317.53769  319.75511  312.99308  315.11810  317.30174  319.93709  322.18622  324.49813  317.50463  319.71957  321.99608  315.08554  317.26674  319.50834  322.15270  324.46194  326.83592  319.68656  321.96046  324.29783  317.23424  319.47326  321.77454
 317.52737  319.74263  322.01947  315.10129  317.28271  319.52454  312.68911  314.83714  317.04442  319.70962  321.98384  324.32156  317.25021  319.48946  321.79096  314.80514  317.00988  319.27568  321.95088  324.28583  326.68627  319.45700  321.75579  324.11878  316.97793  319.24105  321.56712
 317.27257  319.51213  321.81397  314.82056  317.02552  319.29154  312.38337  314.55421  316.78492  319.47967  321.77879  324.14212  316.99356  319.25691  321.58321  314.52275  316.75083  319.04062  321.74636  324.10683  326.53353  319.22499  321.54847  323.93687  316.71941  319.00643  321.35707
 317.01554  319.27921  321.60583  314.53784  316.76614  319.05615  312.07591  314.26934  316.52326  319.24728  321.57109  323.95983  316.73471  319.02196  321.37283  314.23840  316.48961  318.80317  321.53918  323.92497  326.37771  318.99055  321.33852  323.75211  316.45870  318.76941  321.14442
 316.75633  319.04389  321.39509  314.25318  316.50460  318.81838  311.76675  313.98256  316.25948  319.01249  321.36078  323.77471  316.47369  318.78462  321.15985  313.95214  316.22626  318.56338  321.32938  323.74026  326.21885  318.75372  321.12596  323.56454  316.19585  318.53003  320.92920
 316.49495  318.80620  321.18175  313.96661  316.24094  318.57828  311.45593  313.69390  315.99361  318.77529  321.14785  323.58677  316.21053  318.54493  320.94432  313.66398  315.96079  318.32127  321.11695  323.55273  326.05695  318.51452  320.91083  323.37417  315.93088  318.28833  320.71142
 316.23144  318.56615  320.96586  313.67815  315.97517  318.33586  311.14348  313.40340  315.72567  318.53574  320.93237  323.39605  315.94525  318.30292  320.72624  313.37396  315.69327  318.07686  320.90194  323.36241  325.89206  318.27299  320.69315  323.18105  315.66382  318.04432  320.49113
 315.96583  318.32380  320.74744  313.38783  315.70734  318.09115  310.82943  313.11109  315.45570  318.29387  320.71435  323.20258  315.67790  318.05861  320.50564  313.08212  315.42370  317.83020  320.68439  323.16932  325.72418  318.02915  320.47294  322.98517  315.39472  317.79804  320.26835
 315.69815  318.07917  320.52651  313.09571  315.43749  317.84420  310.51382  312.81700  315.18374  318.04970  320.49381  323.00637  315.40851  317.81204  320.28257  312.78849  315.15211  317.58130  320.46431  322.97350  325.55334  317.78304  320.25025  322.78660  315.12359  317.54952  320.04311
 315.42843  317.83227  320.30311  312.80180  315.16562  317.59502  310.19670  312.52116  314.90981  317.80326  320.27079  322.80746  315.13710  317.56324  320.05704  312.49312  314.87856  317.33021  320.24173  322.77496  325.37957  317.53468  320.02508  322.58533  314.85048  317.29880  319.81544
 315.15670  317.58315  320.07726  312.50614  314.89179  317.34365  309.87807  312.22361  314.63394  317.55458  320.04530  322.60587  314.86371  317.31223  319.82908  312.19600  314.60306  317.07695  320.01669  322.57373  325.20288  317.28411  319.79749  322.38140  314.57541  317.04589  319.58535
 314.88300  317.33183  319.84899  312.20876  314.61601  317.09011  309.55799  311.92439  314.35617  317.30370  319.81739  322.40162  314.58837  317.05905  319.59872  311.89721  314.32564  316.82154  319.78921  322.36984  325.02331  317.03135  319.56748  322.17483  314.29842  316.79084  319.35290
 314.60736  317.07835  319.61833  311.90971  314.33833  316.83443  309.23649  311.62351  314.07651  317.05064  319.58709  322.19476  314.31110  316.80373  319.36600  311.59675  314.04634  316.56402  319.55932  322.16332  324.84087  316.77645  319.33511  321.96566  314.01953  316.53367  319.11809
 314.32980  316.82273  319.38530  311.60899  314.05878  316.57666  308.91360  311.32102  313.79502  316.79544  319.35441  321.98528  314.03196  316.54630  319.13093  311.29467  313.76520  316.30443  319.32704  321.95418  324.65560  316.51942  319.10037  321.75392  313.73878  316.27441  318.88097
 314.05037  316.56501  319.14994  311.30666  313.77738  316.31680  308.58935  311.01696  313.51172  316.53812  319.11938  321.77324  313.75096  316.28678  318.89355  310.99100  313.48223  316.04279  319.09241  321.74246  324.46752  316.26030  318.86332  321.53962  313.45621  316.01310  318.64157
 313.76908  316.30520  318.91227  311.00275  313.49416  316.05492  308.26378  310.71134  313.22665  316.27871  318.88204  321.55865  313.46814  316.02522  318.65389  310.68577  313.19748  315.77913  318.85547  321.52820  324.27665  315.99912  318.62399  321.32280  313.17185  315.74976  318.39990
 313.48599  316.04336  318.67233  310.69728  313.20917  315.79101  307.93693  310.40421  312.93983  316.01726  318.64243  321.34155  313.18353  315.76164  318.41198  310.37903  312.91098  315.51349  318.61623  321.31141  324.08302  315.73592  318.38239  321.10348  312.88572  315.48443  318.15601
 313.20111  315.77950  318.43014  310.39029  312.92243  315.52512  307.60882  310.09560  312.65129  315.75378  318.40055  321.12195  312.89716  315.49606  318.16784  310.07079  312.62276  315.24589  318.37473  321.09212  323.88666  315.47071  318.13855  320.88169  312.59787  315.21714  317.90992
 312.91447  315.51366  318.18574  310.08182  312.63397  315.25729  307.27950  309.78554  312.36108  315.48831  318.15645  320.89990  312.60908  315.22854  317.92151  309.76110  312.33285  314.97637  318.13099  320.87036  323.68758  315.20355  317.89253  320.65747  312.30832  314.94792  317.66166
 312.62612  315.24587  317.93914  309.77190  312.34383  314.98754  306.94899  309.47407  312.06921  315.22088  317.91015  320.67540  312.31930  314.95908  317.67302  309.44998  312.04128  314.70496  317.88505  320.64617  323.48583  314.93445  317.64432  320.43084  312.01710  314.67680  317.41126
 312.33609  314.97616  317.69039  309.46056  312.05204  314.71589  306.61733  309.16121  311.77574  314.95152  317.66169  320.44852  312.02786  314.68773  317.42239  309.13748  311.74810  314.43169  317.63695  320.41957  323.28143  314.66345  317.39399  320.20182  311.72426  314.40382  317.15876
 312.04440  314.70455  317.43951  309.14784  311.75863  314.44240  306.28455  308.84701  311.48067  314.68027  317.41110  320.21924  311.73480  314.41453  317.16967  308.82362  311.45333  314.15659  317.38669  320.19058  323.07440  314.39058  317.14155  319.97047  311.42982  314.12900  316.90419
 311.75109  314.43111  317.18654  308.83376  311.46364  314.16708  305.95070  308.53150  311.18406  314.40715  317.15841  319.98763  311.44014  314.13949  316.91487  308.50844  311.15699  313.87969  317.13434  319.95924  322.86478  314.11588  316.88703  319.73679  311.13382  313.85238  316.64758
 311.45619  314.15583  316.93149  308.51838  311.16711  313.88998  305.61579  308.21471  310.88594  314.13221  316.90365  319.75371  311.14393  313.86267  316.65805  308.19197  310.85914  313.60105  316.87990  319.72559  322.65259  313.83938  316.63047  319.50082  310.83630  313.57400  316.38895
 311.15974  313.87876  316.67443  308.20170  310.86904  313.61112  305.27987  307.89667  310.58633  313.85546  316.64685  319.51749  310.84619  313.58407  316.39920  307.87425  310.55980  313.32066  316.62342  319.48964  322.43785  313.56110  316.37189  319.26258  310.53727  313.29388  316.12834
 310.86178  313.59993  316.41535  307.88378  310.56950  313.33053  304.94298  307.57742  310.28527  313.57696  316.38804  319.27902  310.54697  313.30375  316.13839  307.55531  310.25900  313.03857  316.36493  319.25143  322.22061  313.28108  316.11133  319.02212  310.23678  313.01205  315.86578
 310.56231  313.31937  316.15429  307.56464  310.26850  313.04824  304.60514  307.25699  309.98279  313.29670  316.12724  319.03832  310.24627  313.02171  315.87562  307.23519  309.95678  312.75483  316.10444  319.01098  322.00087  312.99936  315.84883  318.77946  309.93486  312.72856  315.60131
 310.26141  313.03712  315.89131  307.24433  309.96608  312.76430  304.26639  306.93541  309.67893  313.01476  315.86451  318.79543  309.94416  312.73802  315.61095  306.91392  309.65317  312.46945  315.84201  318.76835  321.77869  312.71597  315.58440  318.53463  309.63155  312.44342  315.33495
 309.95907  312.75320  315.62640  306.92286  309.66228  312.47872  303.92676  306.61272  309.37371  312.73114  315.59985  318.55037  309.64066  312.45269  315.34439  306.59152  309.34820  312.18246  315.57766  318.52353  321.55408  312.43094  315.31809  318.28766  309.32688  312.15668  315.06674
 309.65535  312.46765  315.35963  306.60028  309.35712  312.19154  303.58629  306.28896  309.06719  312.44590  315.33332  318.30319  309.33579  312.16576  315.07598  306.26805  309.04192  311.89392  315.31142  318.27658  321.32708  312.14429  315.04991  318.03858  309.02087  311.86837  314.79671
 309.35028  312.18051  315.09101  306.27662  309.05064  311.90281  303.24501  305.96415  308.75937  312.15904  315.06494  318.05390  309.02960  311.87726  314.80576  305.94352  308.73433  311.60384  315.04332  318.02752  321.09771  311.85608  314.77992  317.78743  308.71357  311.57852  314.52488
 309.04388  311.89180  314.82058  305.95192  308.74288  311.61255  302.90296  305.63832  308.45030  311.87062  314.79473  317.80253  308.72212  311.58722  314.53375  305.61798  308.42549  311.31225  314.77340  317.77638  320.86600  311.56632  314.50814  317.53424  308.40501  311.28716  314.25130
 308.73619  311.60156  314.54835  305.62620  308.43386  311.32078  302.56017  305.31153  308.14002  311.58065  314.52274  317.54912  308.41338  311.29569  314.25999  305.29146  308.11544  311.01920  314.50168  317.52320  320.63199  311.27505  314.23460  317.27903  308.09523  310.99434  313.97600
 308.42726  311.30982  314.27439  305.29950  308.12363  311.02755  302.21667  304.98379  307.82855  311.28919  314.24901  317.29371  308.10342  311.00268  313.98450  304.96399  307.80420  310.72471  314.22822  317.26802  320.39572  310.98232  313.95935  317.02184  307.78425  310.70008  313.69901
 308.11709  311.01662  313.99871  304.97186  307.81222  310.73289  301.87249  304.65514  307.51593  310.99625  313.97355  317.03631  307.79227  310.70825  313.70734  304.63560  307.49180  310.42882  313.95301  317.01084  320.15719  310.68814  313.68239  316.76271  307.47211  310.40440  313.42036
 307.80575  310.72198  313.72134  304.64331  307.49965  310.43682  301.52768  304.32562  307.20219  310.70187  313.69639  316.77698  307.47995  310.41239  313.42851  304.30633  307.17827  310.13157  313.67612  316.75171  319.91645  310.39255  313.40378  316.50164  307.15883  310.10735  313.14008
 307.49324  310.42594  313.44232  304.31388  307.18596  310.13940  301.18226  303.99526  306.88738  310.40609  313.41758  316.51572  307.16652  310.11519  313.14806  303.97622  306.86367  309.83298  313.39757  316.49067  319.67353  310.09559  313.12354  316.23871  306.84448  309.80897  312.85821
 307.17962  310.12854  313.16168  303.98360  306.87119  309.84064  300.83627  303.66409  306.57151  310.10894  313.13716  316.25259  306.85200  309.81663  312.86603  303.64530  306.54801  309.53309  313.11739  316.22774  319.42847  309.79729  312.84171  315.97392  306.52907  309.50928  312.57479
 306.86492  309.82980  312.87946  303.65252  306.55536  309.54058  300.48974  303.33215  306.25463  309.81046  312.85513  315.98761  306.53642  309.51678  312.58243  303.31360  306.23132  309.23193  312.83562  315.96296  319.18129  309.49767  312.55831  315.70731  306.21262  309.20832  312.28984
 306.54916  309.52976  312.59568  303.32066  306.23851  309.23926  300.14271  302.99945  305.93675  309.51066  312.57155  315.72082  306.21981  309.21565  312.29732  302.98115  305.91365  308.92953  312.55228  315.69636  318.93202  309.19679  312.27339  315.43891  305.89519  308.90611  312.00339
 306.23238  309.22846  312.31038  302.98806  305.92069  308.93671  299.79520  302.66606  305.61794  309.20960  312.28645  315.45224  305.90223  308.91329  312.01072  302.64799  305.59502  308.62593  312.26742  315.42797  318.68069  308.89467  311.98699  315.16876  305.57679  308.60271  311.71549
 305.91462  308.92592  312.02361  302.65475  305.60191  308.63296  299.44726  302.33198  305.29821  308.90730  311.99987  315.18191  305.58369  308.60974  311.72266  302.31415  305.27548  308.32116  311.98107  315.15783  318.42734  308.59134  311.69911  314.89688  305.25748  308.29813  311.42615
 305.59590  308.62219  311.73536  302.32076  305.28222  308.32804  299.09892  301.99729  304.97759  308.60380  311.71181  314.90985  305.26422  308.30500  311.43317  301.97967  304.95505  308.01527  311.69324  314.88596  318.17200  308.28684  311.40980  314.62332  304.93728  307.99242  311.13544
 305.27627  308.31729  311.44570  301.98614  304.96164  308.02199  298.75019  301.66197  304.65612  308.29912  311.42234  314.63612  304.94387  307.99914  311.14230  301.64458  304.63377  307.70827  311.40399  314.61241  317.91471  307.98119  311.11911  314.34811  304.61621  307.68560  310.84335
 304.95575  308.01126  311.15466  301.65090  304.64022  307.71485  298.40114  301.32608  304.33385  307.99331  311.13148  314.36073  304.62266  307.69218  310.85007  301.30891  304.31167  307.40021  311.11336  314.33720  317.65549  307.67445  310.82706  314.07127  304.29434  307.37771  310.54995
 304.63438  307.70413  310.86227  301.31509  304.31798  307.40664  298.05178  300.98966  304.01079  307.68640  310.83926  314.08372  304.30064  307.38414  310.55651  300.97270  303.98879  307.09111  310.82136  314.06037  317.39438  307.36664  310.53368  313.79285  303.97167  307.06878  310.25525
 304.31220  307.39593  310.56855  300.97874  303.99495  307.09740  297.70215  300.65272  303.68698  307.37842  310.54571  313.80513  303.97783  307.07507  310.26167  300.63597  303.66515  306.78101  310.52803  313.78195  317.13140  307.05778  310.23901  313.51286  303.64824  306.75886  309.95929
 303.98922  307.08670  310.27354  300.64188  303.67118  306.78716  297.35228  300.31532  303.36247  307.06941  310.25088  313.52498  303.65427  306.76501  309.96557  300.29878  303.34081  306.46995  310.23340  313.50197  316.86660  306.74792  309.94308  313.23135  303.32410  306.44797  309.66211
 303.66551  306.77648  309.97728  300.30455  303.34670  306.47596  297.00220  299.97748  303.03726  306.75939  309.95479  313.24331  303.32999  306.45398  309.66825  299.96114  303.01577  306.15795  309.93752  313.22048  316.60001  306.43709  309.64593  312.94837  302.99926  306.13614  309.36374
 303.34107  306.46529  309.67980  299.96678  303.02153  306.16383  296.65195  299.63923  302.71141  306.44841  309.65748  312.96016  303.00502  306.14201  309.36974  299.62308  302.69009  305.84506  309.64041  312.93748  316.33166  306.12533  309.34758  312.66392  302.67378  305.82340  309.06422
 303.01595  306.15317  309.38114  299.62860  302.69571  305.85081  296.30156  299.30060  302.38496  306.13648  309.35897  312.67556  302.67940  305.82914  309.07008  299.28466  302.36378  305.53131  309.34211  312.65304  316.06158  305.81267  309.04808  312.37805  302.34768  305.50981  308.76357
 302.69018  305.84015  309.08132  299.29004  302.36928  305.53692  295.95107  298.96164  302.05792  305.82367  309.05932  312.38954  302.35317  305.51542  308.76929  298.94589  302.03690  305.21672  309.04265  312.36718  315.78981  305.49913  308.74745  312.09080  302.02099  305.19538  308.46183
 302.36381  305.52628  308.78039  298.95115  302.04227  305.22220  295.60050  298.62237  301.73033  305.50999  308.75854  312.10213  302.02635  305.20085  308.46742  298.60681  301.70947  304.90134  308.74207  312.07992  315.51638  305.18476  308.44573  311.80219  301.69374  304.88014  308.15904
 302.03684  305.21157  308.47837  298.61195  301.71471  304.90669  295.24989  298.28282  301.40223  305.19547  308.45667  311.81337  301.69898  304.88550  308.16451  298.26745  301.38152  304.58519  308.44039  311.79131  315.24131  304.86959  308.14296  311.51226  301.36597  304.56414  307.85522
 301.70933  304.89606  308.17530  298.27246  301.38663  304.59042  294.89926  297.94303  301.07364  304.88015  308.15375  311.52329  301.37109  304.56937  307.86056  297.92784  301.05308  304.26831  308.13766  311.50138  314.96466  304.55365  307.83916  311.22104  301.03772  304.24741  307.55041
 301.38130  304.57979  307.87121  297.93274  301.05808  304.27342  294.54866  297.60304  300.74462  304.56407  307.84981  311.23193  301.04272  304.25252  307.55563  297.58803  300.72420  303.95074  307.83391  311.21017  314.68646  304.23698  307.53438  310.92859  300.70902  303.92999  307.24467
 301.05279  304.26280  307.56614  297.59281  300.72908  303.95572  294.19811  297.26287  300.41518  304.24726  307.54489  310.93933  300.71390  303.93497  307.24976  297.24804  300.39490  303.63251  307.52917  310.91771  314.40672  303.91961  307.22865  310.63490  300.37990  303.61189  306.93799
 300.72383  303.94512  307.26013  297.25270  300.39966  303.63738  293.84765  296.92256  300.08536  303.92976  307.23902  310.64550  300.38466  303.61676  306.94296  296.90790  300.06522  303.31364  307.22347  310.62403  314.12550  303.60158  306.92199  310.34004  300.05039  303.29317  306.63043
 300.39446  303.62677  306.95319  296.91244  300.06986  303.31839  293.49731  296.58213  299.75518  303.61159  306.93222  310.35050  300.05503  303.29791  306.63528  296.56764  299.73518  302.99419  306.91685  310.32916  313.84282  303.28290  306.61444  310.04402  299.72053  302.97384  306.32202
 300.06470  303.30779  306.64538  296.57208  299.73971  302.99881  293.14712  296.24163  299.42470  303.29278  306.62454  310.05434  299.72505  302.97847  306.32675  296.22731  299.40484  302.67417  306.60935  310.03314  313.55872  302.96364  306.30605  309.74690  299.39036  302.65396  306.01280
 299.73459  302.98822  306.33671  296.23163  299.40925  302.67868  292.79711  295.90108  299.09393  302.97339  306.31602  309.75709  299.39477  302.65847  306.01741  295.88694  299.07420  302.35362  306.30099  309.73601  313.27323  302.64381  305.99684  309.44869  299.05988  302.33354  305.70278
 299.40419  302.66810  306.02725  295.89116  299.07852  302.35803  292.44732  295.56053  298.76293  302.65343  306.00668  309.45875  299.06420  302.33795  305.70729  295.54654  298.74332  302.03258  305.99183  309.43781  312.98639  302.32345  305.68685  309.14944  298.72917  302.01263  305.39202
 299.07347  302.34743  305.71699  295.55065  298.74752  302.03688  292.09777  295.21999  298.43170  302.33294  305.69655  309.15935  298.73337  302.01693  305.39641  295.20616  298.41222  301.71108  305.68186  309.13854  312.69822  302.00259  305.37611  308.84917  298.39823  301.69126  305.08055
 298.74253  302.02629  305.40599  295.21016  298.41631  301.71526  291.74849  294.87949  298.10028  302.01196  305.38568  308.85896  298.40232  301.69544  305.08482  294.86583  298.08094  301.38915  305.37116  308.83828  312.40878  301.68127  305.06464  308.54793  298.06710  301.36945  304.76839
 298.41136  301.70468  305.09427  294.86973  298.08492  301.39322  291.39953  294.53909  297.76873  301.69050  305.07409  308.55759  298.07109  301.37352  304.77256  294.52558  297.74950  301.06683  305.05972  308.53702  312.11807  301.35951  304.75249  308.24574  297.73582  301.04725  304.45559
 298.08001  301.38264  304.78188  294.52938  297.75338  301.07080  291.05091  294.19880  297.43705  301.36862  304.76182  308.25528  297.73970  301.05122  304.45965  294.18544  297.41794  300.74414  304.74762  308.23483  311.82616  301.03736  304.43971  307.94264  297.40442  300.72468  304.14217
 297.74850  301.06021  304.46885  294.18914  297.42172  300.74801  290.70265  293.85865  297.10529  301.04636  304.44891  307.95205  297.40820  300.72855  304.14612  293.84546  297.08630  300.42113  304.43486  307.93173  311.53307  300.71485  304.12630  307.63867  297.07293  300.40179  303.82817
 297.41688  300.73743  304.15520  293.84906  297.08998  300.42490  290.35481  293.51870  296.77348  300.72372  304.13537  307.64796  297.07661  300.40555  303.83202  293.50564  296.75460  300.09783  304.12149  307.62775  311.23883  300.39200  303.81232  307.33386  296.74138  300.07860  303.51363
 297.08517  300.41431  303.84098  293.50915  296.75818  300.10149  290.00739  293.17894  296.44164  300.40076  303.82127  307.34303  296.74496  300.08226  303.51738  293.16603  296.42288  299.77426  303.80753  307.32294  310.94348  300.06886  303.49779  307.02824  296.40981  299.75515  303.19857
 296.75341  300.09091  303.52622  293.16944  296.42637  299.77783  289.66043  292.83943  296.10983  300.07750  303.50663  307.03729  296.41329  299.75871  303.20222  292.82667  296.09118  299.45046  303.49303  307.01731  310.64705  299.74545  303.18274  306.72185  296.07824  299.43146  302.88304
 296.42163  299.76725  303.21095  292.82999  296.09457  299.45393  289.31398  292.50021  295.77805  299.75398  303.19146  306.73078  296.08163  299.43493  302.88659  292.48758  295.75951  299.12648  303.17802  306.71091  310.34958  299.42182  302.86721  306.41472  295.74672  299.10758  302.56706
 296.08986  299.44335  302.89520  292.49080  295.76281  299.12985  288.96804  292.16128  295.44636  299.43024  302.87583  306.42354  295.75002  299.11095  302.57051  292.14880  295.42793  298.80233  302.86253  306.40378  310.05110  299.09798  302.55125  306.10689  295.41528  298.78354  302.25067
 295.75814  299.11926  302.57901  292.15192  295.43113  298.80560  288.62267  291.82268  295.11477  299.10629  302.55974  306.11559  295.41847  298.78681  302.25402  291.81034  295.09645  298.47805  302.54660  306.09594  309.75165  298.77399  302.23487  305.79839  295.08394  298.45937  301.93391
 295.42649  298.79501  302.26241  291.81338  295.09956  298.48123  288.27787  291.48447  294.78333  298.78219  302.24326  305.80698  295.08705  298.46255  301.93717  291.47226  294.76511  298.15368  302.23024  305.78744  309.45126  298.44986  301.91811  305.48926  294.75274  298.13510  301.61680
 295.09496  298.47064  301.94545  291.47521  294.76813  298.15677  287.93370  291.14665  294.45207  298.45795  301.92639  305.49774  294.75575  298.13819  301.61996  291.13457  294.43394  297.82924  301.91352  305.47829  309.14997  298.12564  301.60101  305.17953  294.42170  297.81076  301.29938
 294.76356  298.14617  301.62813  291.13744  294.43687  297.83224  287.59017  290.80926  294.12100  298.13362  301.60918  305.18789  294.42463  297.81376  301.30245  290.79731  294.10298  297.50477  301.59644  305.16855  308.84781  297.80134  301.28360  304.86922  294.09087  297.48640  300.98168
 294.43233  297.82164  301.31051  290.80010  294.10582  297.50769  287.24733  290.47233  293.79018  297.80922  301.29166  304.87748  294.09371  297.48931  300.98467  290.46051  293.77226  297.18031  301.27906  304.85824  308.54481  297.47702  300.96591  304.55839  293.76027  297.16203  300.66375
 294.10131  297.49708  300.99262  290.46321  293.77501  297.18313  286.90518  290.13590  293.45963  297.48479  300.97387  304.56654  293.76303  297.16485  300.66664  290.12421  293.44180  296.85589  300.96140  304.54740  308.24102  297.15269  300.64798  304.24707  293.42995  296.83770  300.34560
 293.77054  297.17253  300.67450  290.12682  293.44447  296.85862  286.56378  289.79999  293.12937  297.16037  300.65584  304.25511  293.43262  296.84043  300.34840  289.78843  293.11164  296.53153  300.64350  304.23606  307.93647  296.82840  300.32983  303.93527  293.09991  296.51343  300.02728
 293.44002  296.84801  300.35616  289.79096  293.11423  296.53418  286.22314  289.46463  292.79946  296.83598  300.33759  303.94321  293.10250  296.51608  300.02999  289.45319  292.78181  296.20727  300.32538  303.92425  307.63118  296.50418  300.01151  303.62304  292.77021  296.18926  299.70881
 293.10981  296.52355  300.03765  289.45564  292.78432  296.20983  285.88330  289.12986  292.46991  296.51165  300.01917  303.63088  292.77272  296.19182  299.71143  289.11855  292.45235  295.88313  300.00709  303.61201  307.32520  296.18005  299.69305  303.31042  292.44087  295.86522  299.39023
 292.77993  296.19920  299.71899  289.12092  292.45478  295.88562  285.54428  288.79570  292.14074  296.18743  299.70061  303.31816  292.44330  295.86770  299.39278  288.78451  292.12328  295.55917  299.68865  303.29938  307.01856  295.85605  299.37448  302.99745  292.11192  295.54134  299.07158
 292.45041  295.87499  299.40023  288.78680  292.12563  295.56157  285.20613  288.46220  291.81201  295.86334  299.38194  303.00509  292.11427  295.54375  299.07404  288.45112  291.79464  295.23541  299.37010  302.98639  306.71130  295.53221  299.05583  302.68414  291.78339  295.21766  298.75289
 292.12129  295.55093  299.08140  288.45334  291.79690  295.23774  284.86885  288.12937  291.48375  295.53940  299.06319  302.69168  291.78566  295.21999  298.75526  288.11840  291.46645  294.91188  299.05148  302.67308  306.40344  295.20858  298.73714  302.37054  291.45533  294.89422  298.43418
 291.79259  295.22708  298.76253  288.12055  291.46864  294.91412  284.53249  287.79724  291.15597  295.21567  298.74441  302.37798  291.45752  294.89646  298.43648  287.78640  291.13875  294.58860  298.73281  302.35946  306.09503  294.88517  298.41844  302.05668  291.12774  294.57103  298.11550
 291.46436  294.90347  298.44365  287.78847  291.14087  294.59077  284.19708  287.46586  290.82871  294.89217  298.42561  302.06403  291.12986  294.57320  298.11772  287.45512  290.81158  294.26562  298.41414  302.04559  305.78610  294.56202  298.09976  301.74259  290.80068  294.24812  297.79687
 291.13661  294.58011  298.12480  287.45712  290.81362  294.26771  283.86263  287.13524  290.50200  294.56893  298.10684  301.74985  290.80272  294.25022  297.79901  287.12462  290.48495  293.94297  298.09548  301.73149  305.47669  294.23915  297.78113  301.42832  290.47417  293.92555  297.47834
 290.80939  294.25704  297.80601  287.12654  290.48692  293.94499  283.52919  286.80541  290.17588  294.24598  297.78813  301.43548  290.47614  293.92757  297.48040  286.79490  290.15890  293.62068  297.77689  301.41720  305.16682  293.91662  297.46260  301.11388  290.14823  293.60333  297.15992
 290.48271  293.93431  297.48730  286.79676  290.16081  293.62263  283.19678  286.47642  289.85037  293.92336  297.46950  301.12095  290.15013  293.60528  297.16191  286.46602  289.83347  293.29877  297.45837  301.10276  304.85654  293.59444  297.14420  300.79933  289.82291  293.28151  296.84166
 290.15663  293.61193  297.16872  286.46780  289.83530  293.30064  282.86543  286.14828  289.52550  293.60109  297.15100  300.80631  289.82473  293.28338  296.84358  286.13798  289.50869  292.97729  297.13998  300.78818  304.54588  293.27264  296.82593  300.48467  289.49822  292.96009  296.52359
 289.83114  293.28994  296.85030  286.13970  289.51045  292.97909  282.53517  285.82104  289.20132  293.27920  296.83265  300.49156  289.49998  292.96190  296.52543  285.81084  289.18457  292.65626  296.82175  300.47351  304.23486  292.95127  296.50786  300.16997  289.17422  292.63914  296.20574
 289.50631  292.96837  296.53207  285.81248  289.18625  292.65799  282.20602  285.49469  288.87784  292.95775  296.51449  300.17677  289.17590  292.64087  296.20750  285.48461  288.86116  292.33571  296.50370  300.15879  303.92353  292.63035  296.19000  299.85524  288.85091  292.31866  295.88813
 289.18215  292.64726  296.21405  285.48619  288.86277  292.33737  281.87802  285.16930  288.55509  292.63674  296.19655  299.86195  288.85253  292.32032  295.88983  285.15932  288.53848  292.01568  296.18586  299.84404  303.61192  292.30990  295.87240  299.54051  288.52833  291.99870  295.57081
 288.85869  292.32663  295.89630  285.16084  288.54004  292.01727  281.55119  284.84489  288.23311  292.31622  295.87887  299.54714  288.52989  292.00029  295.57245  284.83500  288.21657  291.69620  295.86828  299.52931  303.30007  291.98998  295.55508  299.22584  288.20652  291.67929  295.25381
 288.53597  292.00652  295.57883  284.83645  288.21806  291.69772  281.22556  284.52147  287.91193  291.99621  295.56146  299.23238  288.20801  291.68081  295.25537  284.51168  287.89545  291.37729  295.55098  299.21461  302.98801  291.67060  295.23808  298.91123  287.88551  291.36044  294.93716
 288.21402  291.68696  295.26168  284.51308  287.89688  291.37875  280.90117  284.19910  287.59158  291.67675  295.24439  298.91770  287.88694  291.36191  294.93866  284.18941  287.57517  291.05900  295.23400  298.90000  302.67578  291.35180  294.92143  298.59675  287.56532  291.04222  294.62090
 287.89286  291.36798  294.94488  284.19074  287.57653  291.06039  280.57803  283.87778  287.27208  291.35787  294.92765  298.60312  287.56668  291.04361  294.62233  283.86819  287.25573  290.74134  294.91737  298.58549  302.36340  291.03360  294.60516  298.28240  287.24598  290.72462  294.30504
 287.57253  291.04961  294.62847  283.86946  287.25703  290.74268  280.25618  283.55756  286.95347  291.03960  294.61130  298.28870  287.24728  290.72596  294.30641  283.54806  286.93718  290.42436  294.60112  298.27113  302.05092  290.71604  294.28930  297.96822  286.92753  290.40771  293.98963
 287.25306  290.73188  294.31247  283.54927  286.93843  290.42563  279.93564  283.23846  286.63578  290.72196  294.29537  297.97444  286.92877  290.40898  293.99093  283.22905  286.61956  290.10808  294.28529  297.95694  301.73836  290.39916  293.97389  297.65427  286.61000  290.09148  293.67470
 286.93447  290.41482  293.99692  283.23020  286.62074  290.10929  279.61644  282.92051  286.31903  290.40500  293.97987  297.66040  286.61117  290.09269  293.67594  282.91119  286.30287  289.79254        nan        nan        nan        nan        nan        nan        nan        nan        nan
