       nan        nan        nan        nan        nan        nan        nan        nan        nan  330.80033        nan        nan        nan        nan        nan        nan        nan        nan  330.83258  331.30422        nan        nan        nan        nan        nan        nan        nan
 330.76525        nan        nan  330.35082        nan        nan        nan        nan        nan  330.79749  331.26904        nan  330.38298  330.85334        nan        nan        nan        nan  330.86205  331.33785  331.73115  330.44738  330.92198  331.31429        nan        nan        nan
 330.72727  331.19861        nan  330.30725  330.77739        nan  329.96089  330.43004        nan  330.79180  331.26739  331.66053  330.37162  330.84600  331.23814  330.02512  330.49850  330.88982  330.88874  331.37071  331.77485  330.46831  330.94906  331.35217  330.12161  330.60135  331.00361
 330.68626  331.16155  331.55443  330.25783  330.73189  331.12376  329.89698  330.37000  330.76101  330.78314  331.26481  331.66869  330.35446  330.83488  331.23771  329.99340  330.47277  330.87472  330.91255  331.40275  331.82079  330.48354  330.97246  331.38943  330.12220  330.61005  331.02610
 330.64209  331.12335  331.52689  330.20244  330.68242  331.08488  329.82332  330.30219  330.70373  330.77140  331.26117  331.67886  330.33140  330.81987  331.23645  329.95198  330.43933  330.85495  330.93342  331.43384  331.86852  330.49299  330.99208  331.42560  330.11320  330.61114  331.04366
 330.59459  331.08384  331.50109  330.14100  330.62891  331.04501  329.74045  330.22717  330.64226  330.75644  331.25633  331.69054  330.30241  330.80092  331.23393  329.90146  330.39876  330.83073  330.95122  331.46383  331.91749  330.49665  331.00785  331.46026  330.09523  330.60520  331.05650
 330.54361  331.04285  331.47650  330.07351  330.57133  331.00375  329.64898  330.14552  330.57682  330.73813  331.25008  331.70316  330.26748  330.77798  331.22976  329.84245  330.35163  330.80225  330.96580  331.49249  331.96715  330.49450  331.01970  331.49300  330.06889  330.59273  331.06481
 330.48901  331.00019  331.45258  330.00004  330.50971  330.96075  329.54945  330.05773  330.50754  330.71633  331.24223  331.71617  330.22669  330.75103  331.22357  329.77548  330.29840  330.76964  330.97704  331.51962  332.01699  330.48663  331.02759  331.52349  330.03471  330.57420  331.06873
 330.43068  330.95567  331.42879  329.92067  330.44404  330.91570  329.44239  329.96425  330.43454  330.69094  331.23257  331.72908  330.18012  330.72009  331.21506  329.70110  330.23950  330.73303  330.98485  331.54496  332.06650  330.47313  331.03151  331.55143  329.99325  330.55001  331.06842
 330.36851  330.90909  331.40463  329.83556  330.37440  330.86833  329.32828  329.86546  330.35787  330.66185  331.22087  331.74139  330.12795  330.68517  331.20400  329.61977  330.17527  330.69251  330.98909  331.56830  332.11521  330.45413  331.03147  331.57661  329.94495  330.52050  331.06396
 330.30247  330.86028  331.37966  329.74488  330.30081  330.81844  329.20755  329.76166  330.27759  330.62900  331.20695  331.75266  330.07031  330.64630  331.19017  329.53191  330.10602  330.64812  330.98967  331.58939  332.16272  330.42976  331.02746  331.59884  329.89019  330.48593  331.05545
 330.23251  330.80907  331.35347  329.64882  330.22334  330.76582  329.08055  329.65309  330.19370  330.59232  331.19060  331.76254  330.00735  330.60352  331.17344  329.43785  330.03196  330.59991  330.98654  331.60806  332.20867  330.40019  331.01950  331.61798  329.82933  330.44650  331.04291
 330.15857  330.75528  331.32572  329.54751  330.14201  330.71034  328.94763  329.53997  330.10623  330.55176  331.17164  331.77067  329.93925  330.55683  331.15364  329.33795  329.95328  330.54791  330.97964  331.62409  332.25274  330.36554  331.00760  331.63391  329.76268  330.40241  331.02643
 330.08066  330.69878  331.29609  329.44114  330.05686  330.65186  328.80910  329.42245  330.01516  330.50732  331.14993  331.77679  329.86614  330.50627  331.13068  329.23247  329.87013  330.49214  330.96891  331.63735  332.29465  330.32594  330.99178  331.64653  329.69050  330.35378  331.00600
 329.99879  330.63943  331.26434  329.32987  329.96791  330.59029  328.66520  329.30066  329.92053  330.45896  331.12533  331.78061  329.78818  330.45185  331.10446  329.12165  329.78264  330.43261  330.95431  331.64766  332.33417  330.28152  330.97205  331.65576  329.61300  330.30073  330.98168
 329.91296  330.57714  331.23024  329.21384  329.87520  330.52553  328.51616  329.17472  329.82229  330.40668  331.09773  331.78197  329.70546  330.39358  331.07491  329.00571  329.69090  330.36933  330.93586  331.65493  332.37111  330.23240  330.94841  331.66154  329.53040  330.24337  330.95346
 329.82317  330.51178  331.19360  329.09317  329.77873  330.45752  328.36218  329.04470  329.72047  330.35048  331.06701  331.78065  329.61815  330.33150  331.04197  328.88483  329.59500  330.30230  330.91350  331.65903  332.40528  330.17867  330.92089  331.66382  329.44285  330.18176  330.92137
 329.72945  330.44328  331.15423  328.96799  329.67853  330.38619  328.20345  328.91068  329.61504  330.29035  331.03307  331.77651  329.52630  330.26559  331.00558  328.75916  329.49501  330.23154  330.88723  331.65986  332.43652  330.12043  330.88947  331.66253  329.35052  330.11597  330.88542
 329.63182  330.37157  331.11204  328.83841  329.57461  330.31150  328.04010  328.77272  329.50603  330.22632  330.99585  331.76941  329.43005  330.19587  330.96569  328.62887  329.39097  330.15704  330.85706  331.65735  332.46473  330.05775  330.85418  331.65764  329.25351  330.04606  330.84561
 329.53029  330.29658  331.06687  328.70451  329.46696  330.23338  327.87229  328.63088  329.39341  330.15837  330.95529  331.75925  329.32944  330.12236  330.92227  328.49406  329.28296  330.07880  330.82297  331.65143  332.48978  329.99070  330.81500  331.64912  329.15197  329.97207  330.80194
 329.42488  330.21826  331.01864  328.56639  329.35563  330.15183  327.70014  328.48521  329.27720  330.08653  330.91130  331.74591  329.22459  330.04506  330.87529  328.35486  329.17099  329.99683  330.78496  331.64203  332.51158  329.91937  330.77196  331.63694  329.04597  329.89405  330.75444
 329.31563  330.13655  330.96725  328.42413  329.24061  330.06680  327.52374  328.33575  329.15740  330.01080  330.86386  331.72932  329.11554  329.96397  330.82473  328.21136  329.05513  329.91115  330.74303  331.62910  332.53002  329.84380  330.72505  331.62106  328.93562  329.81202  330.70309
 329.20254  330.05142  330.91264  328.27780  329.12191  329.97827  327.34321  328.18253  329.03400  329.93119  330.81291  331.70939  329.00235  329.87911  330.77053  328.06365  328.93540  329.82173  330.69719  331.61259  332.54507  329.76404  330.67428  331.60148  328.82099  329.72602  330.64791
 329.08564  329.96285  330.85472  328.12745  328.99955  329.88622  327.15863  328.02557  328.90700  329.84772  330.75842  331.68610  328.88510  329.79048  330.71273  327.91180  328.81182  329.72860  330.64745  331.59247  332.55665  329.68015  330.61965  331.57817  328.70215  329.63607  330.58889
 328.96496  329.87078  330.79348  327.97315  328.87351  329.79063  326.97009  327.86494  328.77644  329.76040  330.70036  331.65934  328.76380  329.69808  330.65125  327.75590  328.68445  329.63176  330.59379  331.56871  332.56468  329.59215  330.56116  331.55109  328.57918  329.54223  330.52605
 328.84050  329.77521  330.72883  327.81496  328.74384  329.69150  326.77763  327.70064  328.64228  329.66924  330.63870  331.62909  328.63853  329.60194  330.58611  327.59600  328.55329  329.53120  330.53624  331.54126  332.56914  329.50012  330.49884  331.52025  328.45211  329.44448  330.45938
 328.71229  329.67612  330.66074  327.65292  328.61054  329.58880  326.58135  327.53271  328.50455  329.57425  330.57343  331.59530  328.50933  329.50205  330.51730  327.43217  328.41837  329.42695  330.47479  331.51011  332.56997  329.40405  330.43266  331.48564  328.32102  329.34287  330.38890
 328.58035  329.57349  330.58919  327.48708  328.47362  329.48254  326.38130  327.36117  328.36326  329.47546  330.50451  331.55795  328.37624  329.39843  330.44481  327.26445  328.27972  329.31900  330.40946  331.47524  332.56715  329.30401  330.36266  331.44724  328.18594  329.23740  330.31460
 328.44470  329.46732  330.51414  327.31748  328.33308  329.37270  326.17754  327.18606  328.21842  329.37287  330.43195  331.51700  328.23928  329.29108  330.36863  327.09291  328.13737  329.20737  330.34026  331.43663  332.56063  329.20001  330.28882  331.40504  328.04694  329.12812  330.23649
 328.30536  329.35759  330.43557  327.14416  328.18894  329.25928  325.97012  327.00740  328.07003  329.26649  330.35573  331.47240  328.09849  329.18001  330.28873  326.91760  327.99133  329.09205  330.26718  331.39426  332.55039  329.09208  330.21114  331.35902  327.90404  329.01502  330.15459
 328.16235  329.24429  330.35345  326.96718  328.04124  329.14229  325.75909  326.82521  327.91810  329.15633  330.27583  331.42416  327.95392  329.06524  330.20516  326.73854  327.84163  328.97306  330.19024  331.34812  332.53640  328.98028  330.12967  331.30921  327.75729  328.89814  330.06888
 328.01569  329.12742  330.26777  326.78654  327.88995  329.02172  325.54449  326.63952  327.76266  329.04243  330.19225  331.37224  327.80559  328.94677  330.11786  326.55580  327.68828  328.85041  330.10944  331.29818  332.51863  328.86458  330.04436  331.25557  327.60672  328.77747  329.97938
 327.86539  329.00699  330.17851  326.60230  327.73510  328.89757  325.32639  326.45035  327.60370  328.92477  330.10498  331.31664  327.65352  328.82461  330.02687  326.36940  327.53131  328.72411  330.02480  331.24447  332.49707  328.74505  329.95526  331.19811  327.45238  328.65307  329.88611
 327.71148  328.88298  330.08566  326.41448  327.57671  328.76985  325.10480  326.25770  327.44123  328.80339  330.01403  331.25733  327.49776  328.69878  329.93217  326.17938  327.37074  328.59416  329.93633  331.18695  332.47171  328.62170  329.86236  331.13684  327.29427  328.52491  329.78906
 327.55397  328.75540  329.98922  326.22313  327.41480  328.63856  324.87978  326.06165  327.27529  328.67829  329.91938  331.19430  327.33832  328.56929  329.83377  325.98579  327.20659  328.46059  329.84401  331.12562  332.44250  328.49454  329.76566  331.07173  327.13246  328.39305  329.68824
 327.39288  328.62426  329.88917  326.02825  327.24937  328.50370  324.65136  325.86217  327.10586  328.54948  329.82104  331.12754  327.17522  328.43614  329.73167  325.78864  327.03888  328.32339  329.74789  331.06050  332.40947  328.36360  329.66519  331.00280  326.96696  328.25748  329.58366
 327.22823  328.48955  329.78551  325.82989  327.08044  328.36528  324.41959  325.65931  326.93299  328.41700  329.71901  331.05705  327.00851  328.29936  329.62588  325.58800  326.86764  328.18259  329.64797  330.99156  332.37259  328.22892  329.56095  330.93004  326.79782  328.11823  329.47534
 327.06003  328.35129  329.67823  325.62809  326.90804  328.22332  324.18449  325.45309  326.75666  328.28083  329.61328  330.98281  326.83820  328.15894  329.51639  325.38387  326.69286  328.03818  329.54423  330.91880  332.33184  328.09050  329.45294  330.85347  326.62503  327.97530  329.36327
 326.88833  328.20947  329.56734  325.42286  326.73216  328.07780  323.94610  325.24352  326.57691  328.14102  329.50388  330.90483  326.66431  328.01491  329.40321  325.17630  326.51459  327.89019  329.43673  330.84224  332.28723  327.94837  329.34118  330.77306  326.44866  327.82873  329.24746
 326.71311  328.06411  329.45282  325.21423  326.55284  327.92876  323.70446  325.03065  326.39375  327.99755  329.39078  330.82309  326.48689  327.86729  329.28635  324.96531  326.33285  327.73863  329.32544  330.76185  332.23872  327.80255  329.22568  330.68884  326.26871  327.67853  329.12793
 326.53442  327.91522  329.33470  325.00224  326.37008  327.77618  323.45962  324.81448  326.20718  327.85047  329.27402  330.73760  326.30593  327.71607  329.16581  324.75094  326.14764  327.58351  329.21039  330.67767  332.18636  327.65305  329.10644  330.60080  326.08522  327.52471  329.00471
 326.35226  327.76280  329.21295  324.78690  326.18391  327.62009  323.21158  324.59504  326.01723  327.69976  329.15357  330.64836  326.12147  327.56128  329.04161  324.53321  325.95900  327.42485  329.09159  330.58967  332.13009  327.49990  328.98349  330.50895  325.89822  327.36729  328.87777
 326.16665  327.60686  329.08760  324.56824  325.99434  327.46050  322.96037  324.37235  325.82393  327.54546  329.02946  330.55535  325.93354  327.40294  328.91374  324.31215  325.76693  327.26264  328.96904  330.49785  332.06993  327.34312  328.85681  330.41329  325.70771  327.20629  328.74714
 325.97762  327.44742  328.95863  324.34630  325.80139  327.29742  322.70606  324.14643  325.62727  327.38758  328.90169  330.45859  325.74216  327.24105  328.78223  324.08780  325.57147  327.09693  328.84277  330.40224  332.00589  327.18272  328.72645  330.31384  325.51374  327.04172  328.61284
 325.78518  327.28447  328.82607  324.12110  325.60508  327.13086  322.44865  323.91732  325.42728  327.22613  328.77027  330.35808  325.54734  327.07564  328.64708  323.86017  325.37264  326.92772  328.71279  330.30283  331.93794  327.01874  328.59240  330.21058  325.31634  326.87361  328.47486
 325.58936  327.11805  328.68990  323.89266  325.40543  326.96082  322.18818  323.68503  325.22399  327.06115  328.63521  330.25381  325.34911  326.90671  328.50828  323.62931  325.17044  326.75501  328.57910  330.19963  331.86610  326.85118  328.45467  330.10353  325.11550  326.70197  328.33324
 325.39018  326.94817  328.55015  323.66102  325.20245  326.78733  321.92470  323.44960  325.01739  326.89262  328.49652  330.14581  325.14750  326.73428  328.36587  323.39524  324.96492  326.57884  328.44172  330.09265  331.79037  326.68007  328.31329  329.99271  324.91129  326.52683  328.18797
 325.18764  326.77482  328.40682  323.42619  324.99617  326.61041  321.65821  323.21103  324.80754  326.72059  328.35421  330.03405  324.94253  326.55838  328.21985  323.15798  324.75609  326.39922  328.30067  329.98188  331.71074  326.50542  328.16824  329.87811  324.70371  326.34819  328.03909
 324.98179  326.59803  328.25991  323.18820  324.78661  326.43005  321.38875  322.96936  324.59442  326.54506  328.20829  329.91857  324.73422  326.37901  328.07023  322.91756  324.54395  326.21616  328.15596  329.86735  331.62723  326.32726  328.01957  329.75974  324.49278  326.16607  327.88658
 324.77263  326.41781  328.10943  322.94708  324.57376  326.24628  321.11635  322.72461  324.37807  326.36604  328.05877  329.79935  324.52258  326.19619  327.91701  322.67401  324.32855  326.02968  328.00759  329.74904  331.53981  326.14560  327.86727  329.63761  324.27854  325.98051  327.73047
 324.56018  326.23418  327.95541  322.70285  324.35769  326.05912  320.84105  322.47680  324.15850  326.18357  327.90565  329.67641  324.30767  326.00994  327.76023  322.42735  324.10989  325.83978  327.85559  329.62697  331.44852  325.96046  327.71137  329.51175  324.06099  325.79149  327.57078
 324.34448  326.04715  327.79783  322.45555  324.13839  325.86858  320.56287  322.22596  323.93574  325.99765  327.74896  329.54976  324.08947  325.82028  327.59989  322.17762  323.88801  325.64652  327.69998  329.50117  331.35334  325.77188  327.55188  329.38214  323.84018  325.59908  327.40752
 324.12553  325.85673  327.63674  322.20519  323.91588  325.67469  320.28183  321.97211  323.70981  325.80832  327.58872  329.41939  323.86804  325.62724  327.43599  321.92484  323.66294  325.44987  327.54077  329.37163  331.25429  325.57987  327.38881  329.24881  323.61613  325.40326  327.24071
 323.90337  325.66295  327.47210  321.95180  323.69019  325.47743  319.99799  321.71528  323.48072  325.61557  327.42491  329.28532  323.64338  325.43080  327.26856  321.66904  323.43467  325.24989  327.37797  329.23836  331.15136  325.38444  327.22218  329.11175  323.38887  325.20407  327.07035
 323.67801  325.46582  327.30397  321.69542  323.46134  325.27685  319.71135  321.45549  323.24850  325.41944  327.25758  329.14756  323.41553  325.23103  327.09762  321.41025  323.20325  325.04656  327.21159  329.10137  331.04457  325.18561  327.05200  328.97100  323.15840  325.00152  326.89646
 323.44948  325.26537  327.13235  321.43606  323.22935  325.07296  319.42196  321.19278  323.01317  325.21994  327.08672  329.00613  323.18448  325.02791  326.92316  321.14848  322.96869  324.83993  327.04167  328.96069  330.93393  324.98342  326.87829  328.82655  322.92476  324.79563  326.71907
 323.21779  325.06159  326.95724  321.17374  322.99423  324.86578  319.12983  320.92716  322.77476  325.01709  326.91236  328.86103  322.95030  324.82147  326.74522  320.88379  322.73102  324.63001  326.86820  328.81631  330.81942  324.77787  326.70107  328.67842  322.68798  324.58644  326.53819
 322.98297  324.85452  326.77866  320.90852  322.75603  324.65532  318.83501  320.65866  322.53327  324.81091  326.73451  328.71226  322.71298  324.61174  326.56380  320.61617  322.49026  324.41681  326.69121  328.66825  330.70108  324.56900  326.52036  328.52663  322.44808  324.37395  326.35384
 322.74505  324.64418  326.59663  320.64038  322.51475  324.44160  318.53751  320.38730  322.28874  324.60144  326.55319  328.55986  322.47257  324.39873  326.37893  320.34568  322.24643  324.20037  326.51072  328.51652  330.57891  324.35682  326.33616  328.37119  322.20508  324.15817  326.16604
 322.50404  324.43057  326.41116  320.36939  322.27043  324.22466  318.23738  320.11313  322.04119  324.38866  326.36839  328.40382  322.22908  324.18246  326.19062  320.07232  321.99956  323.98069  326.32674  328.36114  330.45290  324.14136  326.14852  328.21210  321.95902  323.93915  325.97478
 322.25998  324.21373  326.22229  320.09555  322.02307  324.00449  317.93463  319.83614  321.79065  324.17263  326.18017  328.24415  321.98253  323.96295  325.99888  319.79614  321.74967  323.75780  326.13930  328.20212  330.32309  323.92264  325.95742  328.04939  321.70991  323.71690  325.78012
 322.01287  323.99367  326.02998  319.81890  321.77272  323.78113  317.62930  319.55637  321.53712  323.95335  325.98851  328.08088  321.73295  323.74023  325.80374  319.51715  321.49679  323.53171  325.94841  328.03947  330.18947  323.70067  325.76290  327.88306  321.45778  323.49144  325.58204
 321.76275  323.77040  325.83431  319.53945  321.51937  323.55459  317.32142  319.27386  321.28066  323.73084  325.79346  327.91402  321.48036  323.51431  325.60521  319.23539  321.24095  323.30247  325.75408  327.87321  330.05205  323.47548  325.56497  327.71315  321.20267  323.26280  325.38060
 321.50964  323.54397  325.63525  319.25725  321.26308  323.32489  317.01101  318.98863  321.02125  323.50513  325.59500  327.74358  321.22480  323.28521  325.40331  318.95088  320.98214  323.07007  325.55635  327.70335  329.91086  323.24710  325.36366  327.53965  320.94457  323.03098  325.17578
 321.25358  323.31437  325.43285  318.97232  321.00385  323.09206  316.69813  318.70070  320.75896  323.27625  325.39319  327.56958  320.96627  323.05297  325.19806  318.66366  320.72043  322.83456  325.35522  327.52992  329.76589  323.01554  325.15898  327.36259  320.68354  322.79604  324.96763
 320.99457  323.08164  325.22711  318.68468  320.74172  322.85613  316.38276  318.41010  320.49378  323.04420  325.18802  327.39202  320.70483  322.81760  324.98949  318.37374  320.45582  322.59593  325.15072  327.35292  329.61717  322.78085  324.95095  327.18198  320.41960  322.55796  324.75614
 320.73265  322.84579  325.01806  318.39436  320.47670  322.61710  316.06498  318.11687  320.22575  322.80903  324.97951  327.21094  320.44047  322.57912  324.77759  318.08117  320.18834  322.35423  324.94287  327.17238  329.46471  322.54302  324.73960  326.99785  320.15277  322.31681  324.54137
 320.46783  322.60684  324.80570  318.10138  320.20882  322.37499  315.74478  317.82100  319.95488  322.57073  324.76770  327.02634  320.17324  322.33756  324.56241  317.78596  319.91801  322.10948  324.73168  326.98830  329.30851  322.30208  324.52494  326.81020  319.88307  322.07257  324.32330
 320.20015  322.36484  324.59007  317.80579  319.93812  322.12986  315.42222  317.52257  319.68123  322.32935  324.55259  326.83824  319.90316  322.09294  324.34396  317.48815  319.64488  321.86169  324.51719  326.80071  329.14859  322.05808  324.30700  326.61906  319.61054  321.82530  324.10198
 319.92964  322.11978  324.37117  317.50760  319.66460  321.88168  315.09731  317.22158  319.40479  322.08491  324.33421  326.64666  319.63026  321.84529  324.12225  317.18776  319.36895  321.61089  324.29941  326.60963  328.98498  321.81101  324.08579  326.42445  319.33520  321.57499  323.87742
 319.65631  321.87170  324.14904  317.20685  319.38830  321.63052  314.77009  316.91805  319.12559  321.83742  324.11257  326.45161  319.35455  321.59462  323.89732  316.88481  319.09025  321.35710  324.07835  326.41507  328.81767  321.56092  323.86135  326.22637  319.05708  321.32169  323.64963
 319.38019  321.62061  323.92370  316.90356  319.10925  321.37638  314.44059  316.61202  318.84368  321.58692  323.88771  326.25312  319.07608  321.34096  323.66918  316.57936  318.80882  321.10036  323.85405  326.21705  328.64669  321.30783  323.63368  326.02486  318.77620  321.06542  323.41865
 319.10131  321.36655  323.69514  316.59775  318.82747  321.11928  314.10885  316.30352  318.55906  321.33341  323.65964  326.05120  318.79485  321.08434  323.43785  316.27141  318.52467  320.84067  323.62653  326.01559  328.47207  321.05175  323.40281  325.81993  318.49260  320.80619  323.18451
 318.81969  321.10954  323.46342  316.28947  318.54298  320.85926  313.77487  315.99257  318.27177  321.07695  323.42838  325.84588  318.51091  320.82477  323.20336  315.96101  318.23784  320.57809  323.39581  325.81072  328.29380  320.79272  323.16878  325.61160  318.20630  320.54406  322.94722
 318.53537  320.84959  323.22855  315.97874  318.25582  320.59633  313.43871  315.67920  317.98183  320.81754  323.19396  325.63716  318.22428  320.56230  322.96573  315.64817  317.94835  320.31260  323.16190  325.60245  328.11191  320.53076  322.93158  325.39989  317.91733  320.27901  322.70679
 318.24837  320.58675  322.99055  315.66558  317.96601  320.33053  313.10039  315.36346  317.68929  320.55520  322.95639  325.42508  317.93498  320.29693  322.72498  315.33294  317.65624  320.04427  322.92484  325.39079  327.92642  320.26590  322.69126  325.18482  317.62571  320.01110  322.46326
 317.95871  320.32101  322.74943  315.35003  317.67359  320.06188  312.75995  315.04535  317.39414  320.28997  322.71570  325.20965  317.64306  320.02871  322.48114  315.01533  317.36152  319.77309  322.68464  325.17577  327.73734  319.99817  322.44783  324.96643  317.33149  319.74035  322.21667
 317.66643  320.05243  322.50523  315.03211  317.37856  319.79039  312.41739  314.72491  317.09643  320.02188  322.47191  324.99089  317.34853  319.75764  322.23423  314.69537  317.06422  319.49911  322.44135  324.95743  327.54470  319.72758  322.20133  324.74472  317.03467  319.46676  321.96700
 317.37155  319.78101  322.25797  314.71187  317.08097  319.51611  312.07279  314.40217  316.79619  319.75095  322.22506  324.76883  317.05141  319.48376  321.98427  314.37311  316.76439  319.22234  322.19496  324.73576  327.34850  319.45417  321.95176  324.51972  316.73530  319.19040  321.71432
 317.07410  319.50680  322.00767  314.38931  316.78083  319.23905  311.72614  314.07717  316.49344  319.47721  321.97516  324.54349  316.75174  319.20709  321.73128  314.04857  316.46204  318.94282  321.94552  324.51081  327.14879  319.17796  321.69916  324.29144  316.43340  318.91126  321.45863
 316.77410  319.22980  321.75435  314.06449  316.47820  318.95924  311.37749  313.74992  316.18820  319.20067  321.72223  324.31488  316.44956  318.92767  321.47530  313.72177  316.15718  318.66057  321.69303  324.28258  326.94555  318.89898  321.44356  324.05993  316.12899  318.62938  321.19995
 316.47159  318.95006  321.49805  313.73741  316.17307  318.67671  311.02686  313.42046  315.88052  318.92136  321.46630  324.08304  316.14487  318.64552  321.21635  313.39275  315.84988  318.37562  321.43755  324.05111  326.73883  318.61727  321.18498  323.82518  315.82212  318.34481  320.93833
 316.16659  318.66759  321.23877  313.40811  315.86549  318.39148  310.67429  313.08882  315.57042  318.63933  321.20741  323.84797  315.83773  318.36066  320.95444  313.06154  315.54015  318.08799  321.17908  323.81641  326.52866  318.33283  320.92344  323.58724  315.51281  318.05754  320.67378
 315.85915  318.38242  320.97656  313.07664  315.55548  318.10357  310.31982  312.75503  315.25792  318.35459  320.94556  323.60972  315.52814  318.07312  320.68962  312.72817  315.22801  317.79772  320.91764  323.57851  326.31503  318.04571  320.65897  323.34612  315.20108  317.76762  320.40633
 315.54926  318.09458  320.71144  312.74302  315.24309  317.81304  309.96347  312.41912  314.94306  318.06716  320.68078  323.36830  315.21616  317.78294  320.42191  312.39267  314.91350  317.50482  320.65328  323.33744  326.09797  317.75594  320.39161  323.10186  314.88698  317.47507  320.13600
 315.23699  317.80411  320.44343  312.40726  314.92832  317.51990  309.60526  312.08112  314.62586  317.77710  320.41312  323.12374  314.90180  317.49014  320.15132  312.05508  314.59664  317.20934  320.38602  323.09322  325.87752  317.46353  320.12136  322.85446  314.57051  317.17993  319.86282
 314.92233  317.51101  320.17254  312.06942  314.61122  317.22416  309.24526  311.74108  314.30636  317.48440  320.14258  322.87604  314.58509  317.19474  319.87789  311.71542  314.27748  316.91130  320.11586  322.84586  325.65368  317.16852  319.84826  322.60396  314.25174  316.88222  319.58683
 314.60534  317.21534  319.89883  311.72951  314.29181  316.92586  308.88345  311.39899  313.98457  317.18911  319.86920  322.62526  314.26606  316.89678  319.60164  311.37371  313.95603  316.61071  319.84287  322.59541  325.42649  316.87094  319.57235  322.35039  313.93066  316.58196  319.30803
 314.28604  316.91710  319.62231  311.38757  313.97013  316.62505  308.51990  311.05491  313.66055  316.89125  319.59301  322.37141  313.94475  316.59629  319.32261  311.03001  313.63234  316.30763  319.56705  322.34188  325.19597  316.57081  319.29364  322.09377  313.60733  316.27920  319.02648
 313.96447  316.61634  319.34301  311.04364  313.64620  316.32173  308.15463  310.70887  313.33431  316.59086  319.31403  322.11452  313.62119  316.29330  319.04083  310.68433  313.30641  316.00207  319.28842  322.08529  324.96214  316.26817  319.01215  321.83412  313.28176  315.97395  318.74219
 313.64064  316.31308  319.06095  310.69773  313.32004  316.01594  307.78768  310.36090  313.00590  316.28795  319.03228  321.85460  313.29539  315.98781  318.75629  310.33671  312.97830  315.69407  319.00704  321.82569  324.72503  315.96305  318.72793  321.57148  312.95401  315.66626  318.45520
 313.31458  316.00733  318.77616  310.34988  312.99170  315.70771  307.41906  310.01101  312.67531  315.98257  318.74780  321.59170  312.96741  315.67989  318.46907  309.98718  312.64802  315.38366  318.72290  321.56308  324.48465  315.65547  318.44101  321.30587  312.62407  315.35614  318.16551
 312.98635  315.69916  318.48868  310.00013  312.66121  315.39707  307.04883  309.65926  312.34261  315.67474  318.46062  321.32583  312.63725  315.36955  318.17917  309.63576  312.31562  315.07085  318.43606  321.29751  324.24106  315.34547  318.15140  321.03732  312.29200  315.04362  317.87319
 312.65594  315.38857  318.19852  309.64851  312.32859  315.08405  306.67700  309.30567  312.00782  315.36448  318.17075  321.05703  312.30497  315.05682  317.88662  309.28251  311.98112  314.75570  318.14653  321.02899  323.99424  315.03307  317.85914  320.76586  311.95784  314.72876  317.57824
 312.32342  315.07560  317.90574  309.29504  311.99387  314.76868  306.30362  308.95028  311.67097  315.05185  317.87825  320.78532  311.97059  314.74173  317.59146  308.92744  311.64456  314.43822  317.85436  320.75757  323.74426  314.71831  317.56426  320.49150  311.62159  314.41156  317.28071
 311.98880  314.76027  317.61033  308.93977  311.65710  314.45099  305.92871  308.59310  311.33209  314.73684  317.58313  320.51072  311.63413  314.42433  317.29371  308.57058  311.30595  314.11844  317.55955  320.48325  323.49111  314.40122  317.26678  320.21429  311.28330  314.09205  316.98060
 311.65211  314.44263  317.31234  308.58271  311.31829  314.13101  305.55230  308.23419  310.99121  314.41952  317.28542  320.23327  311.29564  314.10462  316.99340  308.21198  310.96534  313.79641  317.26216  320.20607  323.23483  314.08183  316.96675  319.93425  310.94300  313.77029  316.67797
 311.31339  314.12269  317.01181  308.22391  310.97749  313.80877  305.17445  307.87357  310.64837  314.09990  316.98515  319.95300  310.95515  313.78266  316.69056  307.85167  310.62277  313.47214  316.96220  319.92607  322.97546  313.76016  316.66418  319.65142  310.60073  313.44629  316.37284
 310.97267  313.80050  316.70874  307.86340  310.63472  313.48431  304.79516  307.51126  310.30358  313.77801  316.68235  319.66994  310.61267  313.45845  316.38524  307.48966  310.27825  313.14567  316.65971  319.64326  322.71301  313.43626  316.35911  319.36581  310.25651  313.12008  316.06524
 310.62998  313.47608  316.40319  307.50121  310.29001  313.15765  304.41448  307.14731  309.95690  313.45389  316.37706  319.38410  310.26826  313.13205  316.07744  307.12601  309.93182  312.81704  316.35471  319.35769  322.44753  313.11016  316.05157  319.07746  309.91037  312.79170  315.75520
 310.28535  313.14946  316.09517  307.13738  309.94340  312.82883  304.03244  306.78176  309.60835  313.12756  316.06930  319.09554  309.92195  312.80349  315.76721  306.76074  309.58353  312.48627  316.04724  319.06937  322.17903  312.78188  315.74159  318.78641  309.56236  312.46118  315.44276
 309.93882  312.82068  315.78473  306.77192  309.59491  312.49787  303.64906  306.41462  309.25796  312.79907  315.75910  318.80426  309.57374  312.47277  315.45458  306.39388  309.23338  312.15340  315.73733  318.77834  321.90754  312.45145  315.42920  318.49267  309.21250  312.12855  315.12794
 309.59042  312.48976  315.47189  306.40488  309.24459  312.16481  303.26440  306.04593  308.90578  312.46844  315.44651  318.51032  309.22370  312.13996  315.13957  306.02547  308.88144  311.81845  315.42502  318.48464  321.63310  312.11891  315.11444  318.19629  308.86083  311.79385  314.81078
 309.24017  312.15674  315.15667  306.03629  308.89246  311.82969  302.87846  305.67573  308.55181  312.13569  315.13154  318.21372  308.87185  311.80508  314.82223  305.65554  308.52772  311.48147  315.11031  318.18829  321.35572  311.78430  314.79733  317.89728  308.50737  311.45710  314.49130
 308.88812  311.82166  314.83913  305.66619  308.53857  311.49253  302.49130  305.30405  308.19611  311.80088  314.81423  317.91452  308.51823  311.46816  314.50258  305.28413  308.17225  311.14248  314.79328  317.88932  321.07545  311.44765  314.47791  317.59570  308.15218  311.11834  314.16955
 308.53429  311.48454  314.51927  305.29461  308.18293  311.15337  302.10295  304.93092  307.83870  311.46403  314.49461  317.61273  308.16285  311.12923  314.18065  304.91126  307.81507  310.80152  314.47392  317.58776  320.79232  311.10898  314.15621  317.29156  307.79525  310.77761  313.84555
 308.17873  311.14541  314.19715  304.92158  307.82559  310.81224  301.71344  304.55638  307.47963  311.12516  314.17271  317.30839  307.80576  310.78832  313.85648  304.53698  307.45622  310.45862  314.15229  317.28365  320.50636  310.76834  313.83227  316.98491  307.43666  310.43493  313.51935
 307.82145  310.80431  313.87279  304.54713  307.46657  310.46917  301.32279  304.18045  307.11891  310.78432  313.84857  317.00154  307.44701  310.44548  313.53011  304.16130  307.09572  310.11382  313.82840  316.97701  320.21759  310.42574  313.50611  316.67576  307.07641  310.09035  313.19096
 307.46251  310.46129  313.54623  304.17130  307.10591  310.12421  300.93105  303.80318  306.75660  310.44155  313.52223  316.69221  307.08660  310.10074  313.20156  303.78428  306.73363  309.76715  313.50231  316.66790  319.92606  310.08125  313.17778  316.36416  306.71456  309.74389  312.86043
 307.10192  310.11635  313.21749  303.79412  306.74366  309.77738  300.53825  303.42461  306.39271  310.09686  313.19371  316.38042  306.72459  309.75412  312.87086  303.40595  306.36996  309.41864  313.17403  316.35632  319.63178  309.73487  312.84730  316.05014  306.35113  309.39559  312.52779
 306.73972  309.76955  312.88661  303.41563  306.37983  309.42871  300.14442  303.04475  306.02729  309.75030  312.86304  316.06620  306.36100  309.40566  312.53807  303.02633  306.00474  309.06832  312.84360  316.04232  319.33480  309.38665  312.51471  315.73373  305.98615  309.04548  312.19307
 306.37596  309.42092  312.55363  303.03586  306.01447  309.07824  299.74961  302.66365  305.66037  309.40191  312.53028  315.74962  305.99587  309.05540  312.20319  302.64546  305.63803  308.71624  312.51107  315.72594  319.03516  309.03663  312.18004  315.41497  305.61967  308.69361  311.85631
 306.01065  309.07048  312.21858  302.65484  305.64760  308.72600  299.35382  302.28134  305.29198  309.05170  312.19543  315.43067  305.62923  308.70337  311.86627  302.26337  305.26984  308.36243  312.17646  315.40719  318.73286  308.68482  311.84332  315.09387  305.25170  308.33999  311.51754
 305.64385  308.71828  311.88149  302.27261  305.27926  308.37204  298.95711  301.89785  304.92215  308.69973  311.85854  315.10940  305.26112  308.34960  311.52735  301.88011  304.90021  308.00690  311.83980  315.08613  318.42796  308.33128  311.50460  314.77050  304.88230  307.98467  311.17680
 305.27557  308.36434  311.54239  301.88920  304.90949  308.01637  298.55951  301.51322  304.55093  308.34602  311.51964  314.78586  304.89157  307.99413  311.18646  301.49570  304.52919  307.64973  311.50113  314.76278  318.12050  307.97604  311.16391  314.44488  304.51150  307.62768  310.83412
 304.90585  308.00870  311.20134  301.50465  304.53832  307.65905  298.16105  301.12748  304.17835  307.99061  311.17878  314.46007  304.52063  307.63700  310.84364  301.11018  304.15679  307.29092  311.16049  314.43718  317.81049  307.61913  310.82127  314.11704  304.13932  307.26906  310.48954
 304.53475  307.65141  310.85835  301.11900  304.16579  307.30010  297.76178  300.74067  303.80444  307.63354  310.83598  314.13206  304.14831  307.27824  310.49891  300.72359  303.78307  306.93052  310.81791  314.10937  317.49799  307.26058  310.47673  313.78702  303.76581  306.90885  310.14309
 304.16227  307.29249  310.51346  300.73227  303.79193  306.93955  297.36171  300.35283  303.42923  307.27483  310.49128  313.80188  303.77467  306.91789  310.15232  300.33595  303.40806  306.56855  310.47342  313.77937  317.18302  306.90044  310.13033  313.45486  303.39100  306.54707  309.79482
 303.78847  306.93198  310.16671  300.34450  303.41677  306.57746  296.96088  299.96398  303.05277  306.91452  310.14472  313.46956  303.39972  306.55597  309.80391  299.94731  303.03178  306.20508  310.12707  313.44723  316.86562  306.53873  309.78210  313.12059  303.01493  306.18377  309.44475
 303.41337  306.56990  309.81814  299.95572  303.04036  306.21384  296.55933  299.57416  302.67509  306.55266  309.79633  313.13513  303.02351  306.19253  309.45370  299.55769  302.65427  305.84011  309.77888  313.11298  316.54583  306.17550  309.43207  312.78425  302.63763  305.81898  309.09292
 303.03700  306.20631  309.46777  299.56598  302.66273  305.84875  296.15710  299.18342  302.29623  306.18927  309.44614  312.79862  302.64608  305.82762  309.10175  299.16715  302.27559  305.47370  309.42890  312.77665  316.22367  305.81078  309.08029  312.44587  302.25913  305.45274  308.73937
 302.65943  305.84124  309.11566  299.17530  302.28391  305.48220  295.75421  298.79177  301.91621  305.82440  309.09420  312.46009  302.26746  305.46124  308.74806  298.77570  301.89574  305.10586  309.07716  312.43829  315.89919  305.44460  308.72677  312.10549  301.87948  305.08508  308.38413
 302.28065  305.47472  308.76182  298.78373  301.90394  305.11424  295.35071  298.39926  301.53507  305.45807  308.74053  312.11956  301.88769  305.09346  308.39269  298.38338  301.51477  304.73665  308.72369  312.09793  315.57243  305.07701  308.37158  311.76315  301.49871  304.71604  308.02725
 301.90073  305.10678  308.40631  298.39129  301.52285  304.74490  294.94662  298.00592  301.15286  305.09033  308.38520  311.77707  301.50678  304.72429  308.03568  297.99023  301.13273  304.36611  308.36855  311.75562  315.24343  304.70803  308.01474  311.41889  301.11686  304.34566  307.66876
 301.51969  304.73748  308.04915  297.99802  301.14069  304.37424  294.54199  297.61181  300.76961  304.72122  308.02821  311.43266  301.12481  304.35379  307.67707  297.59630  300.74965  303.99426  308.01175  311.41137  314.91221  304.33772  307.65628  311.07274  300.73396  303.97398  307.30870
 301.13758  304.36683  307.69040  297.60397  300.75748  304.00227  294.13684  297.21692  300.38536  304.35076  307.66961  311.08637  300.74179  303.98198  307.31688  297.20159  300.36555  303.62114  307.65334  311.06524  314.57883  303.96609  307.29626  310.72475  300.35004  303.60102  306.94710
 300.75442  303.99488  307.33006  297.20915  300.37326  303.62903  293.73121  296.82132  300.00013  303.97900  307.30945  310.73823  300.35776  303.60890  306.95516  296.80617  299.98048  303.24680  307.29336  310.71726  314.24330  303.59320  306.93470  310.37494  299.96515  303.22684  306.58400
 300.37025  303.62167  306.96820  296.81361  299.98808  303.25457  293.32513  296.42503  299.61397  303.60596  306.94774  310.38827  299.97275  303.23460  306.59194  296.41007  299.59448  302.87126  306.93183  310.36747  313.90568  303.21908  306.57164  310.02336  299.57933  302.85145  306.21945
 299.98511  303.24723  306.60485  296.41739  299.60197  302.87891  292.91866  296.02810  299.22692  303.23170  306.58455  310.03656  299.58681  302.85910  306.22727  296.01331  299.20758  302.49458  306.56882  310.01591  313.56601  302.84376  306.20712  309.67004  299.19260  302.47492  305.85347
 299.59904  302.87160  306.24005  296.02052  299.21495  302.50212  292.51180  295.63055  298.83901  302.85625  306.21989  309.68311  299.19998  302.48245  305.86118  295.61593  298.81982  302.11677  306.20434  309.66261  313.22432  302.46728  305.84118  309.31504  298.80501  302.09726  305.48612
 299.21207  302.49481  305.87382  295.62304  298.82708  302.12420  292.10461  295.23243  298.45027  302.47964  305.85382  309.32796  298.81227  302.10469  305.49371  295.21798  298.43123  301.73789  305.83844  309.30762  312.88066  302.08968  305.47387  308.95838  298.41659  301.71853  305.11742
 298.82424  302.11692  305.50622  295.22498  298.43839  301.74520  291.69711  294.83377  298.06075  302.10192  305.48638  308.97118  298.42375  301.72585  305.12490  294.81948  298.04187  301.35797  305.47116  308.95098  312.53506  301.71100  305.10520  308.60011  298.02739  301.33876  304.74743
 298.43559  301.73795  305.13728  294.82637  298.04891  301.36517  291.28934  294.43461  297.67049  301.72311  305.11758  308.61277  298.03443  301.34596  304.75479  294.42048  297.65175  300.97705  305.10254  308.59271  312.18756  301.33128  304.73523  308.24026  297.63743  300.95797  304.37616
 298.04615  301.35794  304.76704  294.42726  297.65868  300.98414  290.88134  294.03498  297.27952  301.34326  304.74748  308.25279  297.64437  300.96507  304.38342  294.02100  297.26091  300.59517  304.73260  308.23288  311.83820  300.95056  304.36400  307.87887  297.24675  300.57623  304.00367
 297.65596  300.97692  304.39554  294.02769  297.26775  300.60216  290.47314  293.63491  296.88787  300.96241  304.37613  307.89128  297.25359  300.58322  304.01082  293.62109  296.86940  300.21235  304.36141  307.87151  311.48703  300.56887  303.99155  307.51599  296.85540  300.19356  303.62999
 297.26506  300.59496  304.02282  293.62768  296.87614  300.21924  290.06478  293.23445  296.49559  300.58060  304.00355  307.52827  296.86214  300.20045  303.63703  293.22079  296.47726  299.82866  303.98899  307.50864  311.13409  300.18625  303.61790  307.15165  296.46341  299.81000  303.25517
 296.87350  300.21206  303.64892  293.22728  296.48389  299.83544  289.65629  292.83363  296.10271  300.19787  303.62978  307.16382  296.47005  299.81678  303.26211  292.82013  296.08451  299.44411  303.61539  307.14433  310.77942  299.80274  303.24311  306.78591  296.07082  299.42559  302.87924
 296.48129  299.82828  303.27387  292.82651  296.09104  299.45079  289.24770  292.43249  295.70926  299.81424  303.25487  306.79795  296.07735  299.43227  302.88608  292.41913  295.69120  299.05876  303.24063  306.77859  310.42305  299.41839  302.86721  306.41879  295.67766  299.04037  302.50225
 296.08848  299.44365  302.89773  292.42543  295.69764  299.06535  288.83907  292.03107  295.31531  299.42977  302.87885  306.43071  295.68410  299.04695  302.50899  292.01786  295.29737  298.67265  302.86477  306.41149  310.06503  299.03322  302.49026  306.05034  295.28398  298.65439  302.12424
 295.69512  299.05822  302.52051  292.02407  295.30372  298.67914  288.43041  291.62939  294.92087  299.04448  302.50178  306.06214  295.29033  298.66088  302.13088  291.61633  294.90306  298.28580  302.48784  306.04305  309.70541  298.64729  302.11227  305.68061  294.88982  298.26766  301.74524
 295.30123  298.67203  302.14229  291.62244  294.90931  298.29219  288.02176  291.22751  294.52598  298.65844  302.12368  305.69229  294.89606  298.27406  301.75178  291.21459  294.50830  297.89827  302.10989  305.67332  309.34422  298.26062  301.73330  305.30962  294.49520  297.88025  301.36529
 294.90685  298.28509  301.76308  291.22061  294.51445  297.90456  287.61316  290.82545  294.13069  298.27165  301.74459  305.32118  294.50135  297.88655  301.37174  290.81268  294.11313  297.51008  301.73095  305.30234  308.98150  297.87325  301.35338  304.93742  294.10017  297.49219  300.98444
 294.51203  297.89748  301.38292  290.81861  294.11920  297.51628  287.20465  290.42326  293.73503  297.88418  301.36457  304.94887  294.10624  297.49840  300.99079  290.41062  293.71759  297.12128  301.35107  304.93017  308.61731  297.48524  300.97257  304.56407  293.70477  297.10352  300.60274
 294.11681  297.50921  301.00187  290.41647  293.72357  297.12739  286.79626  290.02096  293.33903  297.49606  300.98364  304.57540  293.71075  297.10964  300.60900  290.00846  293.32172  296.73191  300.97028  304.55682  308.25169  297.09662  300.59089  304.18959  293.30904  296.71427  300.22021
 293.72121  297.12035  300.61996  290.01422  293.32762  296.73794  286.38803  289.61862  292.94276  297.10733  300.60185  304.20082  293.31493  296.72030  300.22638  289.60625  292.92556  296.34202  300.58864  304.18235  307.88467  296.70742  300.20839  303.81404  292.91301  296.32449  299.83690
 293.32529  296.73090  300.23724  289.61192  292.93136  296.34796  285.97999  289.21623  292.54622  296.71803  300.21925  303.82516  292.91881  296.33043  299.84298  289.20400  292.52914  295.95163  300.20617  303.80681  307.51631  296.31769  299.82511  303.43744  292.51672  295.93423  299.45286
 292.92907  296.34093  299.85373  289.20959  292.53486  295.95749  285.57218  288.81386  292.14948  296.32819  299.83587  303.44846  292.52244  295.94008  299.45885  288.80176  292.13252  295.56080  299.82292  303.43022  307.14665  295.92747  299.44110  303.05986  292.12023  295.54351  299.06812
 292.53260  295.95048  299.46950  288.80727  292.13815  295.56657  285.16463  288.41155  291.75256  295.93787  299.45174  303.07076  292.12586  295.54927  299.07402  288.39957  291.73571  295.16956  299.43893  303.05265  306.77572  295.53679  299.05639  302.68133  291.72355  295.15238  298.68273
 292.13593  295.55957  299.08458  288.40500  291.74126  295.17524  284.75740  288.00932  291.35551  295.54710  299.06694  302.69213  291.72910  295.15806  298.68855  287.99747  291.33877  294.77795  299.05425  302.67413  306.40358  295.14570  298.67102  302.30188  291.32673  294.76088  298.29673
 291.73907  295.16826  298.69900  288.00282  291.34424  294.78355  284.35049  287.60722  290.95836  295.15591  298.68147  302.31259  291.33220  294.76648  298.30247  287.59549  290.94172  294.38601  298.66892  302.29471  306.03028  294.75426  298.28505  301.92159  290.92982  294.36905  297.91016
 291.34207  294.77658  298.31281  287.60076  290.94712  294.39153  283.94396  287.20528  290.56116  294.76436  298.29540  301.93218  290.93521  294.37457  297.91582  287.19368  290.54464  293.99379  298.28298  301.91440  305.65584  294.36247  297.89850  301.54046  290.53285  293.97694  297.52307
 290.94498  294.38458  297.92606  287.19887  290.54995  293.99923  283.53784  286.80355  290.16394  294.37248  297.90875  301.55096  290.53817  293.98238  297.52864  286.79206  290.14752  293.60132  297.89646  301.53330  305.28032  293.97041  297.51144  301.15858  290.13586  293.58458  297.13549
 290.54784  293.99229  297.53879  286.79718  290.15275  293.60669  283.13217  286.40204  289.76674  293.98032  297.52159  301.16897  290.14109  293.58994  297.14098  286.39068  289.75043  293.20865  297.50942  301.15141  304.90378  293.57809  297.12389  300.77595  289.73888  293.19201  296.74747
 290.15068  293.59975  297.15104  286.39572  289.75559  293.21394  282.72699  286.00083  289.36961  293.58790  297.13395  300.78625  289.74404  293.19729  296.75288  285.98958  289.35340  292.81582  297.12190  300.76880  304.52624  293.18556  296.73589  300.39264  289.34198  292.79928  296.35906
 289.75354  293.20702  296.76285  285.99455  289.35848  292.82103  282.32232  285.59992  288.97258  293.19529  296.74586  300.40285  289.34706  292.80448  296.36439  285.58879  288.95646  292.42287  296.73393  300.38550  304.14777  292.79288  296.34751  300.00869  288.94516  292.40643  295.97029
 289.35647  292.81412  296.37426  285.59369  288.96147  292.42800  281.91821  285.19937  288.57569  292.80251  296.35738  300.01881  288.95017  292.41156  295.97555  285.18836  288.55968  292.02984  296.34557  300.00156  303.76840  292.40006  295.95876  299.62415  288.54849  292.01350  295.58122
 288.95949  292.42110  295.98533  285.19318  288.56462  292.03490  281.51469  284.79922  288.17899  292.40961  295.96854  299.63417  288.55343  292.01856  295.58641  284.78831  288.16307  291.63677  295.95685  299.61702  303.38818  292.00718  295.56972  299.23906  288.15199  291.62053  295.19188
 288.56266  292.02801  295.59609  284.79307  288.16795  291.64176  281.11180  284.39949  287.78251  292.01663  295.57940  299.24898  288.15686  291.62551  295.19699  284.38870  287.76669  291.24371  295.56783  299.23193  303.00716  291.61425  295.18040  298.85345  287.75572  291.22756  294.80231
 288.16601  291.63488  295.20658  284.39338  287.77149  291.24863  280.70959  284.00024  287.38630  291.62361  295.18999  298.86329  287.76052  291.23248  294.80734  283.98956  287.37057  290.85070  295.17853  298.84634  302.62539  291.22132  294.79085  298.46740  287.35972  290.83465  294.41257
 287.76958  291.24175  294.81685  283.99417  287.37530  290.85554  280.30807  283.60149  286.99038  291.23060  294.80036  298.47714  287.36444  290.83949  294.41753  283.59091  286.97476  290.45777  294.78902  298.46029  302.24290  290.82845  294.40113  298.08092  286.96401  290.44181  294.02269
 287.37342  290.84868  294.42696  283.59546  286.97941  290.46254  279.90730  283.20330  286.59482  290.83764  294.41056  298.09058  286.96866  290.44658  294.02758  283.19283  286.57928  290.06498  294.39932  298.07382  301.85976  290.43564  294.01127  297.69408  286.56864  290.04911  293.63272
 286.97756  290.45570  294.03692  283.19731  286.58388  290.06968  279.50731  282.80568  286.19964  290.44476  294.02061  297.70365  286.57323  290.05381  293.63754  282.79531  286.18419  289.67236  294.00949  297.68699  301.47601  290.04299  293.62133  297.30692  286.17365  289.65658  293.24270
 286.58204  290.06284  293.64679  282.79973  286.18871  289.67700  279.10812  282.40869  285.80489  290.05201  293.63058  297.31640  286.17818  289.66122  293.24745  282.39843  285.78953  289.27995  293.61956  297.29983  301.09169  289.65050  293.23133  296.91948  285.77909  289.26426  292.85268
 286.18691  289.67017  293.25662  282.40279  285.79399  289.28453  278.70980  282.01237  285.41060  289.65944  293.24050  296.92888  285.78356  289.26884  292.85737  282.00221  285.39532  288.88781  293.22959  296.91240  300.70686  289.25822  292.84134  296.53181  285.38499  288.87221  292.46271
 285.79221  289.27771  292.86646  282.00650  285.39973  288.89232  278.31237  281.61675  285.01682  289.26709  292.85043  296.54113  285.38939  288.87672  292.46733  281.60669  285.00164  288.49598  292.83962  296.52474  300.32156  288.86620  292.45139  296.14396  284.99140  288.48046  292.07282
 285.39797  288.88551  292.47634  281.61092  285.00597  288.50042  277.91586  281.22187  284.62359  288.87499  292.46039  296.15320  284.99573  288.48491  292.07738  281.21191  284.60849  288.10448  292.44969  296.13689  299.93584  288.47449  292.06152  295.75597  284.59836  288.08905  291.68307
 285.00423  288.49362  292.08631  281.21608  284.61277  288.10887  277.52031  280.82778  284.23095  288.48320  292.07044  295.76513  284.60263  288.09343  291.68756  280.81791  284.21593  287.71338  292.05984  295.74891  299.54975  288.08312  291.67179  295.36790  284.20590  287.69803  291.29350
 284.61106  288.10206  291.69641  280.82203  284.22015  287.71770  277.12578  280.43451  283.83895  288.09175  291.68064  295.37697  284.21011  287.70235  291.29793  280.42473  283.82401  287.32271  291.67013  295.36083  299.16334  287.69213  291.28223  294.97979  283.81407  287.30744  290.90415
 284.21846  287.71091  291.30670  280.42879  283.82817  287.32697  276.73228  280.04210  283.44762  287.70069  291.29100  294.98878  283.81822  287.31170  290.90852  280.03241  283.43275  286.93252  291.28060  294.97273  298.77666  287.30158  290.89290  294.59168  283.42290  286.91733  290.51506
 283.82650  287.32018  290.91722  280.03642  283.43685  286.93672  276.33985  279.65058  283.05700  287.31006  290.90160  294.60060  283.42701  286.92153  290.51937  279.64099  283.04222  286.54284  290.89130  294.58462  298.38975  286.91151  290.50384  294.20362  283.03247  286.52773  290.12629
 283.43522  286.92994  290.52800  279.64494  283.04627  286.54699  275.94855  279.26002  282.66715  286.91992  290.51246  294.21246  283.03651  286.53188  290.13055  279.25053  282.65244  286.15373        nan        nan        nan        nan        nan        nan        nan        nan        nan
