       nan        nan        nan        nan        nan        nan        nan        nan        nan  491.60379        nan        nan        nan        nan        nan        nan        nan        nan  491.67112  492.70500        nan        nan        nan        nan        nan        nan        nan
 491.52520        nan        nan  490.59088        nan        nan        nan        nan        nan  491.59250  492.62605        nan  490.65793  491.68755        nan        nan        nan        nan  491.72725  492.76949  493.63913  490.79217  491.83045  492.69677        nan        nan        nan
 491.43518  492.46807        nan  490.48863  491.51754        nan  489.70929  490.73492        nan  491.56985  492.61142  493.48049  490.62278  491.66033  492.52605  489.84301  490.87727  491.74023  491.77212  492.82677  493.71766  490.82427  491.87485  492.76231  490.04386  491.09110  491.97573
 491.33348  492.37405  493.24228  490.36842  491.40490  492.26972  489.55707  490.59013  491.45208  491.53556  492.58919  493.47923  490.56970  491.61920  492.50573  489.75770  490.80371  491.68730  491.80557  492.87663  493.79487  490.83866  491.90550  492.82013  490.02576  491.08907  492.00066
 491.21971  492.27198  493.16087  490.22995  491.27799  492.16328  489.37821  490.42260  491.30481  491.48937  492.55905  493.47611  490.49853  491.56389  492.47725  489.64585  490.70751  491.61768  491.82729  492.91874  493.86982  490.83509  491.92213  492.86936  489.98124  491.06450  492.00843
 491.09354  492.16149  493.07707  490.07307  491.13658  492.04835  489.17398  490.23359  491.14201  491.43092  492.52061  493.47014  490.40905  491.49420  492.43978  489.50873  490.58990  491.53200  491.83702  492.95274  493.94143  490.81346  491.92453  492.90910  489.91165  491.01864  491.99958
 490.95456  492.04213  492.98982  489.89773  490.98062  491.92423  488.94561  490.02429  490.96422  491.35987  492.47342  493.46018  490.30130  491.41005  492.39256  489.34761  490.45205  491.43073  491.83437  492.97809  494.00855  490.77376  491.91255  492.93856  489.81823  490.95259  491.97459
 490.80244  491.91346  492.89798  489.70403  490.81008  491.79019  488.69436  489.79585  490.77191  491.27586  492.41699  493.44510  490.17534  491.31136  492.33485  489.16373  490.29505  491.31431  491.81900  492.99428  494.07013  490.71605  491.88606  492.95707  489.70220  490.86738  491.93396
 490.63688  491.77504  492.80047  489.49217  490.62501  491.64565  488.42134  489.54923  490.56539  491.17860  492.35083  493.42387  490.03137  491.19811  492.26613  488.95818  490.11981  491.18314  491.79060  493.00079  494.12506  490.64050  491.84504  492.96404  489.56465  490.76390  491.87798
 490.45763  491.62641  492.69629  489.26240  490.42548  491.49014  488.12757  489.28525  490.34496  491.06783  492.27447  493.39542  489.86963  491.07038  492.18585  488.73198  489.92715  491.03743  491.74890  492.99710  494.17239  490.54737  491.78948  492.95900  489.40657  490.64290  491.80698
 490.26454  491.46722  492.58450  489.01509  490.21165  491.32322  487.81398  489.00466  490.11075  490.94337  492.18748  493.35891  489.69047  490.92824  492.09367  488.48604  489.71772  490.87740  491.69366  492.98272  494.21124  490.43693  491.71941  492.94163  489.22883  490.50499  491.72117
 490.05746  491.29708  492.46426  488.75060  489.98361  491.14455  487.48143  488.70803  489.86294  490.80504  492.08944  493.31351  489.49419  490.77174  491.98925  488.22116  489.49206  490.70322  491.62469  492.95722  494.24083  490.30947  491.63487  492.91160  489.03221  490.35070  491.62075
 489.83630  491.11563  492.33485  488.46930  489.74150  490.95389  487.13062  488.39584  489.60157  490.65272  491.97998  493.25850  489.28117  490.60100  491.87236  487.93804  489.25063  490.51499  491.54185  492.92019  494.26047  490.16533  491.53595  492.86871  488.81735  490.18042  491.50583
 489.60103  490.92260  492.19562  488.17154  489.48539  490.75096  486.76225  488.06851  489.32676  490.48635  491.85877  493.19328  489.05170  490.41608  491.74277  487.63732  488.99381  490.31280  491.44501  492.87125  494.26955  490.00475  491.42262  492.81271  488.58486  489.99452  491.37653
 489.35168  490.71774  492.04606  487.85772  489.21544  490.53563  486.37690  487.72638  489.03853  490.30590  491.72553  493.11733  488.80612  490.21706  491.60032  487.31954  488.72190  490.09673  491.33412  492.81016  494.26761  489.82805  491.29504  492.74353  488.33526  489.79331  491.23294
 489.08822  490.50079  491.88566  487.52812  488.93167  490.30768  485.97509  487.36970  488.73692  490.11133  491.58002  493.03019  488.54470  490.00400  491.44488  486.98520  488.43519  489.86684  491.20910  492.73658  494.25416  489.63546  491.15315  492.66098  488.06899  489.57698  491.07513
 488.81071  490.27160  491.71405  487.18305  488.63422  490.06704  485.55729  486.99878  488.42201  489.90265  491.42201  492.93149  488.26773  489.77695  491.27632  486.63474  488.13386  489.62317  491.06991  492.65032  494.22884  489.42720  490.99704  492.56497  487.78645  489.34577  490.90315
 488.51920  490.02997  491.53090  486.82285  488.32313  489.81360  485.12396  486.61378  488.09382  489.67986  491.25133  492.82088  487.97546  489.53598  491.09458  486.26853  487.81814  489.36580  490.91655  492.55119  494.19132  489.20353  490.82677  492.45542  487.48802  489.09987  490.71707
 488.21374  489.77580  491.33592  486.44774  487.99849  489.54730  484.67545  486.21491  487.75239  489.44302  491.06784  492.69810  487.66813  489.28117  490.89957  485.88695  487.48821  489.09475  490.74901  492.43899  494.14134  488.96465  490.64235  492.33227  487.17401  488.83942  490.51692
 487.89440  489.50894  491.12885  486.05799  487.66038  489.26805  484.21211  485.80233  487.39776  489.19213  490.87139  492.56289  487.34595  489.01254  490.69123  485.49030  487.14419  488.81006  490.56729  492.31359  494.07863  488.71073  490.44382  492.19545  486.84469  488.56455  490.30276
 487.56126  489.22932  490.90951  485.65380  487.30881  488.97581  483.73427  485.37620  487.02998  488.92725  490.66188  492.41507  487.00911  488.73013  490.46952  485.07886  486.78625  488.51180  490.37140  492.17489  494.00299  488.44193  490.23122  492.04489  486.50033  488.27541  490.07460
 487.21441  488.93689  490.67775  485.23540  486.94389  488.67056  483.24221  484.93667  486.64911  488.64844  490.43925  492.25446  486.65779  488.43402  490.23438  484.65292  486.41452  488.20000  490.16139  492.02279  493.91430  488.15842  490.00460  491.88060  486.14120  487.97212  489.83256
 486.85391  488.63157  490.43340  484.80301  486.56570  488.35230  482.73620  484.48386  486.25517  488.35576  490.20343  492.08095  486.29221  488.12428  489.98588  484.21270  486.02911  487.87473  489.93729  491.85721  493.81235  487.86039  489.76403  491.70253  485.76747  487.65479  489.57660
 486.47985  488.31333  490.17638  484.35681  486.17430  488.02102  482.21648  484.01791  485.84826  488.04924  489.95436  491.89437  485.91251  487.80095  489.72391  483.75844  485.63014  487.53600  489.69909  491.67805  493.69703  487.54793  489.50951  491.51068  485.37937  487.32350  489.30680
 486.09232  487.98216  489.90655  483.89696  485.76974  487.67669  481.68331  483.53896  485.42840  487.72895  489.69198  491.69465  485.51882  487.46407  489.44852  483.29033  485.21773  487.18390  489.44686  491.48530  493.56824  487.22118  489.24108  491.30499  484.97707  486.97837  489.02320
 485.69139  487.63802  489.62389  483.42364  485.35211  487.31937  481.13687  483.04710  484.99568  487.39496  489.41630  491.48170  485.11132  487.11372  489.15970  482.80859  484.79199  486.81847  489.18066  491.27890  493.42589  486.88029  488.95881  491.08552  484.56078  486.61950  488.72586
 485.27715  487.28093  489.32831  482.93701  484.92148  486.94904  480.57738  482.54246  484.55013  487.04734  489.12729  491.25547  484.69014  486.74996  488.85746  482.31339  484.35301  486.43976  488.90050  491.05884  493.26990  486.52538  488.66274  490.85223  484.13063  486.24697  488.41481
 484.84974  486.91092  489.01982  482.43725  484.47792  486.56575  480.00504  482.02515  484.09185  486.68619  488.82497  491.01592  484.25543  486.37285  488.54183  481.80490  483.90091  486.04784  488.60648  490.82512  493.10023  486.15655  488.35294  490.60514  483.68679  485.86088  488.09010
 484.40919  486.52797  488.69833  481.92447  484.02152  486.16952  479.42006  481.49532  483.62091  486.31152  488.50932  490.76297  483.80730  485.98247  488.21281  481.28332  483.43581  485.64278  488.29861  490.57767  492.91682  485.77393  488.02943  490.34429  483.22945  485.46133  487.75183
 483.95560  486.13211  488.36383  481.39883  483.55235  485.76040  478.82255  480.95303  483.13735  485.92344  488.18034  490.49663  483.34589  485.57885  487.87047  480.74879  482.95776  485.22464  487.97693  490.31653  492.71960  485.37761  487.69229  490.06965  482.75868  485.04840  487.39998
 483.48910  485.72339  488.01637  480.86048  483.07048  485.33842  478.21277  480.39845  482.64131  485.52202  487.83809  490.21686  482.87131  485.16209  487.51478  480.20147  482.46693  484.79349  487.64157  490.04172  492.50858  484.96772  487.34156  489.78124  482.27472  484.62220  487.03466
 483.00973  485.30183  487.65588  480.30955  482.57604  484.90365  477.59081  479.83164  482.13280  485.10735  487.48256  489.92365  482.38373  484.73228  487.14584  479.64152  481.96338  484.34938  487.29252  489.75320  492.28371  484.54438  486.97731  489.47915  481.77762  484.18278  486.65591
 482.51765  484.86750  487.28242  479.74620  482.06907  484.45612  476.95689  479.25276  481.61194  484.67950  487.11379  489.61703  481.88323  484.28944  486.76367  479.06909  481.44721  483.89241  486.92989  489.45103  492.04501  484.10767  486.59959  489.16336  481.26756  483.73026  486.26380
 482.01289  484.42041  486.89597  479.17051  481.54964  483.99588  476.31113  478.66189  481.07880  484.23853  486.73181  489.29697  481.36991  483.83367  486.36829  478.48431  480.91854  483.42263  486.55371  489.13523  491.79244  483.65768  486.20848  488.83390  480.74466  483.26475  485.85839
 481.49559  483.96064  486.49659  478.58266  481.01789  483.52302  475.65370  478.05914  480.53347  483.78456  486.33670  488.96351  480.84395  483.36508  485.95980  477.88733  480.37747  482.94013  486.16406  488.80582  491.52603  483.19454  485.80404  488.49085  480.20904  482.78630  485.43974
 480.96585  483.48826  486.08431  477.98276  480.47390  483.03759  474.98476  477.44467  479.97605  483.31764  485.92847  488.61666  480.30540  482.88370  485.53822  477.27828  479.82410  482.44500  485.76103  488.46283  491.24577  482.71836  485.38632  488.13421  479.66085  482.29502  485.00793
 480.42373  483.00331  485.65914  477.37095  479.91776  482.53968  474.30444  476.81855  479.40662  482.83788  485.50716  488.25643  479.75443  482.38964  485.10362  476.65733  479.25853  481.93729  485.34467  488.10630  490.95167  482.22923  484.95542  487.76407  479.10019  481.79102  484.56303
 479.86936  482.50583  485.22112  476.74734  479.34953  482.02931  473.61289  476.18088  478.82526  482.34534  485.07285  487.88287  479.19113  481.88298  484.65606  476.02457  478.68087  481.41711  484.91503  487.73626  490.64375  481.72723  484.51138  487.38044  478.52718  481.27436  484.10510
 479.30283  481.99595  484.77032  476.11207  478.76934  481.50660  472.91029  475.53185  478.23211  481.84012  484.62558  487.49600  478.61560  481.36380  484.19559  475.38018  478.09124  480.88455  484.47224  487.35278  490.32204  481.21251  484.05431  486.98338  477.94201  480.74519  483.63424
 478.72426  481.47371  484.30680  475.46527  478.17730  480.97162  472.19675  474.87152  477.62722  481.32236  484.16545  487.09588  478.02802  480.83221  483.72231  474.72429  477.48975  480.33968  484.01635  486.95591  489.98657  480.68516  483.58427  486.57298  477.34473  480.20357  483.15051
 478.13375  480.93919  483.83058  474.80706  477.57348  480.42442  471.47243  474.20002  477.01071  480.79207  483.69248  486.68253  477.42841  480.28826  483.23624  474.05699  476.87647  479.78260  483.54742  486.54567  489.63735  480.14524  483.10132  486.14924  476.73548  479.64959  482.65398
 477.53138  480.39247  483.34174  474.13756  476.95800  479.86512  470.73745  473.51747  476.38267  480.24938  483.20675  486.25601  476.81696  479.73208  482.73750  473.37845  476.25155  479.21339  483.06557  486.12215  489.27447  479.59291  482.60557  485.71230  476.11440  479.08338  482.14478
 476.91728  479.83362  482.84033  473.45691  476.33096  479.29379  469.99196  472.82398  475.74321  479.69440  482.70834  485.81640  476.19376  479.16373  482.22617  472.68880  475.61507  478.63217  482.57086  485.68538  488.89789  479.02826  482.09708  485.26214  475.48160  478.50500  481.62292
 476.29155  479.26274  482.32645  472.76522  475.69245  478.71053  469.23613  472.11968  475.09246  479.12722  482.19731  485.36369  475.55893  478.58332  481.70226  471.98816  474.96716  478.03900  482.06336  485.23546  488.50772  478.45138  481.57596  484.79889  474.83720  477.91461  481.08855
 475.65431  478.67992  481.80012  472.06265  475.04259  478.11540  468.47007  471.40469  474.43046  478.54792  481.67377  484.89801  474.91259  477.99098  481.16594  471.27667  474.30795  477.43401  481.54321  484.77241  488.10398  477.86240  481.04227  484.32259  474.18135  477.31225  480.54172
 475.00565  478.08525  481.26147  471.34928  474.38150  477.50854  467.69390  470.67913  473.75738  477.95663  481.13775  484.41938  474.25486  477.38674  480.61722  470.55446  473.63749  476.81726  481.01045  484.29634  487.68672  477.26142  480.49611  483.83330  473.51413  476.69806  479.98252
 474.34571  477.47879  480.71053  470.62529  473.70925  476.88999  466.90783  469.94311  473.07331  477.35342  480.58937  483.92786  473.58586  476.77075  480.05622  469.82166  472.95596  476.18889  480.46519  483.80731  487.25600  476.64854  479.93759  483.33114  472.83570  476.07216  479.41108
 473.67458  476.86067  480.14738  469.89077  473.02600  476.25989  466.11194  469.19677  472.37834  476.73841  480.02871  483.42355  472.90570  476.14312  479.48304  469.07841  472.26347  475.54899  479.90750  483.30538  486.81186  476.02387  479.36678  482.81615  472.14615  475.43464  478.82745
 472.99237  476.23099  479.57214  469.14585  472.33183  475.61831  465.30637  468.44024  471.67261  476.11169  479.45584  482.90650  472.21448  475.50392  478.89772  468.32482  471.56010  474.89765  479.33752  482.79065  486.35440  475.38754  478.78379  482.28842  471.44565  474.78561  478.23174
 472.29920  475.58983  478.98486  468.39066  471.62686  474.96535  464.49127  467.67363  470.95619  475.47341  478.87089  482.37680  471.51237  474.85328  478.30040  467.56105  470.84600  474.23498  478.75531  482.26317  485.88367  474.73963  478.18868  481.74804  470.73426  474.12515  477.62405
 471.59521  474.93730  478.38564  467.62535  470.91121  474.30113  463.66681  466.89709  470.22926  474.82361  478.27388  481.83451  470.79944  474.19127  477.69115  466.78721  470.12128  473.56112  478.16097  481.72303  485.39971  474.08028  477.58158  481.19508  470.01218  473.45343  477.00450
 470.88047  474.27347  477.77457  466.85002  470.18498  473.62576  462.83306  466.11068  469.49187  474.16244  477.66496  481.27972  470.07585  473.51804  477.07008  466.00343  469.38602  472.87611  477.55461  481.17033  484.90262  473.40960  476.96259  480.62964  469.27946  472.77050  476.37313
 470.15513  473.59848  477.15173  466.06481  469.44829  472.93931  461.99022  465.31459  468.74417  473.49000  477.04420  480.71252  469.34171  472.83367  476.43727  465.20987  468.64040  472.18013  476.93630  480.60513  484.39245  472.72767  476.33179  480.05180  468.53627  472.07652  475.73011
 469.41930  472.91243  476.51723  465.26985  468.70127  472.24192  461.13840  464.50893  467.98629  472.80639  476.41171  480.13297  468.59711  472.13828  475.79283  464.40662  467.88451  471.47325  476.30620  480.02754  483.86929  472.03465  475.68929  479.46164  467.78274  471.37159  475.07550
 468.67308  472.21541  475.87116  464.46526  467.94403  471.53369  460.27771  463.69381  467.21831  472.11175  475.76759  479.54118  467.84223  471.43200  475.13686  463.59385  467.11847  470.75558  475.66436  479.43764  483.33321  471.33064  475.03521  478.85928  467.01896  470.65580  474.40941
 467.91664  471.50755  475.21361  463.65120  467.17669  470.81471  459.40834  462.86937  466.44036  471.40616  475.11193  478.93724  467.07716  470.71491  474.46946  462.77166  466.34240  470.02726  475.01092  478.83554  482.78430  470.61576  474.36965  478.24480  466.24509  469.92931  473.73195
 467.15005  470.78895  474.54469  462.82776  466.39937  470.08512  458.53040  462.03574  465.65258  470.68977  474.44485  478.32123  466.30203  469.98715  473.79074  461.94021  465.55645  469.28837  474.34597  478.22131  482.22263  469.89012  473.69271  477.61829  465.46124  469.19220  473.04324
 466.37346  470.05971  473.86448  461.99510  465.61220  469.34502  457.64404  461.19306  464.85508  469.96265  473.76642  477.69323  465.51697  469.24882  473.10080  461.09963  464.76072  468.53907  473.66961  477.59504  481.64829  469.15385  473.00449  476.97987  464.66755  468.44460  472.34339
 465.58698  469.31996  473.17311  461.15333  464.81527  468.59451  456.74938  460.34145  464.04800  469.22495  473.07676  477.05336  464.72209  468.50003  472.39974  460.25004  463.95533  467.77945  472.98197  476.95684  481.06136  468.40706  472.30509  476.32960  463.86416  467.68664  471.63250
 464.79073  468.56979  472.47067  460.30261  464.00874  467.83374  455.84656  459.48101  463.23142  468.47679  472.37600  476.40171  463.91755  467.74091  471.68769  459.39159  463.14041  467.00961  472.28314  476.30683  480.46193  467.64988  471.59467  475.66762  463.05116  466.91843  470.91066
 463.98487  467.80935  471.75728  459.44304  463.19272  467.06279  454.93574  458.61190  462.40550  467.71828  471.66424  475.73839  463.10344  466.97159  470.96473  458.52438  462.31611  466.22969  471.57325  475.64510  479.85012  466.88240  470.87331  474.99401  462.22868  466.14010  470.17802
 463.16948  467.03874  471.03303  458.57477  462.36733  466.28179  454.01702  457.73426  461.57033  466.94952  470.94159  475.06349  462.27989  466.19217  470.23100  457.64856  461.48252  465.43981  470.85241  474.97174  479.22601  466.10479  470.14111  474.30890  461.39689  465.35175  469.43469
 462.34468  466.25807  470.29804  457.69791  461.53270  465.49086  453.09055  456.84821  460.72608  466.17066  470.20813  474.37711  461.44706  465.40277  469.48661  456.76429  460.63979  464.64011  470.12073  474.28686  478.58966  465.31714  469.39821  473.61237  460.55591  464.55352  468.68076
 461.51065  465.46746  469.55244  456.81263  460.68895  464.69013  452.15649  455.95386  459.87286  465.38181  469.46401  473.67936  460.60505  464.60352  468.73165  455.87168  459.78804  463.83067  469.37830  473.59058  477.94121  464.51958  468.64472  472.90454  459.70583  463.74554  467.91638
 460.66746  464.66702  468.79629  455.91903  459.83622  463.87969  451.21493  455.05136  459.01076  464.58306  468.70933  472.97034  459.75399  463.79455  467.96627  454.97083  458.92740  463.01163  468.62528  472.88299  477.28073  463.71226  467.88076  472.18553  458.84682  462.92792  467.14163
 459.81527  463.85692  468.02976  455.01725  458.97462  463.05970  450.26604  454.14086  458.13997  463.77460  467.94423  472.25018  458.89403  462.97597  467.19056  454.06195  458.05801  462.18314  467.86178  472.16421  476.60836  462.89526  467.10642  471.45544  457.97901  462.10079  466.35667
 458.95420  463.03722  467.25293  454.10743  458.10429  462.23025  449.30995  453.22245  457.26055  462.95649  467.16877  471.51895  458.02527  462.14789  466.40464  453.14510  457.17995  461.34526  467.08788  471.43433  475.92415  462.06873  466.32185  470.71436  457.10249  461.26426  465.56157
 458.08436  462.20806  466.46592  453.18969  457.22534  461.39148  448.34680  452.29628  456.37268  462.12887  466.38311  470.77678  457.14785  461.31046  465.60863  452.22046  456.29341  460.49818  466.30374  470.69349  475.22824  461.23281  465.52717  469.96244  456.21744  460.41849  464.75650
 457.20591  461.36958  465.66887  452.26415  456.33790  460.54349  447.37669  451.36248  455.47645  461.29191  465.58738  470.02381  456.26191  460.46379  464.80266  451.28814  455.39849  459.64199  465.50948  469.94181  474.52075  460.38760  464.72246  469.19978  455.32397  459.56356  463.94156
 456.31896  460.52189  464.86186  451.33099  455.44213  459.68644  446.39981  450.42120  454.57203  460.44568  464.78165  469.26011  455.36759  459.60801  463.98685  450.34830  454.49533  458.77684  464.70519  469.17935  473.80175  459.53324  463.90790  468.42651  454.42221  458.69965  463.11689
 455.42366  459.66512  464.04506  450.39032  454.53812  458.82044  445.41625  449.47253  453.65950  459.59034  463.96609  468.48584  454.46499  458.74324  463.16132  449.40103  453.58402  457.90282  463.89102  468.40631  473.07138  458.66986  463.08359  467.64272  453.51228  457.82685  462.28256
 454.52009  458.79938  463.21855  449.44225  453.62602  457.94562  444.42616  448.51664  452.73903  458.72598  463.14080  467.70107  453.55426  457.86963  462.32618  448.44649  452.66476  457.02008  463.06709  467.62274  472.32973  457.79759  462.24964  466.84856  452.59434  456.94529  461.43875
 453.60842  457.92483  462.38246  448.48693  452.70596  457.06208  443.42967  447.55365  451.81072  457.85276  462.30590  466.90594  452.63553  456.98727  461.48156  447.48482  451.73762  456.12875  462.23351  466.82878  471.57694  456.91654  461.40619  466.04413  451.66850  456.05511  460.58557
 452.68877  457.04155  461.53691  447.52449  451.77805  456.16997  442.42692  446.58368  450.87471  456.97080  461.46151  466.10058  451.70892  456.09632  460.62760  446.51613  450.80276  455.22896  461.39041  466.02455  470.81308  456.02686  460.55335  465.22955  450.73490  455.15644  459.72314
 451.76128  456.14970  460.68205  446.55505  450.84243  455.26942  441.41803  445.60687  449.93114  456.08023  460.60779  465.28509  450.77456  455.19688  459.76440  445.54057  449.86030  454.32082  460.53792  465.21018  470.03831  455.12865  459.69125  464.40493  449.79366  454.24940  458.85158
 450.82607  455.24940  459.81798  445.57877  449.89924  454.36054  440.40314  444.62335  448.98012  455.18116  459.74481  464.45960  449.83259  454.28910  458.89209  444.55825  448.91036  453.40446  459.67618  464.38579  469.25273  454.22209  458.82004  463.57042  448.84493  453.33413  457.97102
 449.88324  454.34076  458.94481  444.59574  448.94859  453.44345  439.38237  443.63325  448.02179  454.27374  458.87274  463.62422  448.88314  453.37310  458.01080  443.56934  447.95311  452.48003  458.80528  463.55147  468.45645  453.30726  457.93980  462.72613  447.88883  452.41073  457.08159
 448.93298  453.42394  458.06268  443.60614  447.99064  452.51832  438.35588  442.63671  447.05628  453.35808  457.99166  462.77908  447.92635  452.44901  457.12066  442.57394  446.98863  451.54764  457.92538  462.70739  467.64960  452.38432  457.05072  461.87220  446.92550  451.47939  456.18343
 447.97538  452.49904  457.17173  442.61006  447.02548  451.58524  437.32376  441.63383  446.08371  452.43433  457.10177  461.92433  446.96233  451.51698  456.22181  441.57219  446.01710  450.60743  457.03659  461.85365  466.83231  451.45339  456.15286  461.00873  445.95505  450.54017  455.27666
 447.01057  451.56621  456.27207  441.60766  446.05329  450.64437  436.28618  440.62479  445.10424  451.50260  456.20311  461.06005  445.99123  450.57710  455.31437  440.56423  445.03861  449.65954  456.13905  460.99037  466.00467  450.51461  455.24641  460.13586  444.97765  449.59326  454.36140
 446.03871  450.62556  455.36385  440.59904  445.07414  449.69580  435.24325  439.60967  444.11797  450.56305  455.29588  460.18640  445.01316  449.62951  454.39843  439.55018  444.05331  448.70406  455.23289  460.11770  465.16684  449.56808  454.33144  459.25371  443.99340  448.63875  453.43779
 445.05989  449.67722  454.44715  439.58437  444.08821  448.73969  434.19510  438.58862  443.12502  449.61578  454.38015  459.30348  444.02828  448.67437  453.47417  438.53017  443.06133  447.74116  454.31821  459.23574  464.31891  448.61397  453.40814  458.36243  443.00243  447.67679  452.50595
 444.07428  448.72134  453.52215  438.56375  443.09560  447.77617  433.14185  437.56177  442.12555  448.66093  453.45611  458.41145  443.03670  447.71179  452.54170  437.50433  442.06279  446.77095  453.39519  458.34464  463.46105  447.65240  452.47660  457.46213  442.00489  446.70749  451.56602
 443.08198  447.75802  452.58894  437.53732  442.09646  446.80534  432.08363  436.52925  441.11967  447.69863  452.52382  457.51040  442.03856  446.74188  451.60116  436.47279  441.05781  445.79356  452.46391  457.44450  462.59333  446.68349  451.53695  456.55292  441.00089  445.73099  450.61810
 442.08314  446.78742  451.64769  436.50519  441.09089  445.82736  431.02058  435.49117  440.10752  446.72902  451.58347  456.60048  441.03397  445.76478  450.65264  435.43569  440.04653  444.80912  451.52454  456.53549  461.71592  445.70736  450.58933  455.63495  439.99058  444.74745  449.66237
 441.07788  445.80964  450.69849  435.46752  440.07905  444.84234  429.95283  434.44769  439.08921  445.75221  450.63517  455.68182  440.02308  444.78066  449.69632  434.39315  439.02912  443.81778  450.57719  455.61771  460.82894  444.72418  449.63388  454.70836  438.97409  443.75697  448.69894
 440.06631  444.82483  449.74147  434.42442  439.06106  443.85042  428.88047  433.39891  438.06489  444.76833  449.67902  454.75453  439.00602  443.78960  448.73230  433.34528  438.00564  442.81964  449.62197  454.69129  459.93249  443.73404  448.67072  453.77327  437.95151  442.75968  447.72791
 439.04861  443.83312  448.77680  433.37601  438.03703  442.85173  427.80366  432.34496  437.03468  443.77755  448.71521  453.81877  437.98290  442.79176  447.76072  432.29223  436.97627  441.81485  448.65906  453.75637  459.02673  442.73708  447.69998  452.82980  436.92302  441.75571  446.74945
 438.02485  442.83463  447.80456  432.32242  437.00712  441.84639  426.72251  431.28599  435.99869  442.77995  447.74381  452.87464  436.95386  441.78724  446.78170  431.23411  435.94110  440.80352  447.68856  452.81307  458.11179  441.73346  446.72178  451.87809  435.88873  440.74520  445.76369
 436.99518  441.82948  446.82490  431.26380  435.97144  440.83454  425.63714  430.22209  434.95707  441.77569  446.76497  451.92228  435.91906  440.77621  445.79540  430.17108  434.90029  439.78581  446.71060  451.86153  457.18777  440.72328  445.73629  450.91828  434.84876  439.72828  444.77073
 435.95976  440.81782  445.83797  430.20025  434.93010  439.81630  424.54770  429.15341  433.90997  440.76488  445.77884  450.96182  434.87857  439.75876  444.80191  429.10324  433.85396  438.76184  445.72532  450.90188  456.25482  439.70667  444.74359  449.95047  433.80327  438.70509  443.77073
 434.91867  439.79977  444.84386  429.13190  433.88326  438.79180  423.45427  428.08006  432.85745  439.74768  444.78554  449.99340  433.83256  438.73505  443.80139  428.03070  432.80222  437.73169  444.73285  449.93425  455.31309  438.68379  443.74385  448.97484  432.75233  437.67572  442.76380
 433.87208  438.77547  443.84274  428.05888  432.83103  437.76116  422.35700  427.00217  431.79968  438.72419  443.78520  449.01717  432.78114  437.70519  442.79395  426.95362  431.74522  436.69556  443.73332  448.95877  454.36270  437.65472  442.73717  447.99148  431.69611  436.64033  441.75009
 432.82008  437.74502  442.83472  426.98131  431.77353  436.72453  421.25599  425.91986  430.73677  437.69454  442.77793  448.03321  431.72442  436.66930  441.77974  425.87207  430.68304  435.65353  442.72685  447.97558  453.40376  436.61962  441.72370  447.00054  430.63472  435.59903  440.72971
 431.76280  436.70856  441.81993  425.89931  430.71090  435.68204  420.15138  424.83325  429.66888  436.65887  441.76388  447.04169  430.66257  435.62754  440.75889  424.78623  429.61587  434.60576  441.71359  446.98480  452.43642  435.57864  440.70359  446.00216  429.56831  434.55199  439.70282
 430.70040  435.66624  440.79851  424.81301  429.64326  434.63379  419.04326  423.74247  428.59609  435.61734  440.74320  446.04273  429.59570  434.58002  439.73151  423.69620  428.54379  433.55235  440.69367  445.98658  451.46084  434.53186  439.67693  444.99647  428.49697  433.49929  438.66952
 429.63298  434.61817  439.77057  423.72253  428.57073  433.57991  417.93179  422.64764  427.51854  434.57001  439.71598  445.03647  428.52390  433.52685  438.69774  422.60210  427.46695  432.49345  439.66722  444.98103  450.47711  433.47945  438.64387  443.98358  427.42086  432.44109  437.62996
 428.56066  433.56448  438.73627  422.62798  427.49344  432.52056  416.81703  421.54886  426.43635  433.51707  438.68239  444.02305  427.44734  432.46820  437.65773  421.50404  426.38545  431.42917  438.63434  443.96830  449.48539  432.42150  437.60454  442.96365  426.34006  431.37748  436.58425
 427.48358  432.50529  437.69571  421.52950  426.41150  431.45584  415.69916  420.44629  425.34967  432.45859  437.64252  443.00256  426.36610  431.40415  436.61157  420.40215  425.29943  430.35964  437.59519  442.94851  448.48580  431.35817  436.55906  441.93679  425.25474  430.30863  435.53255
 426.40185  431.44074  436.64905  420.42720  425.32506  430.38589  414.57824  419.34000  424.25858  431.39475  436.59653  441.97519  425.28037  430.33487  435.55943  419.29656  424.20901  429.28500  436.54991  441.92181  447.47850  430.28958  435.50759  440.90316  424.16499  429.23464  434.47496
 425.31560  430.37095  435.59639  419.32119  424.23422  429.31082  413.45442  418.23015  423.16324  430.32565  435.54454  440.94103  424.19020  429.26045  434.50141  418.18737  423.11430  428.20536  435.49862  440.88833  446.46358  429.21585  434.45024  439.86285  423.07097  428.15566  433.41162
 424.22494  429.29603  434.53786  418.21160  423.13911  428.23077  412.32778  417.11682  422.06374  429.25141  434.48668  439.90021  423.09577  428.18106  433.43765  417.07470  422.01545  427.12084  434.44141  439.84816  445.44121  428.13710  433.38712  438.81605  421.97275  427.07177  432.34267
 423.13001  428.21614  433.47359  417.09854  422.03985  427.14584  411.19846  416.00017  420.96020  428.17217  433.42305  438.85289  421.99714  427.09676  432.36828  415.95867  420.91253  426.03159  433.37847  438.80148  444.41152  427.05347  432.31838  437.76284  420.87049  425.98313  431.26822
 422.03093  427.13137  432.40375  415.98212  420.93654  426.05618  410.06655  414.88025  419.85276  427.08807  432.35383  437.79920  420.89449  426.00772  431.29343  414.83940  419.80570  424.93770  432.30989  437.74843  443.37464  425.96506  431.24416  436.70337  419.76427  424.88987  430.18840
 420.92782  426.04186  431.32842  414.86247  419.82933  424.96191  408.93220  413.75725  418.74155  425.99919  431.27914  436.73925  419.78789  424.91407  430.21321  413.71700  418.69510  423.83933  431.23583  436.68910  442.33071  424.87203  430.16455  435.63778  418.65429  423.79210  429.10337
 419.82077  424.94776  430.24774  413.73969  418.71834  423.86314  407.79545  412.63124  417.62664  424.90571  430.19907  435.67319  418.67752  423.81590  429.12778  412.59159  417.58079  422.73656  430.15639  435.62365  441.27987  423.77448  429.07971  434.56620  417.54057  422.68992  428.01321
 418.70995  423.84913  429.16184  412.61393  417.60366  422.76001  406.65649  411.50233  416.50820  423.80769  429.11376  434.60113  417.56345  422.71336  428.03724  411.46328  416.46292  421.62956  429.07170  434.55218  440.22221  422.67254  427.98976  433.48875  416.42330  421.58349  426.91806
 417.59542  422.74613  428.07085  411.48524  416.48543  421.65263  405.51534  410.37063  415.38631  422.70531  428.02336  433.52321  416.44580  421.60655  426.94171  410.33216  415.34159  420.51840  427.98190  433.47488  439.15794  421.56633  426.89484  432.40557  415.30255  420.47292  425.81806
 416.47736  421.63890  426.97488  410.35379  415.36375  420.54111  404.37218  409.23627  414.26109  421.59867  426.92800  432.43959  415.32471  420.49563  425.84136  409.19838  414.21695  419.40325  426.88711  432.39183  438.08715  420.45596  425.79504  431.31679  414.17846  419.35832  424.71334
 415.35584  420.52754  425.87408  409.21965  414.23875  419.42560  403.22707  408.09937  413.13267  420.48787  425.82776  431.35036  414.20026  419.38066  424.73626  408.06201  413.08907  418.28419  425.78745  431.30316  437.00997  419.34157  424.69049  430.22253  413.05114  418.23981  423.60400
 414.23098  419.41216  424.76856  408.08295  413.11053  418.30619  402.08012  406.96000  412.00116  419.37306  424.72279  430.25567  413.07260  418.26180  423.62657  406.92319  411.95810  417.16137  424.68306  430.20904  435.92654  418.22328  423.58136  429.12292  411.92072  417.11753  422.49017
 413.10291  418.29288  423.65845  406.94380  411.97922  417.18303  400.93145  405.81829  410.86667  418.25435  423.61324  429.15563  411.94184  417.13918  422.51239  405.78202  410.82414  416.03487  423.57406  429.10957  434.83701  417.10119  422.46774  428.01811  410.78729  415.99158  421.37200
 411.97175  417.16985  422.54386  405.80230  410.84493  416.05619  399.78114  404.67434  409.72928  417.13186  422.49920  428.05040  410.80807  416.01289  421.39387  404.63858  409.68729  414.90484  422.46056  428.00487  433.74150  415.97544  421.34975  426.90820  409.65096  414.86207  420.24957
 410.83760  416.04317  421.42494  404.65857  409.70777  414.92585  398.62932  403.52827  408.58917  416.00571  421.38081  426.94009  409.67144  414.88308  420.27113  403.49303  408.54768  413.77140  421.34271  426.89510  432.64016  414.84614  420.22753  425.79336  408.51187  413.72915  419.12306
 409.70056  414.91294  420.30178  403.51269  408.56784  413.79208  397.47606  402.38017  407.44638  414.87600  420.25818  425.82482  408.53202  413.74982  419.14427  402.34542  407.40541  412.63465  420.22060  425.78035  431.53308  413.71340  419.10119  424.67367  407.37010  412.59290  417.99253
 408.56076  413.77930  419.17453  402.36479  407.42526  412.65502  396.32147  401.23015  406.30108  413.74288  419.13144  424.70473  407.38995  412.61326  418.01343  401.19590  406.26060  411.49471  419.09438  424.66078  430.42043  412.57734  417.97086  423.54927  406.22578  411.45346  416.85813
 407.41832  412.64236  418.04330  401.21496  406.28014  411.51476  395.16565  400.07831  405.15334  412.60644  418.00072  423.57994  406.24531  411.47350  416.87871  400.04454  405.11335  410.35169  417.96417  423.53652  429.30235  411.43808  416.83665  422.42030  405.07901  410.31093  415.71999
 406.27332  411.50224  416.90820  400.06330  405.13258  410.37142  394.00869  398.92475  404.00327  411.46681  416.86614  422.45059  405.09824  410.33067  415.74025  398.89146  403.96377  409.20570  416.83008  422.40766  428.17896  410.29573  415.69868  421.28689  403.92991  409.16543  414.57823
 405.12590  410.35904  415.76938  398.90993  403.98271  409.22515  392.85068  397.76958  402.85098  410.32410  415.72780  421.31680  403.94885  409.18487  414.59818  397.73675  402.81195  408.05688  415.69223  421.27435  427.05037  409.15041  414.55708  420.14914  402.77856  408.01706  413.43292
 403.97615  409.21288  414.62694  397.75494  402.83061  408.07603  391.69174  396.61289  401.69661  409.17842  414.58583  420.17868  402.79722  408.03621  413.45258  396.58052  401.65802  406.90530  414.55075  420.13673  425.91675  408.00222  413.41197  419.00721  401.62509  406.86596  412.28425
 402.82417  408.06386  413.48098  396.59843  401.67640  406.92416  390.53194  395.45478  400.54020  408.02987  413.44036  419.03637  401.64346  406.88482  412.30361  395.42285  400.50209  405.75111  413.40575  418.99490  424.77820  406.85129  412.26346  417.86118  400.46961  405.71223  411.13229
 401.67006  406.91212  412.33164  395.44050  400.52019  405.76969  389.37135  394.29534  399.38190  406.87859  412.29149  417.88998  400.48771  405.73080  411.15136  394.26386  399.34423  404.59438  412.25733  417.84898  423.63484  405.69772  411.11167  416.71121  399.31218  404.55595  409.97715
 400.51396  405.75775  411.17904  394.28125  399.36207  404.61269  388.21012  393.13470  398.22180  405.72467  411.13934  416.73964  399.33002  404.57425  409.99595  393.10364  398.18457  403.43525  411.10565  416.69912  422.48684  404.54163  409.95673  415.55741  398.15297  403.39727  408.81898
 399.35594  404.60086  410.02327  393.12076  398.20213  403.45328  387.04829  391.97291  397.06000  404.56823  409.98405  415.58548  398.17053  403.41530  408.83749  391.94229  397.02322  402.27382  409.95078  415.54541  421.33430  403.38309  408.79871  414.39988  396.99202  402.23628  407.65787
 398.19612  403.44157  408.86448  391.95914  397.04051  402.29157  385.88597  390.81010  395.89660  403.40937  408.82570  414.42761  397.00931  402.25403  407.67610  390.77988  395.86024  401.11019  408.79286  414.38799  420.17734  402.22225  407.63776  413.23877  395.82946  401.07308  406.49394
 397.03460  402.27999  407.70276  390.79648  395.87729  401.12769  384.72323  389.64634  394.73171  402.24820  407.66442  413.26616  395.84650  401.09057  406.51191  389.61652  394.69576  399.94447  407.63202  413.22698  419.01612  401.05921  406.47400  412.07419  394.66539  399.90778  405.32730
 395.87146  401.11620  406.53823  389.63288  394.71256  399.96172  383.56016  388.48173  393.56540  401.08484  406.50032  412.10125  394.68219  399.92502  405.34501  388.45231  393.52987  398.77677  406.46836  412.06251  417.85075  399.89408  405.30753  410.90627  393.49992  398.74050  404.15806
 394.70685  399.95034  405.37102  388.46842  393.54641  398.79375  382.39687  387.31637  392.39781  399.91940  405.33354  410.93300  393.51645  398.75748  404.17550  387.28735  392.36269  397.60719  405.30198  410.89469  416.68136  398.72694  404.13845  409.73509  392.33312  397.57133  402.98635
 393.54081  398.78249  404.20120  387.30322  392.37899  397.62393  381.23343  386.15033  391.22900  398.75195  404.16414  409.76150  392.34941  397.58806  403.00354  386.12169  391.19428  396.43583  404.13300  409.72363  415.50807  397.55792  402.96690  408.56083  391.16510  396.40038  401.81225
 392.37347  397.61276  403.02892  386.13733  391.21033  396.45231  380.06990  384.98372  390.05908  397.58262  402.99227  408.58691  391.18115  396.41686  401.82919  384.95546  390.02476  395.26280  402.96153  408.54945  414.33100  396.38711  401.79296  407.38355  389.99596  395.22774  400.63590
 391.20491  396.44126  401.85426  384.97087  390.04058  395.27905  378.90639  383.81662  388.88815  396.41151  401.81803  407.40932  390.01178  395.24399  400.65259  383.78873  388.85422  394.08820  401.78767  407.37227  413.15027  395.21462  400.61677  406.20340  388.82579  394.05354  399.45739
 390.03525  395.26809  400.67735  383.80391  388.86980  394.10420  377.74298  382.64911  387.71629  395.23872  400.64152  406.22885  388.84137  394.06954  399.47383  382.62159  387.68275  392.91212  400.61156  406.19221  411.96601  394.04055  399.43839  405.02047  387.65469  392.87783  398.27682
 388.86455  394.09334  399.49829  382.63655  387.69811  392.92790  376.57973  381.48129  386.54361  394.06435  399.46285  405.04562  387.67005  392.89361  398.29303  381.45412  386.51042  391.73466  399.43327  405.00937  410.77835  392.86499  398.25798  403.83490  386.48273  391.70075  397.09429
 387.69294  392.91712  398.31719  381.46885  386.52555  391.75020  375.41673  380.31322  385.37017  392.88850  398.28214  403.85974  386.49785  391.71629  397.11026  380.28640  385.33736  390.55591  398.25293  403.82390  409.58741  391.68804  397.07561  402.64677  385.31002  390.52240  395.90994
 386.52048  391.73953  397.13414  380.30093  385.35227  390.57124  374.25405  379.14501  384.19609  391.71127  397.09949  402.67133  385.32493  390.53772  395.92569  379.11854  384.16365  389.37601  397.07064  402.63587  408.39330  390.50981  395.89141  401.45623  384.13665  389.34285  394.72385
 385.34729  390.56068  395.94929  379.13285  384.17834  389.39110  373.09178  377.97673  383.02145  390.53277  395.91500  401.48050  384.15134  389.35794  394.73936  377.95060  382.98937  388.19501  395.88652  401.44542  407.19615  389.33039  394.70545  400.26337  382.96271  388.16221  393.53612
 384.17343  389.38063  394.76268  377.96470  383.00385  388.20989  371.92998  376.80846  381.84633  389.35308  394.72877  400.28734  382.97719  388.17709  393.55142  376.78266  381.81460  387.01301  394.70064  400.25264  405.99606  388.14988  393.51787  399.06830  381.78828  386.98057  392.34686
 382.99902  388.19951  393.57446  376.79657  381.82888  387.02768  370.76873  375.64028  380.67082  388.17230  393.54092  399.09199  381.80256  386.99524  392.36194  375.61481  380.63944  385.83012  393.51313  399.05767  404.79317  386.96838  392.32876  397.87113  380.61345  385.79803  391.15616
 381.82411  387.01739  392.38470  375.62852  380.65351  385.84458  369.60812  374.47228  379.49502  386.99052  392.35152  397.89453  380.62752  385.81249  391.17103  374.44713  379.46398  384.64643  392.32408  397.86058  403.58758  385.78596  391.13821  396.67197  379.43831  384.61470  389.96415
 380.64883  385.83438  391.19353  374.46063  379.47785  384.66068  368.44818  373.30452  378.31899  385.80785  391.16071  396.69511  379.45218  384.62894  389.97879  373.27968  378.28829  383.46202  391.13360  396.66151  402.37943  384.60274  389.94633  395.47093  378.26294  383.43063  388.77089
 379.47323  384.65057  390.00103  373.29301  378.30197  383.47608  367.28901  372.13710  377.14283  384.62436  389.96856  395.49380  378.27662  383.44468  388.78534  372.11257  377.11246  382.27700  389.94178  395.46055  401.16880  383.41879  388.75321  394.26811  377.08742  382.24593  387.57649
 378.29742  383.46606  388.80731  372.12569  377.12595  382.29085  366.13069  370.97008  375.96663  383.44016  388.77517  394.29071  377.10090  382.25978  387.59073  370.94584  375.93658  381.09143  388.74873  394.25781  399.95583  382.23422  387.55894  393.06362  375.91185  381.06070  386.38106
 377.12146  382.28091  387.61245  370.95879  375.94987  381.10509  364.97325  369.80352  374.79044  382.25534  387.58065  393.08596  375.92514  381.07435  386.39511  369.77960  374.76071  379.90543  387.55453  393.05340  398.74061  381.04910  386.36365  391.85756  374.73629  379.87502  385.18468
 375.94546  381.09523  386.41657  369.79236  374.77382  379.91889  363.81680  368.63752  373.61437  381.06998  386.38511  391.87963  374.74939  379.88848  385.19852  368.61389  373.58497  378.71906  386.35930  391.84742  397.52327  379.86353  385.16740  390.65003  373.56084  378.68897  383.98745
 374.76948  379.90912  385.21974  368.62647  373.59789  378.73234  362.66138  367.47215  372.43849  379.88417  385.18861  390.67185  373.57376  378.70225  384.00110  367.44881  372.40939  377.53241  385.16312  390.63998  396.30393  378.67760  383.97031  389.44114  372.38556  377.50265  382.78946
 373.59360  378.72264  384.02206  367.46121  372.42213  377.54551  361.50706  366.30746  371.26287  378.69799  383.99127  389.46270  372.39830  377.51574  382.80293  366.28441  371.23408  376.34559  383.96608  389.43117  395.08267  377.49140  382.77246  388.23100  371.21054  376.31614  381.59082
 372.41792  377.53590  382.82366  366.29664  371.24664  376.35850  360.35391  365.14355  370.08760  377.51155  382.79319  388.25232  371.22310  376.32905  381.60410  365.12077  370.05912  375.15867  382.76828  388.22110  393.85963  376.30498  381.57393  387.01968  370.03584  375.12951  380.39160
 371.24249  376.34897  381.62459  365.13283  370.07150  375.17140  359.20198  363.98046  368.91274  376.32490  381.59442  387.04075  370.04823  375.14224  380.40469  363.95795  368.88455  373.97170  381.56981  387.00985  392.63489  375.11846  380.37483  385.80730  368.86156  373.94285  379.19188
 370.06739  375.16194  380.42494  363.96985  368.89678  373.98427  358.05134  362.81828  367.73838  375.13815  380.39508  385.82813  368.87378  373.95542  379.20480  362.79604  367.71048  372.78481  380.37077  385.79756  391.40857  373.93192  379.17527  384.59396  367.68776  372.75627  377.99178
 368.89272  373.97489  379.22482  362.80777  367.72254  372.79720  356.90205  361.65707  366.56459  373.95138  379.19528  384.61455  367.69981  372.76866  378.00452  361.63509  366.53699  371.59807  379.17124  384.58429  390.18078  372.74543  377.97529  383.37974  366.51453  371.56982  376.79138
 367.71854  372.78791  378.02431  361.64666  366.54888  371.61029  355.75417  360.49689  365.39143  372.76467  377.99508  383.40009  366.52642  371.58204  376.80394  360.47517  365.36412  370.41153  377.97132  383.37014  388.95162  371.55908  376.77501  382.16475  365.34192  370.38357  375.59075
 366.54493  371.60106  376.82351  360.48659  365.37585  370.42359  354.60777  359.33782  364.21899  371.57810  376.79457  382.18488  365.35365  370.39563  375.60315  359.31635  364.19196  369.22531  376.77109  382.15522  387.72120  370.37294  375.57450  380.94909  364.17003  369.19763  374.38999
 365.37195  370.41444  375.62249  359.32761  364.20353  369.23720  353.46289  358.17990  363.04734  370.39175  375.59384  380.96898  364.18159  369.20952  374.40222  358.15868  363.02058  368.03946  375.57064  380.93962  386.48960  369.18710  374.37386  379.73282  362.99890  368.01206  373.18918
 364.19969  369.22812  374.42135  358.16979  363.03198  368.05118  352.31960  357.02321  361.87653  369.20570  374.39299  379.75250  363.01030  368.02378  373.20123  357.00224  361.85004  366.85405  374.37004  379.72344  385.25693  368.00161  373.17316  378.51606  361.82860  366.82693  371.98839
 363.02820  368.04218  373.22015  357.01320  361.86130  366.86563  351.17794  355.86781  360.70663  368.02000  373.19208  378.53551  361.83986  366.83850  372.00029  355.84708  360.68041  365.66917  373.16940  378.50674  384.02330  366.81659  371.97250  377.29890  360.65923  365.64232  370.78772
 361.85756  366.85669  372.01899  355.85789  360.69152  365.68059  350.03799  354.71376  359.53773  366.83478  371.99120  377.31814  360.67034  365.65374  370.79946  354.69328  359.51178  364.48490  371.96878  377.28965  382.78882  365.63208  370.77195  376.08142  359.49083  364.45832  369.58726
 360.68783  365.67173  370.81795  354.70394  359.52273  364.49616  348.89977  353.56111  358.36987  365.65006  370.79044  376.10045  359.50179  364.46958  369.59884  353.54086  358.34417  363.30130  370.76827  376.07225  381.55355  364.44816  369.57160  374.86372  358.32347  363.27498  368.38706
 359.51909  364.48737  369.61713  353.55139  358.35499  363.31242  347.76336  352.40994  357.20314  364.46595  369.58989  374.88253  358.33429  363.28610  368.39849  352.38991  357.17770  362.11844  369.56796  374.85461  380.31763  363.26492  368.37153  373.64588  357.15722  362.09239  367.18722
 358.35140  363.30369  368.41658  352.40030  357.18838  362.12942  346.62880  351.26029  356.03759  363.28250  368.38961  373.66449  357.16790  362.10336  367.19851  351.24049  356.01240  360.93641  368.36793  373.63684  379.08111  362.08242  367.17181  372.42799  355.99216  360.91062  365.98782
 357.18481  362.12075  367.21639  351.25074  356.02294  360.94724  345.49614  350.11222  354.87328  362.09980  367.18968  372.44638  356.00269  360.92144  365.99895  350.09264  354.84834  359.75526  367.16823  372.41900  377.84412  360.90072  365.97251  371.21012  354.82831  359.72971  364.78892
 356.01942  360.93864  366.01664  350.10276  354.85874  359.76594  344.36544  348.96580  353.71028  360.91791  365.99019  371.22831  354.83871  359.74039  364.79991  348.94642  353.68559  358.57506  365.96899  371.20120  376.60673  359.71991  364.77373  369.99237  353.66579  358.54977  363.59061
 354.85526  359.75741  364.81740  348.95641  353.69584  358.58561  343.23673  347.82105  352.54864  359.73692  364.79122  370.01036  353.67604  358.56031  363.60145  347.80190  352.52419  357.39588  364.77024  369.98352  375.36906  358.54004  363.57553  368.77483  352.50460  357.37083  362.39296
 353.69241  358.57713  363.61875  347.81176  352.53431  357.40628  342.11009  346.67806  351.38843  358.55686  363.59283  368.79262  352.51472  357.38124  362.40366  346.65912  351.36422  356.21780  363.57208  368.76603  374.13117  357.36119  362.37798  367.55755  351.34485  356.19299  361.19604
 352.53092  357.39788  362.42077  346.66885  351.37421  356.22807  340.98553  345.53687  350.22971  357.37783  362.39509  367.57515  351.35484  356.20326  361.20660  345.51813  350.20573  355.04086  362.37457  367.54882  372.89317  356.18343  361.18117  366.34064  350.18656  355.01629  359.99992
 351.37086  356.21972  361.22353  345.52773  350.21559  355.05100  339.86311  344.39752  349.07252  356.19989  361.19810  366.35806  350.19643  355.02643  360.01035  344.37899  349.04878  353.86514  361.17779  366.33198  371.65514  355.00681  359.98517  365.12418  349.02981  353.84081  358.80468
 350.21228  355.04272  360.02709  344.38846  349.05851  353.87514  338.74289  343.26008  347.91695  355.02310  360.00191  365.14140  349.03955  353.85081  358.81497  343.24174  347.89343  352.69071  359.98182  365.11557  370.41717  353.83141  358.79002  363.90823  347.87467  352.66661  357.61040
 349.05523  353.86693  358.83154  343.25109  347.90304  352.70058  337.62489  342.12459  346.76303  353.84752  358.80659  363.92527  347.88428  352.67648  357.62055  342.10645  346.73973  351.51762  358.78672  363.89968  369.17934  352.65728  357.59584  362.69288  346.72117  351.49374  356.41712
 347.89979  352.69242  357.63694  342.11568  346.74922  351.52737  336.50918  340.99110  345.61082  352.67322  357.61222  362.70974  346.73066  351.50349  356.42715  340.97315  345.58774  350.34593  357.59256  362.68438  367.94174  351.48450  356.40266  361.47820  345.56937  350.32228  355.22492
 346.74600  351.51926  356.44336  340.98226  345.59710  350.35556  335.39577  339.85964  344.46036  351.50026  356.41887  361.49487  345.57874  350.33190  355.23481  339.84188  344.43749  349.17570  356.39942  361.46977  366.70445  350.31311  355.21057  360.26427  344.41933  349.15227  354.03387
 345.59392  350.34750  355.25085  339.85089  344.44674  349.18520  334.28472  338.73028  343.31172  350.32871  355.22661  360.28077  344.42858  349.16177  354.04364  338.71272  343.28908  348.00700  355.20735  360.25589  365.46757  349.14317  354.01962  359.05116  343.27109  347.98379  352.84404
 344.44360  349.17721  354.05952  338.72161  343.29821  348.01638  333.17608  337.60307  342.16496  349.15861  354.03549  359.06749  343.28023  347.99317  352.85369  337.58568  342.14252  346.83988        nan        nan        nan        nan        nan        nan        nan        nan        nan
