       nan        nan        nan        nan        nan        nan        nan        nan        nan 20341.58450        nan        nan        nan        nan        nan        nan        nan        nan 20338.79900 20296.12050        nan        nan        nan        nan        nan        nan        nan
20344.83700        nan        nan 20383.58300        nan        nan        nan        nan        nan 20342.05150 20299.37300        nan 20380.79750 20338.11900        nan        nan        nan        nan 20336.47700 20293.46400 20257.71350 20375.22300 20332.21000 20296.45950        nan        nan        nan
20348.56350 20305.88500        nan 20387.83250 20345.15400        nan 20420.27850 20377.60000        nan 20342.98900 20299.97600 20264.22550 20382.25800 20339.24500 20303.49450 20414.70400 20371.69100 20335.94050 20334.62150 20291.10550 20254.49100 20373.89050 20330.37450 20293.76000 20406.33650 20362.82050 20326.20600
20352.77550 20309.76250 20274.01200 20392.83050 20349.81750 20314.06700 20426.62750 20383.61450 20347.86400 20344.40800 20300.89200 20264.27750 20384.46300 20340.94700 20304.33250 20418.26000 20374.74400 20338.12950 20333.23850 20289.05300 20251.32400 20373.29350 20329.10800 20291.37900 20407.09050 20362.90500 20325.17600
20357.48950 20313.97350 20277.35900 20398.59050 20355.07450 20318.46000 20434.09350 20390.57750 20353.96300 20346.32000 20302.13450 20264.40550 20387.42100 20343.23550 20305.50650 20422.92400 20378.73850 20341.00950 20332.34050 20287.31950 20248.25100 20373.44150 20328.42050 20289.35200 20408.94450 20363.92350 20324.85500
20362.71950 20318.53400 20280.80500 20405.12050 20360.93500 20323.20600 20442.62450 20398.43900 20360.71000 20348.74000 20303.71900 20264.65050 20391.14100 20346.12000 20307.05150 20428.64500 20383.62400 20344.55550 20331.93850 20285.92050 20245.31550 20374.33950 20328.32150 20287.71650 20411.84350 20365.82550 20325.22050
20368.48400 20323.46300 20284.39450 20412.42350 20367.40250 20328.33400 20452.17250 20407.15150 20368.08300 20351.68250 20305.66450 20265.05950 20395.62200 20349.60400 20308.99900 20435.37100 20389.35300 20348.74800 20332.04800 20284.87700 20242.56450 20375.98750 20328.81650 20286.50400 20415.73650 20368.56550 20326.25300
20374.79700 20328.77900 20288.17400 20420.49750 20374.47950 20333.87450 20462.68750 20416.66950 20376.06450 20355.16250 20307.99150 20265.67900 20400.86300 20353.69200 20311.37950 20443.05300 20395.88200 20353.56950 20332.68350 20284.21100 20240.04150 20378.38400 20329.91150 20285.74200 20420.57400 20372.10150 20327.93200
20381.67200 20334.50100 20292.18850 20429.33600 20382.16500 20339.85250 20474.12600 20426.95500 20384.64250 20359.19300 20310.72050 20266.55100 20406.85700 20358.38450 20314.21500 20451.64700 20403.17450 20359.00500 20333.85750 20283.94300 20237.79150 20381.52150 20331.60700 20285.45550 20426.31150 20376.39700 20330.24550
20389.12100 20340.64850 20296.47900 20438.93000 20390.45750 20346.28800 20486.44800 20437.97550 20393.80600 20363.78550 20313.87100 20267.71950 20413.59450 20363.68000 20317.52850 20461.11250 20411.19800 20365.04650 20335.58200 20284.09500 20235.85350 20385.39100 20333.90400 20285.66250 20432.90900 20381.42200 20333.18050
20397.15150 20347.23700 20301.08550 20449.26650 20399.35200 20353.20050 20499.61750 20449.70300 20403.55150 20368.94800 20317.46100 20269.21950 20421.06300 20369.57600 20321.33450 20471.41400 20419.92700 20371.68550 20337.86650 20284.68650 20234.26250 20389.98150 20336.80150 20286.37750 20440.33250 20387.15250 20336.72850
20405.77050 20354.28350 20306.04200 20460.33300 20408.84600 20360.60450 20513.60200 20462.11500 20413.87350 20374.68900 20321.50900 20271.08500 20429.25150 20376.07150 20325.64750 20482.52050 20429.34050 20378.91650 20340.71950 20285.73600 20233.05100 20395.28200 20340.29850 20287.61350 20448.55100 20393.56750 20340.88250
20414.98350 20361.80350 20311.37950 20472.11550 20418.93550 20368.51150 20528.37500 20475.19500 20424.77100 20381.01400 20326.03050 20273.34550 20438.14600 20383.16250 20330.47750 20494.40550 20439.42200 20386.73700 20344.14750 20287.26000 20232.24700 20401.27950 20344.39200 20289.37900 20457.53900 20400.65150 20345.63850
20424.79350 20369.81000 20317.12500 20484.60250 20429.61900 20376.93400 20543.91050 20488.92700 20436.24200 20387.92700 20331.03950 20276.02650 20447.73600 20390.84850 20335.83550 20507.04400 20450.15650 20395.14350 20348.15650 20289.27450 20231.87550 20407.96550 20349.08350 20291.68450 20467.27350 20408.39150 20350.99250
20435.20100 20378.31350 20323.30050 20497.77950 20440.89200 20385.87900 20560.18700 20503.29950 20448.28650 20395.43050 20336.54850 20279.14950 20458.00900 20399.12700 20341.72800 20520.41650 20461.53450 20404.13550 20352.74900 20291.78950 20231.95500 20415.32750 20354.36800 20294.53350 20477.73500 20416.77550 20356.94100
20446.20900 20387.32700 20329.92800 20511.63750 20452.75550 20395.35650 20577.18650 20518.30450 20460.90550 20403.52750 20342.56800 20282.73350 20468.95600 20407.99650 20348.16200 20534.50500 20473.54550 20413.71100 20357.92900 20294.81950 20232.50550 20423.35750 20360.24800 20297.93400 20488.90650 20425.79700 20363.48300
20457.81700 20396.85750 20337.02300 20526.16550 20465.20600 20405.37150 20594.89200 20533.93250 20474.09800 20412.21850 20349.10900 20286.79500 20480.56700 20417.45750 20355.14350 20549.29350 20486.18400 20423.87000 20363.69950 20298.37300 20233.54200 20432.04800 20366.72150 20301.89050 20500.77450 20435.44800 20370.61700
20470.02450 20406.91500 20344.60100 20541.35300 20478.24350 20415.92950 20613.28800 20550.17850 20487.86450 20421.50550 20356.17900 20291.34800 20492.83400 20427.50750 20362.67650 20564.76900 20499.44250 20434.61150 20370.06100 20302.45850 20235.07800 20441.38950 20373.78700 20306.40650 20513.32450 20445.72200 20378.34150
20482.83200 20417.50550 20352.67450 20557.19300 20491.86650 20427.03550 20632.36350 20567.03700 20502.20600 20431.38750 20363.78500 20296.40450 20505.74850 20438.14600 20370.76550 20580.91900 20513.31650 20445.93600 20377.01500 20307.08400 20237.12500 20451.37600 20381.44500 20311.48600 20526.54650 20456.61550 20386.65650
20496.23850 20428.63600 20361.25550 20573.67700 20506.07450 20438.69400 20652.10650 20584.50400 20517.12350 20441.86600 20371.93500 20301.97600 20519.30450 20449.37350 20379.41450 20597.73400 20527.80300 20457.84400 20384.56350 20312.25650 20239.69350 20462.00200 20389.69500 20317.13200 20540.43150 20468.12450 20395.56150
20510.24300 20440.31200 20370.35300 20590.79950 20520.86850 20450.90950 20672.50700 20602.57600 20532.61700 20452.94050 20380.63350 20308.07050 20533.49700 20461.19000 20388.62700 20615.20450 20542.89750 20470.33450 20392.70650 20317.98100 20242.79250 20473.26300 20398.53750 20323.34900 20554.97050 20480.24500 20405.05650
20524.84450 20452.53750 20379.97450 20608.55400 20536.24700 20463.68400 20693.55650 20621.24950 20548.68650 20464.61050 20389.88500 20314.69650 20548.32000 20473.59450 20398.40600 20633.32250 20558.59700 20483.40850 20401.44350 20324.26200 20246.42750 20485.15300 20407.97150 20330.13700 20570.15550 20492.97400 20415.13950
20540.04250 20465.31700 20390.12850 20626.93450 20552.20900 20477.02050 20715.24800 20640.52250 20565.33400 20476.87550 20399.69400 20321.85950 20563.76750 20486.58600 20408.75150 20652.08100 20574.89950 20497.06500 20410.77550 20331.10400 20250.60750 20497.66750 20417.99600 20337.49950 20585.98100 20506.30950 20425.81300
20555.83600 20478.65450 20400.82000 20645.93650 20568.75500 20490.92050 20737.57400 20660.39250 20582.55800 20489.73600 20410.06450 20329.56800 20579.83650 20500.16500 20419.66850 20671.47400 20591.80250 20511.30600 20420.70350 20338.51200 20255.33750 20510.80400 20428.61250 20345.43800 20602.44150 20520.25000 20437.07550
20572.22400 20492.55250 20412.05600 20665.55650 20585.88500 20505.38850 20760.52850 20680.85700 20600.36050 20503.19150 20421.00000 20337.82550 20596.52400 20514.33250 20431.15800 20691.49600 20609.30450 20526.13000 20431.22700 20346.48850 20260.62300 20524.55950 20439.82100 20353.95550 20619.53150 20534.79300 20448.92750
20589.20600 20507.01450 20423.84000 20685.79000 20603.59850 20520.42400 20784.10650 20701.91500 20618.74050 20517.24150 20432.50300 20346.63750 20613.82550 20529.08700 20443.22150 20712.14200 20627.40350 20541.53800 20442.34550 20355.03650 20266.46800 20538.92950 20451.62050 20363.05200 20637.24600 20549.93700 20461.36850
20606.78100 20522.04250 20436.17700 20706.63400 20621.89550 20536.03000 20808.30350 20723.56500 20637.69950 20531.88500 20444.57600 20356.00750 20631.73800 20544.42900 20455.86050 20733.40750 20646.09850 20557.53000 20454.05950 20364.15850 20272.87700 20553.91250 20464.01150 20372.73000 20655.58200 20565.68100 20474.39950
20624.94650 20537.63750 20449.06900 20728.08450 20640.77550 20552.20700 20833.11450 20745.80550 20657.23700 20547.12100 20457.22000 20365.93850 20650.25900 20560.35800 20469.07650 20755.28900 20665.38800 20574.10650 20466.36800 20373.85550 20279.85250 20569.50600 20476.99350 20382.99050 20674.53600 20582.02350 20488.02050
20643.70400 20553.80300 20462.52150 20750.13950 20660.23850 20568.95700 20858.53500 20768.63400 20677.35250 20562.95100 20470.43850 20376.43550 20669.38650 20576.87400 20482.87100 20777.78200 20685.26950 20591.26650 20479.27200 20384.13200 20287.39850 20585.70750 20490.56750 20393.83400 20694.10300 20598.96300 20502.22950
20663.05250 20570.54000 20476.53700 20772.79650 20680.28400 20586.28100 20884.56350 20792.05100 20698.04800 20579.37350 20484.23350 20387.50000 20689.11750 20593.97750 20497.24400 20800.88450 20705.74450 20609.01100 20492.77200 20394.98850 20295.51900 20602.51600 20504.73250 20405.26300 20714.28300 20616.49950 20517.03000
20682.98950 20587.84950 20491.11600 20796.05300 20700.91300 20604.17950 20911.19400 20816.05400 20719.32050 20596.38800 20498.60450 20399.13500 20709.45150 20611.66800 20512.19850 20824.59250 20726.80900 20627.33950 20506.86550 20406.42600 20304.21500 20619.92900 20519.48950 20417.27850 20735.07000 20634.63050 20532.41950
20703.51650 20605.73300 20506.26350 20819.90650 20722.12300 20622.65350 20938.42650 20840.64300 20741.17350 20613.99400 20513.55450 20411.34350 20730.38400 20629.94450 20527.73350 20848.90400 20748.46450 20646.25350 20521.55450 20418.44750 20313.48950 20637.94450 20534.83750 20429.87950 20756.46450 20653.35750 20548.39950
20724.63050 20624.19100 20521.98000 20844.35500 20743.91550 20641.70450 20966.25550 20865.81600 20763.60500 20632.19100 20529.08400 20424.12600 20751.91550 20648.80850 20543.85050 20873.81600 20770.70900 20665.75100 20536.83750 20431.05300 20323.34400 20656.56200 20550.77750 20443.06850 20778.46250 20672.67800 20564.96900
20746.33300 20643.22600 20538.26800 20869.39800 20766.29100 20661.33300 20994.68050 20891.57350 20786.61550 20650.97950 20545.19500 20437.48600 20774.04450 20668.26000 20560.55100 20899.32700 20793.54250 20685.83350 20552.71550 20444.24400 20333.78150 20675.78050 20567.30900 20456.84650 20801.06300 20692.59150 20582.12900
20768.62200 20662.83750 20555.12850 20895.03200 20789.24750 20681.53850 21023.69850 20917.91400 20810.20500 20670.35800 20561.88650 20451.42400 20796.76800 20688.29650 20577.83400 20925.43450 20816.96300 20706.50050 20569.18800 20458.02150 20344.80250 20695.59800 20584.43150 20471.21250 20824.26450 20713.09800 20599.87900
20791.49700 20683.02550 20572.56300 20921.25650 20812.78500 20702.32250 21053.30700 20944.83550 20834.37300 20690.32700 20579.16050 20465.94150 20820.08650 20708.92000 20595.70100 20952.13700 20840.97050 20727.75150 20586.25400 20472.38700 20356.40950 20716.01350 20602.14650 20486.16900 20848.06400 20734.19700 20618.21950
20814.95850 20703.79200 20590.57300 20948.07000 20836.90350 20723.68450 21083.50500 20972.33850 20859.11950 20710.88550 20597.01850 20481.04100 20843.99700 20730.13000 20614.15250 20979.43200 20865.56500 20749.58750 20603.91450 20487.34050 20368.60350 20737.02600 20620.45200 20501.71500 20872.46100 20755.88700 20637.15000
20839.00500 20725.13800 20609.16050 20975.47100 20861.60400 20745.62650 21114.29000 21000.42300 20884.44550 20732.03400 20615.46000 20496.72300 20868.50000 20751.92600 20633.18900 21007.31900 20890.74500 20772.00800 20622.16950 20502.88400 20381.38650 20758.63550 20639.35000 20517.85250 20897.45450 20778.16900 20656.67150
20863.63650 20747.06250 20628.32550 21003.45850 20886.88450 20768.14750 21145.65950 21029.08550 20910.34850 20753.77200 20634.48650 20512.98900 20893.59400 20774.30850 20652.81100 21035.79500 20916.50950 20795.01200 20641.01750 20519.01700 20394.75950 20780.83950 20658.83900 20534.58150 20923.04050 20801.04000 20676.78250
20888.85150 20769.56600 20648.06850 21032.03050 20912.74500 20791.24750 21177.61300 21058.32750 20936.83000 20776.09700 20654.09650 20529.83900 20919.27600 20797.27550 20673.01800 21064.85850 20942.85800 20818.60050 20660.45900 20535.74000 20408.72250 20803.63800 20678.91900 20551.90150 20949.22050 20824.50150 20697.48400
20914.65000 20792.64950 20668.39200 21061.18650 20939.18600 20814.92850 21210.14800 21088.14750 20963.89000 20799.01200 20674.29300 20547.27550 20945.54850 20820.82950 20693.81200 21094.51000 20969.79100 20842.77350 20680.49500 20553.05500 20423.27850 20827.03150 20699.59150 20569.81500 20975.99300 20848.55300 20718.77650
20941.03200 20816.31300 20689.29550 21090.92550 20966.20650 20839.18900 21243.26400 21118.54500 20991.52750 20822.51500 20695.07500 20565.29850 20972.40850 20844.96850 20715.19200 21124.74700 20997.30700 20867.53050 20701.12350 20570.96150 20438.42600 20851.01700 20720.85500 20588.31950 21003.35550 20873.19350 20740.65800
20967.99700 20840.55700 20710.78050 21121.24650 20993.80650 20864.03000 21276.95950 21149.51950 21019.74300 20846.60550 20716.44350 20583.90800 20999.85500 20869.69300 20737.15750 21155.56800 21025.40600 20892.87050 20722.34550 20589.46050 20454.16900 20875.59500 20742.71000 20607.41850 21031.30800 20898.42300 20763.13150
20995.54350 20865.38150 20732.84600 21152.14800 21021.98600 20889.45050 21311.23200 21181.07000 21048.53450 20871.28350 20738.39850 20603.10700 21027.88800 20895.00300 20759.71150 21186.97200 21054.08700 20918.79550 20744.16100 20608.55150 20470.50550 20900.76550 20765.15600 20627.11000 21059.84950 20924.24000 20786.19400
21023.67150 20890.78650 20755.49500 21183.62900 21050.74400 20915.45250 21346.08100 21213.19600 21077.90450 20896.54900 20760.93950 20622.89350 21056.50650 20920.89700 20782.85100 21218.95850 21083.34900 20945.30300 20766.56850 20628.23650 20487.43800 20926.52600 20788.19400 20647.39550 21088.97800 20950.64600 20809.84750
21052.38100 20916.77150 20778.72550 21215.68950 21080.08000 20942.03400 21381.50600 21245.89650 21107.85050 20922.40050 20784.06850 20643.27000 21085.70900 20947.37700 20806.57850 21251.52550 21113.19350 20972.39500 20789.56900 20648.51450 20504.96700 20952.87750 20811.82300 20668.27550 21118.69400 20977.63950 20834.09200
21081.67050 20943.33850 20802.54000 21248.32700 21109.99500 20969.19650 21417.50350 21279.17150 21138.37300 20948.83900 20807.78450 20664.23700 21115.49550 20974.44100 20830.89350 21284.67200 21143.61750 21000.07000 20813.16250 20669.38600 20523.09250 20979.81900 20836.04250 20689.74900 21148.99550 21005.21900 20858.92550
21111.54050 20970.48600 20826.93850 21281.54150 21140.48700 20996.93950 21454.07400 21313.01950 21169.47200 20975.86400 20832.08750 20685.79400 21145.86500 21002.08850 20855.79500 21318.39750 21174.62100 21028.32750 20837.34900 20690.85200 20541.81650 21007.35000 20860.85300 20711.81750 21179.88250 21033.38550 20884.35000
21141.99000 20998.21350 20851.92000 21315.33300 21171.55650 21025.26300 21491.21650 21347.44000 21201.14650 21003.47500 20856.97800 20707.94250 21176.81800 21030.32100 20881.28550 21352.70150 21206.20450 21057.16900 20862.12650 20712.91150 20561.13800 21035.46950 20886.25450 20734.48100 21211.35300 21062.13800 20910.36450
21173.01900 21026.52200 20877.48650 21349.70000 21203.20300 21054.16750 21528.93000 21382.43300 21233.39750 21031.67050 20882.45550 20730.68200 21208.35150 21059.13650 20907.36300 21387.58150 21238.36650 21086.59300 20887.49700 20735.56650 20581.05800 21064.17800 20912.24750 20757.73900 21243.40800 21091.47750 20936.96900
21204.62600 21055.41100 20903.63750 21384.64050 21235.42550 21083.65200 21567.21100 21417.99600 21266.22250 21060.45250 20908.52200 20754.01350 21240.46700 21088.53650 20934.02800 21423.03750 21271.10700 21116.59850 20913.45950 20758.81650 20601.57800 21093.47400 20938.83100 20781.59250 21276.04450 21121.40150 20964.16300
21236.81200 21084.88150 20930.37300 21420.15550 21268.22500 21113.71650 21606.06250 21454.13200 21299.62350 21089.81900 20935.17600 20777.93750 21273.16250 21118.51950 20961.28100 21459.06950 21304.42650 21147.18800 20940.01350 20782.66150 20622.69750 21123.35700 20966.00500 20806.04100 21309.26400 21151.91200 20991.94800
21269.57550 21114.93250 20957.69400 21456.24350 21301.60050 21144.36200 21645.48000 21490.83700 21333.59850 21119.77000 20962.41800 20802.45400 21306.43800 21149.08600 20989.12200 21495.67450 21338.32250 21178.35850 20967.16050 20807.10200 20644.41750 21153.82850 20993.77000 20831.08550 21343.06500 21183.00650 21020.32200
21302.91600 21145.56400 20985.60000 21492.90350 21335.55150 21175.58750 21685.46350 21528.11150 21368.14750 21150.30650 20990.24800 20827.56350 21340.29400 21180.23550 21017.55100 21532.85400 21372.79550 21210.11100 20994.89800 20832.13800 20666.73850 21184.88550 21022.12550 20856.72600 21377.44550 21214.68550 21049.28600
21336.83450 21176.77600 21014.09150 21530.13550 21370.07700 21207.39250 21726.01400 21565.95550 21403.27100 21181.42600 21018.66600 20853.26650 21374.72700 21211.96700 21046.56750 21570.60550 21407.84550 21242.44600 21023.22750 20857.77000 20689.66050 21216.52850 21051.07100 20882.96150 21412.40700 21246.94950 21078.84000
21371.32800 21208.56800 21043.16850 21567.93750 21405.17750 21239.77800 21767.12750 21604.36750 21438.96800 21213.12950 21047.67200 20879.56250 21409.73900 21244.28150 21076.17200 21608.92900 21443.47150 21275.36200 21052.14750 20883.99700 20713.18400 21248.75700 21080.60650 20909.79350 21447.94700 21279.79650 21108.98350
21406.39800 21240.94050 21072.83100 21606.31000 21440.85250 21272.74300 21808.80500 21643.34750 21475.23800 21245.41600 21077.26550 20906.45250 21445.32800 21277.17750 21106.36450 21647.82300 21479.67250 21308.85950 21081.65900 20910.82050 20737.30950 21281.57100 21110.73250 20937.22150 21484.06600 21313.22750 21139.71650
21442.04350 21273.89300 21103.08000 21645.25100 21477.10050 21306.28750 21851.04400 21682.89350 21512.08050 21278.28650 21107.44800 20933.93700 21481.49400 21310.65550 21137.14450 21687.28700 21516.44850 21342.93750 21111.76200 20938.24100 20762.03800 21314.96950 21141.44850 20965.24550 21520.76250 21347.24150 21171.03850
21478.26400 21307.42550 21133.91450 21684.76150 21513.92300 21340.41200 21893.84450 21723.00600 21549.49500 21311.73950 21138.21850 20962.01550 21518.23700 21344.71600 21168.51300 21727.32000 21553.79900 21377.59600 21142.45500 20966.25750 20787.36900 21348.95250 21172.75500 20993.86650 21558.03550 21381.83800 21202.94950
21515.05900 21341.53800 21165.33500 21724.83900 21551.31800 21375.11500 21937.20600 21763.68500 21587.48200 21345.77450 21169.57700 20990.68850 21555.55450 21379.35700 21200.46850 21767.92150 21591.72400 21412.83550 21173.73900 20994.87000 20813.30350 21383.51900 21204.65000 21023.08350 21595.88600 21417.01700 21235.45050
21552.42700 21376.22950 21197.34100 21765.48350 21589.28600 21410.39750 21981.12650 21804.92900 21626.04050 21380.39150 21201.52250 21019.95600 21593.44800 21414.57900 21233.01250 21809.09100 21630.22200 21448.65550 21205.61350 21024.07850 20839.84050 21418.67000 21237.13500 21052.89700 21634.31300 21452.77800 21268.54000
21590.36900 21411.50000 21229.93350 21806.69450 21627.82550 21446.25900 22025.60600 21846.73700 21665.17050 21415.59100 21234.05600 21049.81800 21631.91650 21450.38150 21266.14350 21850.82800 21669.29300 21485.05500 21238.07750 21053.88400 20866.98100 21454.40300 21270.20950 21083.30650 21673.31450 21489.12100 21302.21800
21628.88500 21447.35000 21263.11200 21848.47200 21666.93700 21482.69900 22070.64350 21889.10850 21704.87050 21451.37150 21267.17800 21080.27500 21670.95850 21486.76500 21299.86200 21893.13000 21708.93650 21522.03350 21271.13200 21084.28650 20894.72650 21490.71900 21303.87350 21114.31350 21712.89050 21526.04500 21336.48500
21667.97250 21483.77900 21296.87600 21890.81350 21706.62000 21519.71700 22116.23700 21932.04350 21745.14050 21487.73300 21300.88750 21111.32750 21710.57400 21523.72850 21334.16850 21935.99750 21749.15200 21559.59200 21304.77700 21115.28500 20923.07550 21527.61800 21338.12600 21145.91650 21753.04150 21563.54950 21371.34000
21707.63250 21520.78700 21331.22700 21933.71900 21746.87350 21557.31350 22162.38700 21975.54150 21785.98150 21524.67650 21335.18450 21142.97500 21750.76300 21561.27100 21369.06150 21979.43100 21789.93900 21597.72950 21339.01100 21146.88050 20952.02950 21565.09750 21372.96700 21178.11600 21793.76550 21601.63500 21406.78400
21747.86400 21558.37200 21366.16250 21977.18900 21787.69700 21595.48750 22209.09200 22019.60000 21827.39050 21562.19850 21370.06800 21175.21700 21791.52350 21599.39300 21404.54200 22023.42650 21831.29600 21636.44500 21373.83400 21179.07250 20981.58750 21603.15900 21408.39750 21210.91250 21835.06200 21640.30050 21442.81550
21788.66650 21596.53600 21401.68500 22021.22100 21829.09050 21634.23950 22256.35100 22064.22050 21869.36950 21600.30200 21405.54050 21208.05550 21832.85650 21638.09500 21440.61000 22067.98650 21873.22500 21675.74000 21409.24750 21211.86200 21011.75150 21641.80200 21444.41650 21244.30600 21876.93200 21679.54650 21479.43600
21830.04000 21635.27850 21437.79350 22065.81550 21871.05400 21673.56900 22304.16300 22109.40150 21911.91650 21638.98550 21441.60000 21241.48950 21874.76100 21677.37550 21477.26500 22113.10850 21915.72300 21715.61250 21445.24950 21245.24800 21042.52050 21681.02500 21481.02350 21278.29600 21919.37250 21719.37100 21516.64350
21871.98300 21674.59750 21474.48700 22110.97200 21913.58650 21713.47600 22352.52800 22155.14250 21955.03200 21678.24700 21478.24550 21275.51800 21917.23600 21717.23450 21514.50700 22158.79200 21958.79050 21756.06300 21481.83950 21279.23050 21073.89400 21720.82850 21518.21950 21312.88300 21962.38450 21759.77550 21554.43900
21914.49600 21714.49450 21511.76700 22156.68800 21956.68650 21753.95900 22401.44300 22201.44150 21998.71400 21718.08850 21515.47950 21310.14300 21960.28050 21757.67150 21552.33500 22205.03550 22002.42650 21797.09000 21519.01950 21313.81100 21105.87400 21761.21150 21556.00300 21348.06600 22005.96650 21800.75800 21592.82100
21957.57700 21754.96800 21549.63150 22202.96400 22000.35500 21795.01850 22450.90950 22248.30050 22042.96400 21758.50800 21553.29950 21345.36250 22003.89500 21798.68650 21590.74950 22251.84050 22046.63200 21838.69500 21556.78700 21348.98650 21138.45900 21802.17400 21594.37350 21383.84600 22050.11950 21842.31900 21631.79150
22001.22750 21796.01900 21588.08200 22249.79950 22044.59100 21836.65400 22500.92550 22295.71700 22087.78000 21799.50650 21591.70600 21381.17850 22048.07850 21840.27800 21629.75050 22299.20450 22091.40400 21880.87650 21595.14300 21384.76000 21171.65050 21843.71500 21633.33200 21420.22250 22094.84100 21884.45800 21671.34850
22045.44600 21837.64550 21627.11800 22297.19400 22089.39350 21878.86600 22551.49050 22343.69000 22133.16250 21841.08250 21630.69950 21417.59000 22092.83050 21882.44750 21669.33800 22347.12700 22136.74400 21923.63450 21634.08700 21421.13000 21205.44750 21885.83500 21672.87800 21457.19550 22140.13150 21927.17450 21711.49200
22090.23200 21879.84900 21666.73950 22345.14600 22134.76300 21921.65350 22602.60300 22392.22000 22179.11050 21883.23650 21670.27950 21454.59700 22138.15050 21925.19350 21709.51100 22395.60750 22182.65050 21966.96800 21673.61900 21458.09700 21239.85150 21928.53300 21713.01100 21494.76550 22185.99000 21970.46800 21752.22250
22135.58450 21922.62750 21706.94500 22393.65550 22180.69850 21965.01600 22654.26250 22441.30550 22225.62300 21925.96700 21710.44500 21492.19950 22184.03800 21968.51600 21750.27050 22444.64500 22229.12300 22010.87750 21713.73850 21495.66050 21274.86150 21971.80950 21753.73150 21532.93250 22232.41650 22014.33850 21793.53950
22181.50350 21965.98150 21747.73600 22442.72100 22227.19900 22008.95350 22706.46850 22490.94650 22272.70100 21969.27500 21751.19700 21530.39800 22230.49250 22012.41450 21791.61550 22494.24000 22276.16200 22055.36300 21754.44450 21533.82000 21310.47800 22015.66200 21795.03750 21571.69550 22279.40950 22058.78500 21835.44300
22227.98950 22009.91150 21789.11250 22492.34350 22274.26550 22053.46650 22759.22000 22541.14200 22320.34300 22013.15900 21792.53450 21569.19250 22277.51300 22056.88850 21833.54650 22544.38950 22323.76500 22100.42300 21795.73850 21572.57750 21346.70150 22060.09250 21836.93150 21611.05550 22326.96900 22103.80800 21877.93200
22275.04000 22054.41550 21831.07350 22542.51950 22321.89500 22098.55300 22812.51500 22591.89050 22368.54850 22057.61950 21834.45850 21608.58250 22325.09900 22101.93800 21876.06200 22595.09450 22371.93350 22146.05750 21837.61900 21611.93050 21383.53150 22105.09850 21879.41000 21651.01100 22375.09400 22149.40550 21921.00650
22322.65550 22099.49450 21873.61850 22593.25050 22370.08950 22144.21350 22866.35400 22643.19300 22417.31700 22102.65500 21876.96650 21648.56750 22373.25000 22147.56150 21919.16250 22646.35350 22420.66500 22192.26600 21880.08600 21651.88050 21420.96800 22150.68100 21922.47550 21691.56300 22423.78450 22195.57900 21964.66650
22370.83550 22145.14700 21916.74800 22644.53450 22418.84600 22190.44700 22920.73500 22695.04650 22466.64750 22148.26650 21920.06100 21689.14850 22421.96550 22193.76000 21962.84750 22698.16600 22469.96050 22239.04800 21923.13950 21692.42700 21459.01250 22196.83850 21966.12600 21732.71150 22473.03900 22242.32650 22008.91200
22419.57900 22191.37350 21960.46100 22696.37250 22468.16700 22237.25450 22975.65800 22747.45250 22516.54000 22194.45200 21963.73950 21730.32500 22471.24550 22240.53300 22007.11850 22750.53100 22519.81850 22286.40400 21966.77850 21733.56950 21497.66300 22243.57200 22010.36300 21774.45650 22522.85750 22289.64850 22053.74200
22468.88600 22238.17350 22004.75900 22748.76150 22518.04900 22284.63450 23031.12150 22800.40900 22566.99450 22241.21250 22008.00350 21772.09700 22521.08800 22287.87900 22051.97250 22803.44800 22570.23900 22334.33250 22011.00400 21775.30850 21536.92150 22290.87950 22055.18400 21816.79700 22573.23950 22337.54400 22099.15700
22518.75500 22285.54600 22049.63950 22801.70200 22568.49300 22332.58650 23087.12500 22853.91600 22618.00950 22288.54650 22052.85100 21814.46400 22571.49350 22335.79800 22097.41100 22856.91650 22621.22100 22382.83400 22055.81400 21817.64350 21576.78600 22338.76100 22100.59050 21859.73300 22624.18400 22386.01350 22145.15600
22569.18700 22333.49150 22095.10450 22855.19350 22619.49800 22381.11100 23143.66800 22907.97250 22669.58550 22336.45450 22098.28400 21857.42650 22622.46100 22384.29050 22143.43300 22910.93550 22672.76500 22431.90750 22101.21000 21860.57550 21617.25950 22387.21650 22146.58200 21903.26600 22675.69100 22435.05650 22191.74050
22620.17950 22382.00900 22141.15150 22909.23500 22671.06450 22430.20700 23200.74850 22962.57800 22721.72050 22384.93500 22144.30050 21900.98450 22673.99050 22433.35600 22190.04000 22965.50400 22724.86950 22481.55350 22147.19050 21904.10200 21658.33900 22436.24600 22193.15750 21947.39450 22727.75950 22484.67100 22238.90800
22671.73300 22431.09850 22187.78250 22963.82500 22723.19050 22479.87450 23258.36550 23017.73100 22774.41500 22433.98850 22190.90000 21945.13700 22726.08050 22482.99200 22237.22900 23020.62100 22777.53250 22531.76950 22193.75550 21948.22500 21700.02600 22485.84750 22240.31700 21992.11800 22780.38800 22534.85750 22286.65850
22723.84800 22480.75950 22234.99650 23018.96400 22775.87550 22530.11250 23316.52000 23073.43150 22827.66850 22483.61500 22238.08450 21989.88550 22778.73100 22533.20050 22285.00150 23076.28700 22830.75650 22582.55750 22240.90600 21992.94400 21742.32150 22536.02200 22288.06000 22037.43750 22833.57800 22585.61600 22334.99350
22776.52150 22530.99100 22282.79200 23074.65050 22829.12000 22580.92100 23375.20900 23129.67850 22881.47950 22533.81250 22285.85050 22035.22800 22831.94150 22583.97950 22333.35700 23132.50000 22884.53800 22633.91550 22288.63950 22038.25800 21785.22350 22586.76850 22336.38700 22083.35250 22887.32700 22636.94550 22383.91100
22829.75500 22581.79300 22331.17050 23130.88450 22882.92250 22632.30000 23434.43300 23186.47100 22935.84850 22584.58200 22334.20050 22081.16600 22885.71150 22635.33000 22382.29550 23189.26000 22938.87850 22685.84400 22336.95650 22084.16800 21828.73300 22638.08600 22385.29750 22129.86250 22941.63450 22688.84600 22433.41100
22883.54750 22633.16600 22380.13150 23187.66400 22937.28250 22684.24800 23494.19050 23243.80900 22990.77450 22635.92200 22383.13350 22127.69850 22940.03850 22687.25000 22431.81500 23246.56500 22993.77650 22738.34150 22385.85800 22130.67350 21872.85100 22689.97450 22434.79000 22176.96750 22996.50100 22741.31650 22483.49400
22937.89700 22685.10850 22429.67350 23244.98900 22992.20050 22736.76550 23554.47900 23301.69050 23046.25550 22687.83300 22432.64850 22174.82600 22994.92500 22739.74050 22481.91800 23304.41500 23049.23050 22791.40800 22435.34200 22177.77400 21917.57650 22742.43400 22484.86600 22224.66850 23051.92400 22794.35600 22534.15850
22992.80450 22737.62000 22479.79750 23302.85850 23047.67400 22789.85150 23615.30100 23360.11650 23102.29400 22740.31350 22482.74550 22222.54800 23050.36750 22792.79950 22532.60200 23362.81000 23105.24200 22845.04450 22485.40900 22225.46950 21962.90900 22795.46300 22535.52350 22272.96300 23107.90550 22847.96600 22585.40550
23048.26800 22790.70000 22530.50250 23361.27200 23103.70400 22843.50650 23676.65250 23419.08450 23158.88700 22793.36350 22533.42400 22270.86350 23106.36750 22846.42800 22583.86750 23421.74800 23161.80850 22899.24800 22536.05850 22273.76000 22008.84900 22849.06250 22586.76400 22321.85300 23164.44300 22902.14450 22637.23350
23104.28850 22844.34900 22581.78850 23420.22900 23160.28950 22897.72900 23738.53500 23478.59550 23216.03500 22846.98350 22584.68500 22319.77400 23162.92400 22900.62550 22635.71450 23481.23000 23218.93150 22954.02050 22587.29050 22322.64550 22055.39700 22903.23100 22638.58600 22371.33750 23221.53700 22956.89200 22689.64350
23160.86500 22898.56650 22633.65550 23479.72800 23217.42950 22952.51850 23800.94550 23538.64700 23273.73600 22901.17200 22636.52700 22369.27850 23220.03500 22955.39000 22688.14150 23541.25250 23276.60750 23009.35900 22639.10400 22372.12550 22102.55300 22957.96700 22690.98850 22421.41600 23279.18450 23012.20600 22742.63350
23217.99550 22953.35050 22686.10200 23539.76850 23275.12350 23007.87500 23863.88450 23599.23950 23331.99100 22955.92750 22688.94900 22419.37650 23277.70050 23010.72200 22741.14950 23601.81650 23334.83800 23065.26550 22691.49900 22422.19950 22150.31550 23013.27200 22743.97250 22472.08850 23337.38800 23068.08850 22796.20450
23275.68050 23008.70200 22739.12950 23600.35000 23333.37150 23063.79900 23927.34950 23660.37100 23390.79850 23011.25200 22741.95250 22470.06850 23335.92150 23066.62200 22794.73800 23662.92100 23393.62150 23121.73750 22744.47500 22472.86800 22198.68600 23069.14450 22797.53750 22523.35550 23396.14400 23124.53700 22850.35500
23333.91950 23064.62000 22792.73600 23661.47150 23392.17200 23120.28800 23991.34200 23722.04250 23450.15850 23067.14250 22795.53550 22521.35350 23394.69450 23123.08750 22848.90550 23724.56500 23452.95800 23178.77600 22798.03250 22524.13050 22247.66400 23125.58450 22851.68250 22575.21600 23455.45500 23181.55300 22905.08650
23392.71150 23121.10450 22846.92250 23723.13200 23451.52500 23177.34300 24055.85800 23784.25100 23510.06900 23123.60150 22849.69950 22573.23300 23454.02200 23180.12000 22903.65350 23786.74800 23512.84600 23236.37950 22852.17050 22575.98750 22297.25000 23182.59100 22906.40800 22627.67050 23515.31700 23239.13400 22960.39650
23452.05600 23178.15400 22901.68750 23785.33100 23511.42900 23234.96250 24120.89950 23846.99750 23570.53100 23180.62500 22904.44200 22625.70450 23513.90000 23237.71700 22958.97950 23849.46850 23573.28550 23294.54800 22906.88800 22628.43750 22347.44250 23240.16300 22961.71250 22680.71750 23575.73150 23297.28100 23016.28600
23511.95200 23235.76900 22957.03150 23848.06750 23571.88450 23293.14700 24186.46300 23910.28000 23631.54250 23238.21500 22959.76450 22678.76950 23574.33050 23295.88000 23014.88500 23912.72600 23634.27550 23353.28050 22962.18550 22681.48050 22398.24350 23298.30100 23017.59600 22734.35900 23636.69650 23355.99150 23072.75450
23572.40000 23293.94950 23012.95450 23911.34050 23632.89000 23351.89500 24252.54950 23974.09900 23693.10400 23296.37050 23015.66550 22732.42850 23635.31100 23354.60600 23071.36900 23976.52000 23695.81500 23412.57800 23018.06350 22735.11850 22449.65150 23357.00400 23074.05900 22788.59200 23698.21300 23415.26800 23129.80100
23633.39800 23352.69300 23069.45600 23975.15000 23694.44500 23411.20800 24319.15700 24038.45200 23755.21500 23355.09100 23072.14600 22786.67900 23696.84300 23413.89800 23128.43100 24040.85000 23757.90500 23472.43800 23074.51950 22789.34900 22501.66700 23416.27150 23131.10100 22843.41900 23760.27850 23475.10800 23187.42600
23694.94600 23412.00100 23126.53400 24039.49500 23756.55000 23471.08300 24386.28550 24103.34050 23817.87350 23414.37450 23129.20400 22841.52200 23758.92350 23473.75300 23186.07100 24105.71400 23820.54350 23532.86150 23131.55500 22844.17100 22554.28950 23476.10400 23188.72000 22898.83850 23822.89450 23535.51050 23245.62900
23757.04250 23471.87200 23184.19000 24104.37350 23819.20300 23531.52100 24453.93150 24168.76100 23881.07900 23474.22300 23186.83900 22896.95750 23821.55400 23534.17000 23244.28850 24171.11200 23883.72800 23593.84650 23189.16750 22899.58700 22607.51900 23536.49850 23246.91800 22954.85000 23886.05650 23596.47600 23304.40800
23819.68850 23532.30450 23242.42300 24169.78650 23882.40250 23592.52100 24522.09800 24234.71400 23944.83250 23534.63300 23245.05250 22952.98450 23884.73100 23595.15050 23303.08250 24237.04250 23947.46200 23655.39400 23247.35900 22955.59500 22661.35550 23597.45700 23305.69300 23011.45350 23949.76850 23658.00450 23363.76500
23882.88150 23593.30100 23301.23300 24235.73050 23946.15000 23654.08200 24590.77950 24301.19900 24009.13100 23595.60750 23303.84350 23009.60400 23948.45650 23656.69250 23362.45300 24303.50550 24011.74150 23717.50200 23306.12800 23012.19600 22715.80050 23658.97700 23365.04500 23068.64950 24014.02600 23720.09400 23423.69850
23946.62250 23654.85850 23360.61900 24302.20800 24010.44400 23716.20450 24659.97950 24368.21550 24073.97600 23657.14300 23363.21100 23066.81550 24012.72850 23718.79650 23422.40100 24370.50000 24076.56800 23780.17250 23365.47400 23069.38750 22770.85100 23721.05950 23424.97300 23126.43650 24078.83100 23782.74450 23484.20800
24010.90900 23716.97700 23420.58150 24369.21550 24075.28350 23778.88800 24729.69350 24435.76150 24139.36600 23719.24000 23423.15350 23124.61700 24077.54650 23781.46000 23482.92350 24438.02450 24141.93800 23843.40150 23425.39700 23127.17150 22826.50850 23783.70350 23485.47800 23184.81500 24144.18150 23845.95600 23545.29300
24075.74200 23779.65550 23481.11900 24436.75400 24140.66750 23842.13100 24799.92250 24503.83600 24205.29950 23781.89900 23483.67350 23183.01050 24142.91100 23844.68550 23544.02250 24506.07950 24207.85400 23907.19100 23485.89650 23185.54750 22882.77300 23846.90850 23546.55950 23243.78500 24210.07700 23909.72800 23606.95350
24141.12050 23842.89500 23542.23200 24504.82200 24206.59650 23905.93350 24870.66500 24572.43950 24271.77650 23845.11800 23544.76900 23241.99450 24208.81950 23908.47050 23605.69600 24574.66250 24274.31350 23971.53900 23546.97150 23244.51400 22939.64500 23910.67300 23608.21550 23303.34650 24276.51600 23974.05850 23669.18950
24207.04300 23906.69400 23603.91950 24573.41800 24273.06900 23970.29450 24941.91950 24641.57050 24338.79600 23908.89650 23606.43900 23301.57000 24275.27150 23972.81400 23667.94500 24643.77300 24341.31550 24036.44650 23608.62250 23304.07150 22997.12250 23974.99750 23670.44650 23363.49750 24343.49900 24038.94800 23731.99900
24273.50900 23971.05150 23666.18250 24642.54150 24340.08400 24035.21500 25013.68600 24711.22850 24406.35950 23973.23500 23668.68400 23361.73500 24342.26750 24037.71650 23730.76750 24713.41200 24408.86100 24101.91200 23670.84850 23364.22000 23055.20700 24039.88100 23733.25250 23424.23950 24411.02550 24104.39700 23795.38400
24340.51800 24035.96700 23729.01800 24712.19150 24407.64050 24100.69150 25085.96200 24781.41100 24474.46200 24038.13150 23731.50300 23422.49000 24409.80500 24103.17650 23794.16350 24783.57550 24476.94700 24167.93400 23733.64900 23424.95850 23113.89700 24105.32250 23796.63200 23485.57050 24479.09300 24170.40250 23859.34100
24408.07000 24101.44150 23792.42850 24782.36800 24475.73950 24166.72650 25158.74800 24852.11950 24543.10650 24103.58750 23794.89700 23483.83550 24477.88550 24169.19500 23858.13350 24854.26550 24545.57500 24234.51350 23797.02450 23486.28800 23173.19450 24171.32250 23860.58600 23547.49250 24547.70250 24236.96600 23923.87250
24476.16350 24167.47300 23856.41150 24853.06950 24544.37900 24233.31750 25232.04200 24923.35150 24612.29000 24169.60050 23858.86400 23545.77050 24546.50650 24235.77000 23922.67650 24925.47900 24614.74250 24301.64900 23860.97400 23548.20700 23233.09800 24237.88000 23925.11300 23610.00400 24616.85250 24304.08550 23988.97650
24544.79700 24234.06050 23920.96700 24924.29500 24613.55850 24300.46500 25305.84300 24995.10650 24682.01300 24236.17050 23923.40350 23608.29450 24615.66850 24302.90150 23987.79250 24997.21650 24684.44950 24369.34050 23925.49600 23610.71500 23293.60650 24304.99400 23990.21300 23673.10450 24686.54200 24371.76100 24054.65250
24613.97150 24301.20450 23986.09550 24996.04450 24683.27750 24368.16850 25380.15100 25067.38400 24752.27500 24303.29700 23988.51600 23671.40750 24685.37000 24370.58900 24053.48050 25069.47650 24754.69550 24437.58700 23990.59100 23673.81300 23354.72050 24372.66400 24055.88600 23736.79350 24756.77050 24439.99250 24120.90000
24683.68500 24368.90400 24051.79550 25068.31550 24753.53450 24436.42600 25454.96400 25140.18300 24823.07450 24370.97900 24054.20100 23735.10850 24755.60950 24438.83150 24119.73900 25142.25800 24825.48000 24506.38750 24056.25900 23737.50000 23416.44150 24440.88950 24122.13050 23801.07200 24827.53800 24508.77900 24187.72050
24753.93650 24437.15850 24118.06600 25141.10800 24824.33000 24505.23750 25530.28050 25213.50250 24894.41000 24439.21650 24120.45750 23799.39900 24826.38800 24507.62900 24186.57050 25215.56050 24896.80150 24575.74300 24122.49900 23801.77500 23478.76650 24509.67050 24188.94650 23865.93800 24898.84300 24578.11900 24255.11050
24824.72700 24505.96800 24184.90950 25214.42150 24895.66250 24574.60400 25606.10050 25287.34150 24966.28300 24508.00950 24187.28550 23864.27700 24897.70400 24576.98000 24253.97150 25289.38300 24968.65900 24645.65050 24189.31050 23866.63900 23541.69800 24579.00500 24256.33350 23931.39250 24970.68400 24648.01250 24323.07150
24896.05500 24575.33100 24252.32250 25288.25450 24967.53050 24644.52200 25682.42350 25361.69950 25038.69100 24577.35600 24254.68450 23929.74350 24969.55550 24646.88400 24321.94300 25363.72450 25041.05300 24716.11200 24256.69400 23932.09150 23605.23500 24648.89350 24324.29100 23997.43450 25043.06250 24718.46000 24391.60350
24967.91850 24645.24700 24320.30600 25362.60600 25039.93450 24714.99350 25759.24600 25436.57450 25111.63350 24647.25650 24322.65400 23995.79750 25041.94400 24717.34150 24390.48500 25438.58400 25113.98150 24787.12500 24324.64750 23998.13100 23669.37650 24719.33500 24392.81850 24064.06400 25115.97500 24789.45850 24460.70400
25040.31850 24715.71600 24388.85950 25437.47650 25112.87400 24786.01750 25836.56950 25511.96700 25185.11050 24717.70950 24391.19300 24062.43850 25114.86750 24788.35100 24459.59650 25513.96050 25187.44400 24858.68950 24393.17200 24064.75850 23734.12300 24790.33000 24461.91650 24131.28100 25189.42300 24861.00950 24530.37400
25113.25300 24786.73650 24457.98200 25512.86350 25186.34700 24857.59250 25914.39150 25587.87500 25259.12050 24788.71550 24460.30200 24129.66650 25188.32600 24859.91250 24529.27700 25589.85400 25261.44050 24930.80500 24462.26650 24131.97350 23799.47450 24861.87700 24531.58400 24199.08500 25263.40500 24933.11200 24600.61300
25186.72200 24858.30850 24527.67300 25588.76650 25260.35300 24929.71750 25992.71200 25664.29850 25333.66300 24860.27300 24529.98000 24197.48100 25262.31750 24932.02450 24599.52550 25666.26300 25335.97000 25003.47100 24531.92950 24199.77500 23865.43000 24933.97400 24601.81950 24267.47450 25337.91950 25005.76500 24671.42000
25260.72450 24930.43150 24597.93250 25665.18500 25334.89200 25002.39300 26071.52950 25741.23650 25408.73750 24932.38100 24600.22650 24265.88150 25336.84150 25004.68700 24670.34200 25743.18600 25411.03150 25076.68650 24602.16100 24268.16250 23931.99000 25006.62150 24672.62300 24336.45050 25412.96600 25078.96750 24742.79500
25335.25850 25003.10400 24668.75900 25742.11800 25409.96350 25075.61850 26150.84150 25818.68700 25484.34200 25005.03850 24671.04000 24334.86750 25411.89800 25077.89950 24741.72700 25820.62150 25486.62300 25150.45050 24672.96100 24337.13600 23999.15350 25079.82050 24743.99550 24406.01300 25488.54400 25152.71900 24814.73650
25410.32500 25076.32650 24740.15400 25819.56300 25485.56450 25149.39200 26230.64850 25896.65000 25560.47750 25078.24750 24742.42250 24404.44000 25487.48550 25151.66050 24813.67800 25898.57100 25562.74600 25224.76350 24744.32950 24406.69600 24066.92150 25153.56750 24815.93400 24476.15950 25564.65300 25227.01950 24887.24500
25485.92300 25150.09800 24812.11550 25897.52200 25561.69700 25223.71450 26310.94950 25975.12450 25637.14200 25152.00500 24814.37150 24474.59700 25563.60400 25225.97050 24886.19600 25977.03150 25639.39800 25299.62350 24816.26450 24476.84100 24135.29300 25227.86350 24888.44000 24546.89200 25641.29100 25301.86750 24960.31950
25562.05150 25224.41800 24884.64350 25975.99150 25638.35800 25298.58350 26391.74250 26054.10900 25714.33450 25226.31100 24886.88750 24545.33950 25640.25100 25300.82750 24959.27950 26056.00200 25716.57850 25375.03050 24888.76750 24547.57150 24204.26850 25302.70750 24961.51150 24618.20850 25718.45850 25377.26250 25033.95950
25638.70850 25299.28500 24957.73700 26054.97150 25715.54800 25374.00000 26473.02650 26133.60300 25792.05500 25301.16500 24959.96900 24616.66600 25717.42800 25376.23200 25032.92900 26135.48300 25794.28700 25450.98400 24961.83600 24618.88700 24273.84700 25378.09900 25035.15000 24690.11000 25796.15400 25453.20500 25108.16500
25715.89500 25374.69900 25031.39600 26134.46100 25793.26500 25449.96200 26554.80150 26213.60550 25870.30250 25376.56600 25033.61700 24688.57700 25795.13200 25452.18300 25107.14300 26215.47250 25872.52350 25527.48350 25035.47100 24690.78650 24344.02900 25454.03700 25109.35250 24762.59500 25874.37750 25529.69300 25182.93550
25793.60900 25450.66000 25105.62000 26214.46000 25871.51100 25526.47100 26637.06550 26294.11650 25949.07650 25452.51400 25107.82950 24761.07200 25873.36500 25528.68050 25181.92300 26295.97050 25951.28600 25604.52850 25109.67100 24763.26950 24414.81300 25530.52200 25184.12050 24835.66400 25953.12750 25606.72600 25258.26950
25871.85050 25527.16600 25180.40850 26294.96600 25950.28150 25603.52400 26719.81750 26375.13300 26028.37550 25529.00750 25182.60600 24834.14950 25952.12300 25605.72150 25257.26500 26376.97450 26030.57300 25682.11650 25184.43550 24836.33650 24486.20000 25607.55100 25259.45200 24909.31550 26032.40250 25684.30350 25334.16700
25950.61750 25604.21600 25255.75950 26375.97900 26029.57750 25681.12100 26803.05650 26456.65500 26108.19850 25606.04550 25257.94650 24907.81000 26031.40700 25683.30800 25333.17150 26458.48450 26110.38550 25760.24900 25259.76400 24909.98650 24558.18900 25685.12550 25335.34800 24983.55050 26112.20300 25762.42550 25410.62800
26029.91050 25681.81150 25331.67500 26457.49700 26109.39800 25759.26150 26886.78100 26538.68200 26188.54550 25683.62900 25333.85150 24982.05400 26111.21550 25761.43800 25409.64050 26540.49950 26190.72200 25838.92450 25335.65700 24984.22000 24630.78100 25763.24350 25411.80650 25058.36750 26192.52750 25841.09050 25487.65150
26109.72750 25759.95000 25408.15250 26539.52000 26189.74250 25837.94500 26970.99050 26621.21300 26269.41550 25761.75550 25410.31850 25056.87950 26191.54800 25840.11100 25486.67200 26623.01850 26271.58150 25918.14250 25412.11250 25059.03500 24703.97400 25841.90500 25488.82750 25133.76650 26273.37550 25920.29800 25565.23700
26190.06950 25838.63250 25485.19350 26622.04700 26270.61000 25917.17100 27055.68300 26704.24600 26350.80700 25840.42650 25487.34900 25132.28800 26272.40400 25919.32650 25564.26550 26706.04000 26352.96250 25997.90150 25489.13150 25134.43300 24777.76950 25921.10900 25566.41050 25209.74700 26354.74500 26000.04650 25643.38300
26270.93350 25917.85600 25562.79500 26705.07700 26351.99950 25996.93850 27140.85900 26787.78150 26432.72050 25919.63850 25564.94000 25208.27650 26353.78200 25999.08350 25642.42000 26789.56400 26434.86550 26078.20200 25566.71150 25210.41150 24852.16500 26000.85500 25644.55500 25286.30850 26436.63700 26080.33700 25722.09050
26352.32000 25997.62150 25640.95800 26788.60800 26433.90950 26077.24600 27226.51550 26871.81700 26515.15350 25999.39300 25643.09300 25284.84650 26435.68100 26079.38100 25721.13450 26873.58850 26517.28850 26159.04200 25644.85400 25286.97250 24927.16300 26081.14200 25723.26050 25363.45100 26519.04950 26161.16800 25801.35850
26434.22750 26077.92750 25719.68100 26872.64050 26516.34050 26158.09400 27312.65200 26956.35200 26598.10550 26079.68850 25721.80700 25361.99750 26518.10150 26160.22000 25800.41050 26958.11300 26600.23150 26240.42200 25723.55650 25364.11400 25002.76100 26161.96950 25802.52700 25441.17400 26601.98100 26242.53850 25881.18550
26516.65600 26158.77450 25798.96500 26957.17250 26599.29100 26239.48150 27399.26800 27041.38650 26681.57700 26160.52400 25801.08150 25439.72850 26601.04050 26241.59800 25880.24500 27043.13600 26683.69350 26322.34050 25802.82050 25441.83550 25078.96050 26243.33700 25882.35200 25519.47700 26685.43250 26324.44750 25961.57250
26599.60300 26240.16050 25878.80750 27042.20300 26682.76050 26321.40750 27486.36100 27126.91850 26765.56550 26241.89950 25880.91450 25518.03950 26684.49950 26323.51450 25960.63950 27128.65750 26767.67250 26404.79750 25882.64350 25520.13750 25155.76000 26325.24350 25962.73750 25598.36000 26769.40150 26406.89550 26042.51800
26683.06950 26322.08450 25959.20950 27127.73150 26766.74650 26403.87150 27573.93150 27212.94650 26850.07150 26323.81350 25961.30750 25596.93000 26768.47550 26405.96950 26041.59200 27214.67550 26852.16950 26487.79200 25963.02600 25599.01850 25233.15900 26407.68800 26043.68050 25677.82100 26853.88800 26489.88050 26124.02100
26767.05400 26404.54800 26040.17050 27213.75650 26851.25050 26486.87300 27661.97700 27299.47100 26935.09350 26406.26650 26042.25900 25676.39950 26852.96900 26488.96150 26123.10200 27301.18950 26937.18200 26571.32250 26043.96750 25678.47900 25311.15800 26490.67000 26125.18150 25757.86050 26938.89050 26573.40200 26206.08100
26851.55450 26487.54700 26121.68750 27300.27800 26936.27050 26570.41100 27750.49700 27386.48950 27020.63000 26489.25550 26123.76700 25756.44600 26937.97900 26572.49050 26205.16950 27388.19800 27022.70950 26655.38850 26125.46650 25758.51750 25389.75600 26574.19000 26207.24100 25838.47950 27024.40900 26657.46000 26288.69850
26936.57200 26571.08350 26203.76250 27387.29350 27021.80500 26654.48400 27839.49050 27474.00200 27106.68100 26572.78300 26205.83400 25837.07250 27023.50450 26656.55550 26287.79400 27475.70150 27108.75250 26739.99100 26207.52400 25839.13550 25468.95400 26658.24550 26289.85700 25919.67550 27110.44250 26742.05400 26371.87250
27022.10500 26655.15600 26286.39450 27474.80300 27107.85400 26739.09250 27928.95600 27562.00700 27193.24550 26656.84600 26288.45750 25918.27600 27109.54400 26741.15550 26370.97400 27563.69700 27195.30850 26825.12700 26290.13800 25920.33000 25548.75050 26742.83600 26373.02800 26001.44850 27196.98900 26827.18100 26455.60150
27108.15200 26739.76350 26369.58200 27562.80550 27194.41700 26824.23550 28018.89200 27650.50350 27280.32200 26741.44400 26371.63600 26000.05650 27196.09750 26826.28950 26454.71000 27652.18400 27282.37600 26910.79650 26373.30800 26002.10250 25629.14550 26827.96150 26456.75600 26083.79900 27284.04800 26912.84250 26539.88550
27194.71250 26824.90450 26453.32500 27651.29900 27281.49100 26909.91150 28109.29800 27739.49000 27367.91050 26826.57650 26455.37100 26082.41400 27283.16300 26911.95750 26539.00050 27741.16200 27369.95650 26996.99950 26457.03400 26084.45200 25710.13850 26913.62050 26541.03850 26166.72500 27371.61950 26999.03750 26624.72400
27281.78500 26910.57950 26537.62250 27740.28300 27369.07750 26996.12050 28200.17150 27828.96600 27456.00900 26912.24250 26539.66050 26165.34700 27370.74050 26998.15850 26623.84500 27830.62900 27458.04700 27083.73350 26541.31450 26167.37750 25791.72900 26999.81250 26625.87550 26250.22700 27459.70100 27085.76400 26710.11550
27369.36950 26996.78750 26622.47400 27829.75700 27457.17500 27082.86150 28291.51300 27918.93100 27544.61750 26998.44150 26624.50450 26248.85600 27458.82900 27084.89200 26709.24350 27920.58500 27546.64800 27170.99950 26626.14950 26250.87900 25873.91750 27086.53700 26711.26650 26334.30500 27548.29300 27173.02250 26796.06100
27457.46450 27083.52750 26707.87900 27919.71950 27545.78250 27170.13400 28383.32050 28009.38350 27633.73500 27085.17250 26709.90200 26332.94050 27547.42750 27172.15700 26795.19550 28011.02850 27635.75800 27258.79650 26711.53900 26334.95600 25956.70350 27173.79400 26797.21100 26418.95850 27637.39500 27260.81200 26882.55950
27546.06950 27170.79900 26793.83750 28010.16850 27634.89800 27257.93650 28475.59250 28100.32200 27723.36050 27172.43600 26795.85300 26417.60050 27636.53500 27259.95200 26881.69950 28101.95900 27725.37600 27347.12350 26797.48150 26419.60850 26040.08650 27261.58050 26883.70750 26504.18550 27727.00450 27349.13150 26969.60950
27635.18350 27258.60050 26880.34800 28101.10500 27724.52200 27346.26950 28568.32800 28191.74500 27813.49250 27260.22900 26882.35600 26502.83400 27726.15050 27348.27750 26968.75550 28193.37350 27815.50050 27435.97850 26883.97650 26504.83500 26124.06500 27349.89800 26970.75650 26589.98650 27817.12100 27437.97950 27057.20950
27724.80550 27346.93250 26967.41050 28192.52600 27814.65300 27435.13100 28661.52650 28283.65350 27904.13150 27348.55300 26969.41150 26588.64150 27816.27350 27437.13200 27056.36200 28285.27400 27906.13250 27525.36250 26971.02400 26590.63550 26208.64100 27438.74450 27058.35600 26676.36150 27907.74500 27527.35650 27145.36200
27814.93450 27435.79300 27055.02300 28284.43150 27905.29000 27524.52000 28755.18600 28376.04450 27995.27450 27437.40550 27057.01700 26675.02250 27906.90250 27526.51400 27144.51950 28377.65700 27997.26850 27615.27400 27058.62250 26677.00950 26293.81150 27528.11950 27146.50650 26763.30850 27998.87400 27617.26100 27234.06300
27905.57000 27525.18150 27143.18700 28376.82000 27996.43150 27614.43700 28849.30500 28468.91650 28086.92200 27526.78700 27145.17400 26761.97600 27998.03700 27616.42400 27233.22600 28470.52200 28088.90900 27705.71100 27146.77150 26763.95650 26379.57850 27618.02150 27235.20650 26850.82850 28090.50650 27707.69150 27323.31350
27996.71100 27615.09800 27231.90000 28469.69100 28088.07800 27704.88000 28943.88350 28562.27050 28179.07250 27616.69550 27233.88050 26849.50250 28089.67550 27706.86050 27322.48250 28563.86800 28181.05300 27796.67500 27235.47150 26851.47650 26465.94050 27708.45150 27324.45650 26938.92050 28182.64400 27798.64900 27413.11300
28088.35550 27705.54050 27321.16250 28563.04250 28180.22750 27795.84950 29038.91850 28656.10350 28271.72550 27707.13150 27323.13650 26937.60050 28181.81850 27797.82350 27412.28750 28657.69450 28273.69950 27888.16350 27324.71950 26939.56800 26552.89750 27799.40650 27414.25500 27027.58450 28275.28250 27890.13100 27503.46050
28180.50400 27796.50900 27410.97300 28656.87450 28272.87950 27887.34350 29134.41100 28750.41600 28364.88000 27798.09200 27412.94050 27026.27000 28274.46250 27889.31100 27502.64050 28751.99900 28366.84750 27980.17700 27414.51700 27028.23100 26640.44800 27890.88750 27504.60150 27116.81850 28368.42400 27982.13800 27594.35500
28273.15400 27888.00250 27501.33200 28751.18450 28366.03300 27979.36250 29230.35700 28845.20550 28458.53500 27889.57900 27503.29300 27115.51000 28367.60950 27981.32350 27593.54050 28846.78200 28460.49600 28072.71300 27504.86250 27117.46550 26728.59350 27982.89300 27595.49600 27206.62400 28462.06550 28074.66850 27685.79650
28366.30650 27980.02050 27592.23750 28845.97250 28459.68650 28071.90350 29326.75800 28940.47200 28552.68900 27981.59000 27594.19300 27205.32100 28461.25600 28073.85900 27684.98700 28942.04150 28554.64450 28165.77250 27595.75550 27207.27000 26817.33250 28075.42150 27686.93600 27296.99850 28556.20700 28167.72150 27777.78400
28459.95850 28072.56150 27683.68950 28941.23700 28553.84000 28164.96800 29423.61100 29036.21400 28647.34200 28074.12400 27685.63850 27295.70100 28555.40250 28166.91700 27776.97950 29037.77650 28649.29100 28259.35350 27687.19500 27297.64400 26906.66400 28168.47350 27778.92250 27387.94250 28650.84750 28261.29650 27870.31650
28554.11050 28165.62500 27775.68750 29036.97750 28648.49200 28258.55450 29520.91450 29132.42900 28742.49150 28167.18150 27777.63050 27386.65050 28650.04850 28260.49750 27869.51750 29133.98550 28744.43450 28353.45450 27779.18050 27388.58800 26996.58850 28262.04750 27871.45500 27479.45550 28745.98450 28355.39200 27963.39250
28648.76150 28259.21050 27868.23050 29133.19200 28743.64100 28352.66100 29618.66900 29229.11800 28838.13800 28260.76050 27870.16800 27478.16850 28745.19100 28354.59850 27962.59900 29230.66800 28840.07550 28448.07600 27871.71150 27480.10100 27087.10600 28356.14200 27964.53150 27571.53650 28841.61900 28450.00850 28057.01350
28743.90950 28353.31700 27961.31750 29229.87900 28839.28650 28447.28700 29716.87150 29326.27900 28934.27950 28354.86050 27963.25000 27570.25500 28840.83000 28449.21950 28056.22450 29327.82250 28936.21200 28543.21700 27964.78750 27572.18250 27178.21600 28450.75700 28058.15200 27664.18550 28937.74950 28545.14450 28151.17800
28839.55400 28447.94350 28054.94850 29327.03850 28935.42800 28542.43300 29815.52200 29423.91150 29030.91650 28449.48100 28056.87600 27662.90950 28936.96550 28544.36050 28150.39400 29425.44900 29032.84400 28638.87750 28058.40700 27664.83100 27269.91700 28545.89150 28152.31550 27757.40150 29034.37500 28640.79900 28245.88500
28935.69450 28543.08950 28149.12300 29424.66950 29032.06450 28638.09800 29914.61850 29522.01350 29128.04700 28544.62050 28151.04450 27756.13050 29033.59550 28640.01950 28245.10550 29523.54450 29129.96850 28735.05450 28152.57050 27758.04700 27362.20900 28641.54550 28247.02200 27851.18400 29131.49450 28736.97100 28341.13300
29032.32900 28638.75300 28243.83900 29522.76950 29129.19350 28734.27950 30014.15950 29620.58350 29225.66950 28640.27900 28245.75550 27849.91750 29130.71950 28736.19600 28340.35800 29622.10950 29227.58600 28831.74800        nan        nan        nan        nan        nan        nan        nan        nan        nan
