       nan        nan        nan        nan        nan        nan        nan        nan        nan  405.74917        nan        nan        nan        nan        nan        nan        nan        nan  405.79718  406.50589        nan        nan        nan        nan        nan        nan        nan
 405.69496        nan        nan  405.04834        nan        nan        nan        nan        nan  405.74296  406.45148        nan  405.09619  405.80246        nan        nan        nan        nan  405.83904  406.55391  407.14633  405.19197  405.90456  406.49508        nan        nan        nan
 405.63445  406.34259        nan  404.97938  405.68523        nan  404.43974  405.14371        nan  405.73048  406.44497  407.03707  405.07510  405.78727  406.37746  404.53520  405.24548  405.83409  405.87474  406.59876  407.20713  405.21889  405.94057  406.54697  404.67861  405.39837  406.00315
 405.56744  406.28135  406.87298  404.89958  405.61114  406.20082  404.33787  405.04745  405.63549  405.71158  406.43502  407.04290  405.04325  405.76430  406.37018  404.48113  405.20019  405.80437  405.90417  406.64033  407.26917  405.23520  405.96894  406.59570  404.67255  405.40425  406.02927
 405.49371  406.21637  406.82360  404.80880  405.52902  406.13419  404.21922  404.93734  405.54074  405.68609  406.42146  407.04962  405.00053  405.73342  406.35945  404.41039  405.14114  405.76534  405.92718  406.67844  407.33176  405.24081  405.98953  406.64064  404.64996  405.39650  406.04570
 405.41303  406.14741  406.77472  404.70693  405.43875  406.06387  404.08463  404.81420  405.43740  405.65379  406.40404  407.05648  404.94686  405.69449  406.34465  404.32382  405.06916  405.71731  405.94358  406.71284  407.39412  405.23564  406.00221  406.68111  404.61172  405.37593  406.05274
 405.32515  406.07419  406.72557  404.59395  405.34029  405.98931  403.93501  404.67891  405.32582  405.61448  406.38248  407.06266  404.88223  405.64746  406.32518  404.22235  404.98509  405.66060  405.95317  406.74318  407.45545  405.21971  406.00686  406.71655  404.55873  405.34332  406.05068
 405.22987  405.99642  406.67531  404.46993  405.23361  405.90994  403.77119  404.53223  405.20622  405.56793  406.35644  407.06735  404.80672  405.59227  406.30051  404.10682  404.88965  405.59543  405.95574  406.76915  407.51493  405.19308  406.00343  406.74641  404.49184  405.29939  406.03978
 405.12701  405.91381  406.62317  404.33505  405.11876  405.82535  403.59398  404.37483  405.07881  405.51398  406.32562  407.06978  404.72051  405.52897  406.27020  403.97803  404.78352  405.52203  405.95110  406.79036  407.57183  405.15591  405.99189  406.77028  404.41183  405.24474  406.02027
 405.01643  405.82607  406.56840  404.18951  404.99584  405.73513  403.40409  404.20730  404.94371  405.45247  406.28967  407.06921  404.62377  405.45755  406.23389  403.83667  404.66720  405.44053  405.93908  406.80647  407.62545  405.10839  405.97223  406.78785  404.31941  405.17988  405.99232
 404.89799  405.73291  406.51031  404.03355  404.86490  405.63897  403.20218  404.03011  404.80100  405.38328  406.24829  407.06502  404.51676  405.37808  406.19131  403.68341  404.54118  405.35105  405.91953  406.81714  407.67515  405.05072  405.94449  406.79882  404.21517  405.10525  405.95605
 404.77168  405.63408  406.44834  403.86745  404.72600  405.53661  402.98883  403.84365  404.65072  405.30631  406.20121  407.05662  404.39970  405.29059  406.14217  403.51876  404.40577  405.25364  405.89234  406.82205  407.72040  404.98311  405.90865  406.80297  404.09963  405.02114  405.91154
 404.63740  405.52934  406.38192  403.69145  404.57922  405.42781  402.76455  403.64825  404.49293  405.22149  406.14812  407.04350  404.27282  405.19511  406.08628  403.34325  404.26130  405.14837  405.85742  406.82092  407.76071  404.90577  405.86475  406.80012  403.97329  404.92786  405.85891
 404.49514  405.41845  406.31061  403.50583  404.42462  405.31241  402.52980  403.44415  404.32763  405.12878  406.08883  407.02523  404.13638  405.09172  406.02352  403.15730  404.10802  405.03529  405.81467  406.81350  407.79565  404.81891  405.81283  406.79015  403.83653  404.82563  405.79819
 404.34493  405.30126  406.23403  403.31080  404.26224  405.19023  402.28499  403.23159  404.15484  405.02817  406.02312  407.00145  403.99055  404.98040  405.95371  402.96127  403.94608  404.91442  405.76407  406.79958  407.82490  404.72268  405.75288  406.77292  403.68968  404.71462  405.72944
 404.18674  405.17755  406.15181  403.10661  404.09214  405.06117  402.03045  403.01072  403.97457  404.91959  405.95078  406.97182  403.83555  404.86123  405.87678  402.75550  403.77569  404.78580  405.70556  406.77894  407.84810  404.61731  405.68494  406.74835  403.53309  404.59499  405.65268
 404.02060  405.04722  406.06371  402.89344  403.91433  404.92513  401.76653  402.78171  403.78684  404.80309  405.87169  406.93608  403.67155  404.73418  405.79261  402.54029  403.59697  404.64945  405.63912  406.75143  407.86502  404.50292  405.60900  406.71633  403.36700  404.46687  405.56797
 403.84654  404.91009  405.96944  402.67148  403.72885  404.78201  401.49348  402.54466  403.59165  404.67863  405.78567  406.89397  403.49873  404.59932  405.70114  402.31589  403.41002  404.50537  405.56472  406.71691  407.87540  404.37966  405.52511  406.67681  403.19166  404.33038  405.47530
 403.66460  404.76609  405.86882  402.44092  403.53574  404.63177  401.21156  402.29969  403.38901  404.54625  405.69265  406.84530  403.31724  404.45667  405.60230  402.08252  403.21498  404.35358  405.48236  406.67522  407.87907  404.24766  405.43326  406.62975  403.00725  404.18558  405.37470
 403.47481  404.61513  405.76166  402.20190  403.33503  404.47431  400.92100  402.04692  403.17892  404.40595  405.59249  406.78992  403.12718  404.30621  405.49604  401.84039  403.01189  404.19411  405.39203  406.62629  407.87583  404.10702  405.33346  406.57505  402.81398  404.03257  405.26619
 403.27718  404.45709  405.64782  401.95457  403.12674  404.30963  400.62199  401.78639  402.96142  404.25776  405.48511  406.72763  402.92871  404.14800  405.38233  401.58968  402.80086  404.02696  405.29372  406.57001  407.86554  403.95787  405.22574  406.51271  402.61199  403.87142  405.14979
 403.07179  404.29194  405.52715  401.69905  402.91089  404.13767  400.31471  401.51820  402.73650  404.10167  405.37045  406.65834  402.72193  403.98204  405.26111  401.33054  402.58195  403.85215  405.18744  406.50630  407.84808  403.80029  405.11011  406.44268  402.40145  403.70220  405.02551
 402.85864  404.11962  405.39956  401.43547  402.68754  403.95840  399.99931  401.24242  402.50417  403.93774  405.24845  406.58194  402.50694  403.80837  405.13238  401.06312  402.35522  403.66970  405.07321  406.43509  407.82333  403.63437  404.98658  406.36493  402.18247  403.52495  404.89335
 402.63779  403.94007  405.26494  401.16392  402.45667  403.77181  399.67595  400.95911  402.26447  403.76596  405.11905  406.49830  402.28383  403.62699  404.99608  400.78756  402.12073  403.47960  404.95102  406.35633  407.79119  403.46020  404.85516  406.27942  401.95517  403.33973  404.75333
 402.40928  403.75328  405.12323  400.88450  402.21832  403.57785  399.34476  400.66834  402.01740  403.58638  404.98222  406.40738  402.05269  403.43792  404.85221  400.50398  401.87854  403.28190  404.82090  406.26997  407.75159  403.27783  404.71585  406.18613  401.71968  403.14660  404.60548
 402.17314  403.55921  404.97435  400.59734  401.97254  403.37656  399.00588  400.37017  401.76299  403.39902  404.83791  406.30908  401.81361  403.24120  404.70076  400.21250  401.62871  403.07660  404.68284  406.17596  407.70443  403.08735  404.56870  406.08507  401.47609  402.94560  404.44981
 401.92941  403.35782  404.81824  400.30249  401.71934  403.16789  398.65943  400.06465  401.50127  403.20389  404.68610  406.20335  401.56666  403.03683  404.54172  399.91322  401.37128  402.86374  404.53686  406.07427  407.64966  402.88881  404.41369  405.97620  401.22449  402.73677  404.28632
 401.67815  403.14913  404.65487  400.00005  401.45875  402.95186  398.30548  399.75183  401.23224  403.00104  404.52677  406.09015  401.31189  402.82483  404.37506  399.60621  401.10630  402.64330  404.38300  405.96487  407.58724  402.68227  404.25083  405.85952  400.96495  402.52014  404.11505
 401.41936  402.93312  404.48418  399.69010  401.19081  402.72847  397.94417  399.43178  400.95596  402.79048  404.35989  405.96944  401.04941  402.60525  404.20084  399.29162  400.83382  402.41537  404.22125  405.84774  407.51710  402.46781  404.08019  405.73502  400.69759  402.29579  403.93600
 401.15311  402.70975  404.30617  399.37269  400.91552  402.49772  397.57557  399.10452  400.67242  402.57224  404.18546  405.84115  400.77924  402.37809  404.01897  398.96946  400.55388  402.17989  404.05162  405.72284  407.43920  402.24544  403.90172  405.60267  400.42243  402.06370  403.74917
 400.87943  402.47908  404.12079  399.04792  400.63296  402.25961  397.19979  398.77015  400.38168  402.34636  404.00348  405.70529  400.50146  402.14338  403.82952  398.63987  400.26654  401.93694  403.87416  405.59019  407.35350  402.01525  403.71549  405.46250  400.13960  401.82398  403.55461
 400.59835  402.24107  403.92803  398.71583  400.34312  402.01416  396.81689  398.42868  400.08375  402.11288  403.81394  405.56180  400.21613  401.90115  403.63246  398.30291  399.97183  401.68651  403.68888  405.44976  407.25998  401.77727  403.52148  405.31448  399.84913  401.57660  403.35233
 400.30992  401.99573  403.72785  398.37652  400.04605  401.76138  396.42699  398.08019  399.77866  401.87179  403.61682  405.41068  399.92331  401.65142  403.42781  397.95865  399.66978  401.42865  403.49577  405.30153  407.15860  401.53155  403.31973  405.15864  399.55110  401.32164  403.14233
 400.01418  401.74308  403.52029  398.03004  399.74179  401.50129  396.03014  397.72470  399.46645  401.62316  403.41216  405.25191  399.62306  401.39424  403.21560  397.60716  399.36048  401.16338  403.29490  405.14552  407.04935  401.27815  403.11027  404.99498  399.24556  401.05912  402.92466
 399.71117  401.48313  403.30530  397.67644  399.43037  401.23391  395.62644  397.36229  399.14716  401.36699  403.19992  405.08548  399.31541  401.12961  402.99581  397.24852  399.04395  400.89074  403.08626  404.98170  406.93220  401.01712  402.89310  404.82349  398.93262  400.78911  402.69933
 399.40091  401.21589  403.08289  397.31578  399.11182  400.95924  395.21593  396.99298  398.82080  401.10335  402.98014  404.91136  399.00045  400.85757  402.76845  396.88280  398.72021  400.61072  402.86988  404.81009  406.80714  400.74846  402.66825  404.64417  398.61226  400.51159  402.46635
 399.08350  400.94139  402.85308  396.94814  398.78617  400.67730  394.79872  396.61685  398.48742  400.83224  402.75283  404.72959  398.67818  400.57814  402.53355  396.51004  398.38934  400.32339  402.64579  404.63070  406.67417  400.47225  402.43573  404.45704  398.28460  400.22664  402.22576
 398.75890  400.65963  402.61584  396.57356  398.45347  400.38814  394.37487  396.23393  398.14706  400.55370  402.51798  404.54011  398.34870  400.29136  402.29113  396.13033  398.05136  400.02875  402.41401  404.44351  406.53324  400.18854  402.19559  404.26210  397.94968  399.93429  401.97757
 398.42721  400.37064  402.37120  396.19213  398.11376  400.09177  393.94444  395.84428  397.79975  400.26777  402.27562  404.34296  398.01205  399.99728  402.04120  395.74372  397.70633  399.72685  402.17456  404.24853  406.38437  399.89735  401.94785  404.05938  397.60755  399.63457  401.72180
 398.08846  400.07445  402.11917  395.80386  397.76707  399.78821  393.50750  395.44794  397.44552  399.97449  402.02578  404.13813  397.66826  399.69590  401.78378  395.35028  397.35429  399.41771  401.92749  404.04581  406.22758  399.59875  401.69252  403.84889  397.25827  399.32753  401.45851
 397.74267  399.77107  401.85973  395.40883  397.41343  399.47748  393.06412  395.04497  397.08442  399.67388  401.76845  403.92563  397.31739  399.38727  401.51889  394.95007  396.99529  399.10138  401.67280  403.83530  406.06282  399.29275  401.42963  403.63062  396.90189  399.01319  401.18769
 397.38990  399.46054  401.59294  395.00711  397.05292  399.15963  392.61438  394.63542  396.71649  399.36598  401.50365  403.70545  396.95950  399.07142  401.24655  394.54314  396.62935  398.77787  401.41052  403.61705  405.89011  398.97942  401.15922  403.40461  396.53847  398.69161  400.90938
 397.03019  399.14286  401.31877  394.59872  396.68553  398.83466  392.15833  394.21933  396.34176  399.05083  401.23141  403.47761  396.59462  398.74838  400.96678  394.12956  396.25655  398.44724  401.14070  403.39105  405.70945  398.65878  400.88130  403.17086  396.16807  398.36282  400.62363
 396.66358  398.81809  401.03727  394.18375  396.31132  398.50262  391.69603  393.79676  395.96026  398.72846  400.95176  403.24212  396.22282  398.41818  400.67962  393.70938  395.87690  398.10950  400.86335  403.15733  405.52085  398.33089  400.59589  402.92939  395.79072  398.02685  400.33042
 396.29013  398.48624  400.74845  393.76225  395.93035  398.16355  391.22756  393.36776  395.57207  398.39891  400.66469  402.99900  395.84414  398.08088  400.38508  393.28267  395.49047  397.76470  400.57850  402.91590  405.32430  397.99579  400.30306  402.68023  395.40648  397.68375  400.02982
 395.90986  398.14733  400.45231  393.33426  395.54264  397.81747  390.75297  392.93238  395.17720  398.06222  400.37026  402.74823  395.45863  397.73650  400.08319  392.84948  395.09730  397.41287  400.28618  402.66680  405.11982  397.65352  400.00283  402.42341  395.01542  397.33357  399.72186
 395.52282  397.80143  400.14890  392.89983  395.14823  397.46439  390.27233  392.49067  394.77570  397.71842  400.06851  402.48988  395.06632  397.38508  399.77398  392.40987  394.69745  397.05406  399.98645  402.41002  404.90743  397.30412  399.69519  402.15892  394.61758  396.97633  399.40655
 395.12906  397.44856  399.83823  392.45903  394.74719  397.10439  389.78570  392.04270  394.36762  397.36757  399.75941  402.22393  394.66730  397.02665  399.45749  391.96390  394.29094  396.68830  399.67930  402.14558  404.68712  396.94763  399.38022  401.88681  394.21301  396.61209  399.08395
 394.72864  397.08873  399.52033  392.01193  394.33954  396.73748  389.29314  391.58848  393.95299  397.00968  399.44303  401.95042  394.26159  396.66126  399.13374  391.51161  393.87783  396.31562  399.36479  401.87353  404.45890  396.58411  399.05793  401.60708  393.80176  396.24088  398.75405
 394.32160  396.72201  399.19524  391.55855  393.92533  396.36371  388.79471  391.12810  393.53187  396.64483  399.11941  401.66935  393.84924  396.28895  398.80274  391.05309  393.45818  395.93606  399.04297  401.59389  404.22281  396.21359  398.72835  401.31977  393.38389  395.86274  398.41693
 393.90795  396.34839  398.86294  391.09896  393.50462  395.98309  388.29049  390.66161  393.10429  396.27301  398.78853  401.38073  393.43031  395.90975  398.46455  390.58837  393.03201  395.54969  398.71382  401.30665  403.97882  395.83612  398.39153  401.02490  392.95945  395.47774  398.07260
 393.48779  395.96796  398.52351  390.63323  393.07743  395.59569  387.78052  390.18904  392.67031  395.89431  398.45047  401.08462  393.00485  395.52372  398.11919  390.11752  392.59940  395.15650  398.37742  401.01186  403.72700  395.45174  398.04750  400.72251  392.52848  395.08587  397.72110
 393.06113  395.58073  398.17695  390.16139  392.64383  395.20152  387.26488  389.71048  392.22997  395.50873  398.10523  400.78103  392.57290  395.13087  397.76670  389.64060  392.16038  394.75660  398.03380  400.70954  403.46732  395.06050  397.69628  400.41260  392.09107  394.68724  397.36247
 392.62804  395.18674  397.82331  389.68352  392.20386  394.80065  386.74360  389.22594  391.78332  395.11635  397.75287  400.46997  392.13453  394.73128  397.40711  389.15766  391.71500  394.34996  397.68299  400.39973  403.19983  394.66245  397.33794  400.09523  391.64722  394.28185  396.99674
 392.18855  394.78602  397.46260  389.19966  391.75755  394.39309  386.21679  388.73550  391.33040  394.71718  397.39341  400.15147  391.68976  394.32496  397.04045  388.66875  391.26332  393.93667  397.32500  400.08243  402.92452  394.25761  396.97248  399.77040  391.19701  393.86976  396.62396
 391.74272  394.37864  397.09487  388.70986  391.30498  393.97890  385.68447  388.23922  390.87126  394.31126  397.02688  399.82557  391.23866  393.91197  396.66677  388.17393  390.80539  393.51676  396.95991  399.75769  402.64144  393.84605  396.59996  399.43817  390.74051  393.45100  396.24416
 391.29059  393.96462  396.72016  388.21418  390.84619  393.55812  385.14670  387.73714  390.40595  393.89868  396.65332  399.49230  390.78129  393.49235  396.28610  387.67327  390.34123  393.09026  396.58776  399.42555  402.35061  393.42783  396.22041  399.09856  390.27774  393.02563  395.85738
 390.83222  393.54399  396.33847  387.71269  390.38119  393.13079  384.60358  387.22932  389.93453  393.47945  396.27277  399.15167  390.31769  393.06614  395.89848  387.16683  389.87093  392.65725  396.20855  399.08601  402.05203  393.00295  395.83387  398.75158  389.80877  392.59370  395.46366
 390.36765  393.11682  395.94988  387.20544  389.91009  392.69696  384.05514  386.71580  389.45704  393.05361  395.88526  398.80373  389.84791  392.63340  395.50394  386.65464  389.39452  392.21773  395.82234  398.73912  401.74575  392.57150  395.44039  398.39730  389.33364  392.15523  395.06303
 389.89694  392.68314  395.55441  386.69247  389.43289  392.25666  383.50144  386.19666  388.97353  392.62123  395.49084  398.44851  389.37200  392.19414  395.10252  386.13678  388.91206  391.77178  395.42919  398.38492  401.43178  392.13352  395.04000  398.03572  388.85244  391.71031  394.65555
 389.42013  392.24298  395.15208  386.17385  388.94966  391.80994  382.94254  385.67193  388.48404  392.18234  395.08955  398.08602  388.89003  391.74846  394.69427  385.61331  388.42359  391.31943  395.02911  398.02344  401.11015  391.68904  394.63276  397.66690  388.36518  391.25896  394.24125
 388.93729  391.79641  394.74295  385.64965  388.46046  391.35685  382.37852  385.14169  387.98862  391.73697  394.68142  397.71631  388.40204  391.29637  394.27924  385.08425  387.92917  390.86073  394.62215  397.65470  400.78088  391.23812  394.21868  397.29087  387.87192  390.80122  393.82017
 388.44844  391.34347  394.32706  385.11989  387.96534  390.89744  381.80942  384.60598  387.48734  391.28521  394.26649  397.33942  387.90808  390.83792  393.85744  384.54971  387.42886  390.39573  394.20839  397.27875  400.44403  390.78082  393.79783  396.90766  387.37275  390.33716  393.39236
 387.95367  390.88421  393.90444  384.58465  387.46432  390.43174  381.23532  384.06487  386.98025  390.82709  393.84481  396.95539  387.40820  390.37316  393.42893  384.00973  386.92270  389.92448  393.78782  396.89563  400.09959  390.31716  393.37022  396.51729  386.86769  389.86682  392.95786
 387.45300  390.41864  393.47513  384.04399  386.95748  389.95981  380.65627  383.51840  386.46739  390.36263  393.41641  396.56422  386.90246  389.90214  392.99374  383.46435  386.41075  389.44701  393.36050  396.50537  399.74762  389.84722  392.93594  396.11985  386.35681  389.39025  392.51673
 386.94648  389.94684  393.03916  383.49796  386.44487  389.48168  380.07232  382.96662  385.94880  389.89191  392.98135  396.16599  386.39093  389.42491  392.55195  382.91364  385.89305  388.96340  392.92648  396.10800  399.38813  389.37104  392.49501  395.71533  385.84015  388.90750  392.06899
 386.43420  389.46886  392.59661  382.94662  385.92655  388.99743  379.48356  382.40963  385.42458  389.41498  392.53966  395.76071  385.87364  388.94152  392.10356  382.35768  385.36969  388.47369  392.48580  395.70357  399.02117  388.88865  392.04747  395.30379  385.31779  388.41863  391.61471
 385.91618  388.98475  392.14749  382.39004  385.40256  388.50709  378.89002  381.84744  384.89473  388.93186  392.09138  395.34844  385.35065  388.45202  391.64865  381.79648  384.84068  387.97791  392.03853  395.29211  398.64676  388.40014  391.59337  394.88527  384.78976  387.92366  391.15390
 385.39248  388.49452  391.69186  381.82824  384.87295  388.01071  378.29177  381.28012  384.35933  388.44264  391.63656  394.92920  384.82203  387.95645  391.18724  381.23014  384.30609  387.47612  391.58467  394.87368  398.26494  387.90552  391.13277  394.45981  384.25612  387.42268  390.68664
 384.86316  387.99826  391.22975  381.26132  384.33777  387.50833  377.68888  380.70773  383.81843  387.94732  391.17527  394.50303  384.28779  387.45488  390.71938  380.65869  383.76599  386.96838  391.12430  394.44829  397.87576  387.40488  390.66568  394.02745  383.71694  386.91570  390.21297
 384.32826  387.49602  390.76122  380.68929  383.79710  387.00000  377.08139  380.13034  383.27208  387.44601  390.70751  394.07000  383.74804  386.94732  390.24513  380.08221  383.22041  386.45473  390.65746  394.01602  397.47923  386.89823  390.19219  393.58822  383.17226  386.40282  389.73292
 383.78786  386.98781  390.28631  380.11226  383.25096  386.48580  376.46939  379.54797  382.72034  386.93871  390.23336  393.63011  383.20280  386.43388  389.76452  379.50074  382.66943  385.93522  390.18419  393.57687  397.07540  386.38566  389.71232  393.14218  382.62214  385.88405  389.24656
 383.24199  386.47372  389.80505  379.53026  382.69944  385.96575  375.85291  378.96072  382.16326  386.42549  389.75284  393.18342  382.65214  385.91456  389.27761  378.91435  382.11307  385.40991  389.70454  393.13091  396.66430  385.86720  389.22613  392.68937  382.06665  385.35945  388.75392
 382.69071  385.95378  389.31752  378.94334  382.14255  385.43990  375.23202  378.36862  381.60088  385.90642  389.26604  392.72999  382.09612  385.38944  388.78444  378.32310  381.55142  384.87885  389.21858  392.67819  396.24599  385.34292  388.73367  392.22984  381.50583  384.82910  388.25507
 382.13409  385.42806  388.82374  378.35158  381.58039  384.90832  374.60680  377.77174  381.03329  385.38153  388.77297  392.26984  381.53478  384.85856  388.28507  377.72705  380.98453  384.34210  388.72633  392.21873  395.82049  384.81286  388.23499  391.76362  380.93974  384.29303  387.75005
 381.57216  384.89660  388.32378  377.75502  381.01299  384.37106  373.97728  377.17014  380.46052  384.85088  388.27369  391.80303  380.96819  384.32198  387.77953  377.12624  380.41244  383.79969  388.22785  391.75259  395.38785  384.27707  387.73012  391.29077  380.36844  383.75129  387.23891
 381.00500  384.35945  387.81767  377.15373  380.44041  383.82816  373.34355  376.56387  379.88263  384.31453  387.76825  391.32960  380.39640  383.77975  387.26789  376.52075  379.83521  383.25169  387.72319  391.27982  394.94810  383.73561  387.21914  390.81132  379.79198  383.20395  386.72169
 380.43265  383.81665  387.30546  376.54777  379.86270  383.27968  372.70564  375.95298  379.29967  383.77250  387.25670  390.84959  379.81946  383.23193  386.75019  375.91062  379.25291  382.69816  387.21240  390.80046  394.50129  383.18855  386.70208  390.32534  379.21042  382.65105  386.19845
 379.85516  383.26828  386.78720  375.93718  379.27994  382.72568  372.06362  375.33755  378.71171  383.22488  386.73909  390.36305  379.23744  382.67857  386.22648  375.29593  378.66558  382.13913  386.69552  390.31454  394.04746  382.63591  386.17899  389.83286  378.62382  382.09265  385.66924
 379.27261  382.71438  386.26295  375.32204  378.69216  382.16620  371.41757  374.71763  378.11880  382.67171  386.21546  389.87002  378.65039  382.11971  385.69681  374.67673  378.07329  381.57469  386.17263  389.82213  393.58666  382.07778  385.64994  389.33394  378.03224  381.52882  385.13413
 378.68504  382.15500  385.73276  374.70238  378.09941  381.60129  370.76751  374.09325  377.52098  382.11306  385.68589  389.37057  378.05836  381.55541  385.16123  374.05306  377.47608  381.00485  385.64376  389.32328  393.11894  381.51418  385.11496  388.82861  377.43572  380.95957  384.59314
 378.09250  381.59019  385.19667  374.07828  377.50176  381.03102  370.11354  373.46451  376.91834  381.54895  385.15039  388.86473  377.46140  380.98573  384.61980  373.42501  376.87402  380.42971  385.10895  388.81802  392.64431  380.94519  384.57411  388.31693  376.83435  380.38501  384.04634
 377.49506  381.02002  384.65475  373.44981  376.89929  380.45545  369.45569  372.83144  376.31090  380.97947  384.60905  388.35255  376.85961  380.41074  384.07257  372.79262  376.26717  379.84928  384.56828  388.30642  392.16286  380.37086  384.02746  387.79896  376.22815  379.80516  383.49378
 376.89276  380.44453  384.10701  372.81700  376.29201  379.87460  368.79404  372.19411  375.69874  380.40464  384.06189  387.83407  376.25299  379.83047  383.51959  372.15594  375.65557  379.26365  384.02179  387.78852  391.67460  379.79125  383.47504  387.27473  375.61721  379.22009  382.93551
 376.28568  379.86379  383.55355  372.17993  375.68002  379.28857  368.12864  371.55259  375.08191  379.82456  383.50900  387.30936  375.64165  379.24500  382.96091  371.51506  375.03930  378.67286  383.46953  387.26435  391.17960  379.20641  382.91691  386.74432  375.00156  378.62984  382.37161
 375.67387  379.27784  382.99440  371.53865  375.06335  378.69738  367.45955  370.90691  374.46046  379.23925  382.95040  386.77847  375.02560  378.65435  382.39660  370.87000  374.41839  378.07698  382.91157  386.73400  390.67791  378.61639  382.35313  386.20775  374.38128  378.03449  381.80209
 375.05737  378.68674  382.42963  370.89321  374.44205  378.10110  366.78682  370.25714  373.83447  378.64877  382.38615  386.24144  374.40493  378.05861  381.82669  370.22084  373.79292  377.47604  382.34794  386.19750  390.16956  378.02125  381.78375  385.66508  373.75641  377.43408  381.22703
 374.43626  378.09055  381.85927  370.24368  373.81620  377.49978  366.11051  369.60334  373.20396  378.05319  381.81633  385.69832  373.77968  377.45781  381.25125  369.56764  373.16294  376.87012  381.77872  385.65490  389.65461  377.42106  381.20882  385.11637  373.12702  376.82866  380.64648
 373.81058  377.48932  381.28339  369.59011  373.18585  376.89348  365.43070  368.94558  372.56902  377.45256  381.24096  385.14917  373.14992  376.85202  380.67032  368.91046  372.52851  376.25926  381.20394  385.10626  389.13311  376.81585  380.62840  384.56166  372.49316  376.21831  380.06050
 373.18040  376.88311  380.70203  368.93257  372.55106  376.28226  364.74744  368.28390  371.92970  376.84692  380.66011  384.59403  372.51570  376.24130  380.08397  368.24935  371.88968  375.64353  380.62367  384.55162  388.60510  376.20570  380.04254  384.00103  371.85490  375.60306  379.46914
 372.54576  376.27197  380.11526  368.27111  371.91188  375.66617  364.06077  367.61836  371.28604  376.23636  380.07382  384.03297  371.87709  375.62570  379.49225  367.58437  371.24651  375.02297  380.03795  383.99104  388.07064  375.59066  379.45130  383.43451  371.21229  374.98299  378.87246
 371.90674  375.65595  379.52312  367.60578  371.26835  375.04526  363.37077  366.94902  370.63812  375.62090  379.48217  383.46603  371.23412  375.00527  378.89520  366.91558  370.59906  374.39766  379.44685  383.42458  387.52977  374.97078  378.85474  382.86215  370.56538  374.35815  378.27051
 371.26338  375.03512  378.92568  366.93665  370.62056  374.41960  362.67746  366.27593  369.98598  375.00063  378.88520  382.89326  370.58688  374.38009  378.29290  366.24303  369.94739  373.76763  378.85042  382.85228  386.98256  374.34613  378.25290  382.28402  369.91423  373.72858  377.66334
 370.61574  374.40954  378.32298  366.26377  369.96856  373.78923  361.98095  365.59917  369.32968  374.37558  378.28297  382.31473  369.93539  373.75018  377.68540  365.56679  369.29155  373.13296  378.24872  382.27421  386.42907  373.71675  377.64585  381.70017  369.25891  373.09436  377.05103
 369.96388  373.77925  377.71508  365.58720  369.31239  373.15423  361.28127  364.91878  368.66929  373.74581  377.67553  381.73049  369.27974  373.11562  377.07275  364.88691  368.63161  372.49370  377.64181  381.69042  385.86931  373.08271  377.03364  381.11065  368.59948  372.45554  376.43361
 369.30786  373.14433  377.10206  364.90701  368.65212  372.51465  360.57847  364.23482  368.00486  373.11141  377.06295  381.14059  368.61999  372.47648  376.45501  364.20345  367.96762  371.84990  377.02973  381.10096  385.30337  372.44407  376.41634  380.51551  367.93598  371.81218  375.81115
 368.64773  372.50481  376.48394  364.22325  367.98782  371.87053  359.87264  363.54736  367.33645  372.47239  376.44527  380.54507  367.95618  371.83280  375.83222  363.51648  367.29964  371.20162  376.41255  380.50588  384.73128  371.80088  375.79399  379.91483  367.26849  371.16433  375.18371
 367.98357  371.86077  375.86079  363.53596  367.31952  371.22193  359.16379  362.85643  366.66410  371.82884  375.82255  379.94402  367.28837  371.18463  375.20446  362.82603  366.62771  370.54892  375.79033  379.90525  384.15312  371.15320  375.16665  379.30864  366.59704  370.51204  374.55133
 367.31540  371.21224  375.23267  362.84522  366.64730  370.56893  358.45201  362.16211  365.98788  371.18080  375.19486  379.33747  366.61663  370.53205  374.57178  362.13219  365.95191  369.89185  375.16311  379.29911  383.56893  370.50110  374.53439  378.69701  365.92171  369.85539  373.91409
 366.64331  370.55931  374.59963  362.15108  365.97121  369.91157  357.73735  361.46445  365.30785  370.52835  374.56224  378.72548  365.94101  369.87510  373.93424  361.43499  365.27229  369.23049  374.53097  378.68754  382.97877  369.84462  373.89725  378.08000  365.24255  369.19442  373.27204
 365.96734  369.90201  373.96174  361.45360  365.29129  369.24991  357.01987  360.76351  364.62408  369.87152  373.92475  378.10811  365.26156  369.21384  373.29189  360.73450  364.58891  368.56488  373.89394  378.07057  382.38268  369.18381  373.25530  377.45766  364.55962  368.52921  372.62524
 365.28757  369.24042  373.31906  360.75283  364.60763  368.58401  356.29962  360.05934  363.93660  369.21038  373.28246  377.48543  364.57834  368.54834  372.64479  360.03077  363.90182  367.89508  373.25211  377.44827  381.78074  368.51875  372.60858  376.83003  363.87298  367.85978  371.97372
 364.60402  368.57457  372.67162  360.04882  363.92026  367.91392  355.57664  359.35199  363.24549  368.54499  372.63540  376.85746  363.89142  367.87863  371.99299  359.32387  363.21108  367.22113  372.60551  376.82070  381.17298  367.84949  371.95717  376.19720  363.18268  367.18623  371.31757
 363.91678  367.90454  372.01949  359.34165  363.22924  367.23970  354.85101  358.64153  362.55077  367.87541  371.98367  376.22430  363.20084  367.20479  371.33656  358.61384  362.51675  366.54312  371.95421  376.18792  380.55948  367.17608  371.30112  375.55920  362.48877  366.50858  370.65684
 363.22588  367.23039  371.36273  358.63136  362.53465  366.56142  354.12277  357.92802  361.85255  367.20167  371.32729  375.58597  362.50667  366.52688  370.67555  357.90074  361.81889  365.86109  371.29826  375.54998  379.94029  366.49860  370.64049  374.91611  361.79133  365.82693  369.99159
 362.53140  366.55217  370.70141  357.91800  361.83653  365.87912  353.39198  357.21151  361.15084  366.52388  370.66635  374.94257  361.80897  365.84496  370.01003  357.18464  361.11756  365.17509  370.63773  374.90693  379.31547  365.81708  369.97533  374.26798  361.09040  365.14129  369.32187
 361.83339  365.86993  370.03558  357.20165  361.13495  365.19287  352.65870  356.49205  360.44573  365.84205  370.00087  374.29412  361.10778  365.15906  369.34006  356.46558  360.41280  364.48520  369.97267  374.25885  378.68507  365.13160  369.30571  373.61487  360.38604  364.45175  368.64774
 361.13191  365.18373  369.36529  356.48233  360.42993  364.50272  351.92298  355.76970  359.73728  365.15626  369.33094  373.64070  360.40317  364.46927  368.66566  355.74363  359.70469  363.79147  369.30315  373.60578  378.04915  364.44220  368.63167  372.95683  359.67833  363.75837  367.96928
 360.42700  364.49365  368.69060  355.76013  359.72157  363.80873  351.18487  355.04452  359.02550  364.46658  368.65661  372.98235  359.69520  363.77563  367.98693  355.01884  358.99327  363.09395  368.62922  372.94778  377.40777  363.74896  367.95329  372.29392  358.96730  363.06119  367.28651
 359.71875  363.79972  368.01158  355.03510  359.00990  363.11096  350.44444  354.31656  358.31050  363.77304  367.97793  372.31915  358.98393  363.07820  367.30392  354.29126  358.27859  362.39270  367.95093  372.28493  376.76100  363.05192  367.27061  371.62622  358.25300  362.36028  366.59952
 359.00719  363.10200  367.32827  354.30728  358.29498  362.40946  349.70172  353.58585  357.59229  363.07571  367.29496  371.65115  358.26938  362.37704  366.61668  353.56093  357.56072  361.68777  367.26835  371.61726  376.10889  362.35114  366.58370  370.95376  357.53550  361.65567  365.90835
 358.29237  362.40055  366.64074  353.57673  357.57689  361.70431  348.95677  352.85250  356.87097  362.37465  366.60776  370.97840  357.55167  361.67221  365.92528  352.82794  356.83972  360.97924  366.58153  370.94485  375.45149  361.64668  365.89263  370.27662  356.81487  360.94747  365.21307
 357.57437  361.69544  365.94906  352.84352  356.85565  360.99554  348.20966  352.11652  356.14657  361.66991  365.91641  370.30097  356.83080  360.96377  365.22975  352.09233  356.11564  360.26715  365.89055  370.26774  374.78887  360.93860  365.19743  369.59484  356.09115  360.23569  364.51373
 356.85323  360.98673  365.25326  352.10767  356.13134  360.28321  347.46043  351.37799  355.41914  360.96156  365.22093  369.61891  356.10685  360.25176  364.53018  351.35415  355.38853  359.55155  365.19544  369.58601  374.12109  360.22695  364.49817  368.90851  355.36439  359.52041  363.81040
 356.12902  360.27445  364.55341  351.36928  355.40401  359.56739  346.70912  350.63695  354.68875  360.24964  364.52140  368.93231  355.37987  359.53625  363.82663  350.61345  354.65845  358.83252  364.49627  368.89971  373.44821  359.51180  363.79493  368.21766  354.63466  358.80169  363.10313
 355.40178  359.55867  363.84959  350.62836  354.67371  358.84814  345.95580  349.89344  353.95546  359.53422  363.81788  368.24118  354.64992  358.81730  363.11912  349.87028  353.92546  358.11010  363.79311  368.20890  372.77029  358.79320  363.08773  367.52236  353.90201  358.07957  362.39198
 354.67158  358.83948  363.14183  349.88499  353.94051  358.12551  345.20052  349.14755  353.21932  358.81537  363.11043  367.54562  353.91706  358.09497  362.40776  349.12473  353.18962  357.38436  363.08600  367.51364  372.08740  358.07121  362.37666  366.82268  353.16651  357.35412  361.67701
 353.93846  358.11688  362.43020  349.13923  353.20445  357.39955  344.44332  348.39930  352.48037  358.09312  362.39910  366.84567  353.18134  357.36931  361.69257  348.37681  352.45096  356.65534  362.37502  366.81399  371.39957  357.34589  361.66178  366.11865  352.42818  356.62540  360.95827
 353.20249  357.39097  361.71476  348.39110  352.46559  356.67032  343.68426  347.64877  351.73869  357.36755  361.68396  366.14139  352.44281  356.64038  360.97361  347.62660  351.70957  355.92311  361.66021  366.11002  370.70689  356.61728  360.94312  365.41036  351.68711  355.89346  360.23584
 352.46372  356.66179  360.99555  347.64069  351.72400  355.93788  342.92339  346.89600  350.99431  356.63869  360.96505  365.43284  351.70153  355.90823  360.25097  346.87414  350.96548  355.18772  360.94163  365.40177  370.00942  355.88546  360.22076  364.69788  350.94334  355.15836  359.50976
 351.72220  355.92940  360.27266  346.88804  350.97970  355.20229  342.16076  346.14103  350.24731  355.90662  360.24245  364.72011  350.95756  355.17292  359.52468  346.11949  350.21876  354.44924  360.21934  364.68930  369.30721  355.15046  359.49475  363.98123  350.19692  354.42014  358.78009
 350.97800  355.19386  359.54613  346.13319  350.23279  354.46361  341.39642  345.38393  349.49773  355.17140  359.51620  364.00322  350.21095  354.43452  358.79482  345.36270  349.46944  353.70771  359.49342  363.97270  368.60033  354.41238  358.76517  363.26051  349.44793  353.67889  358.04690
 350.23115  354.45521  358.81602  345.37620  349.48328  353.72188  340.63042  344.62474  348.74562  354.43307  358.78637  363.28224  349.46176  353.69306  358.06142  344.60382  348.71761  352.96319  358.76391  363.25200  367.88884  353.67123  358.03204  362.53574  348.69639  352.93465  357.31024
 349.48173  353.71352  358.08239  344.61714  348.73125  352.97717  339.86281  343.86353  347.99104  353.69169  358.05301  362.55724  348.71003  352.94862  357.32456  343.84290  347.96329  352.21574  358.03086  362.52727  367.17279  352.92710  357.29545  361.80702  347.94237  352.18746  356.57016
 348.72978  352.96886  357.34530  343.85604  347.97675  352.22953  339.09364  343.10033  347.23404  352.94733  357.31619  361.82828  347.95583  352.20125  356.58429  343.07999  347.20656  351.46542  357.29434  361.79858  366.45226  352.18002  356.55544  361.07438  347.18592  351.43739  355.82673
 347.97536  352.22126  356.60480  343.09295  347.21983  351.47902  338.32295  342.33520  346.47469  352.20003  356.57595  361.09541  347.19920  351.45099  355.84067  342.31515  346.44745  350.71227  356.55441  361.06598  365.72731  351.43006  355.81209  360.33790  346.42711  350.68451  355.08001
 347.21851  351.47078  355.86096  342.32793  346.46054  350.72569  337.55079  341.56819  345.71301  351.44985  355.83237  360.35870  346.44021  350.69792  355.09376  341.54842  345.68603  349.95636  355.81112  360.32953  364.99799  350.67728  355.06544  359.59764  345.66598  349.92885  354.33005
 346.45930  350.71749  355.11383  341.56103  345.69895  349.96960  336.77722  340.79936  344.94908  350.69685  355.08550  359.61821  345.67889  349.94209  354.34362  340.77986  344.92235  349.19775  355.06454  359.58929  364.26437  349.92173  354.31555  358.85363  344.90257  349.17048  353.57691
 345.69777  349.96144  354.36346  340.79230  344.93509  349.21081  336.00228  340.02874  344.18296  349.94108  354.33538  358.87398  344.91531  349.18354  353.59030  340.00952  344.15646  348.43647  354.31470  358.84532  363.52651  349.16346  353.56247  358.10597  344.13696  348.40945  352.82065
 344.93399  349.20268  353.60993  340.02179  344.16904  348.44936  335.22601  339.25640  343.41467  349.18260  353.58210  358.12611  344.14953  348.42234  352.83387  339.23744  343.38842  347.67261  353.56170  358.09769  362.78447  348.40253  352.80628  357.35470  343.36918  347.64583  352.06132
 344.16800  348.44127  352.85328  339.24955  343.40082  347.68533  334.44847  338.48237  342.64428  348.42146  352.82569  357.37461  343.38158  347.65854  352.07436  338.46368  342.61827  346.90619  352.80558  357.34645  362.03833  347.63901  352.04703  356.59989  342.59930  346.87965  351.29900
 343.39985  347.67726  352.09357  338.47562  342.63050  346.91873  333.66969  337.70672  341.87184  347.65774  352.06623  356.61959  342.61154  346.89219  351.31186  337.68830  341.84606  346.13729  352.04638  356.59166  361.28812  346.87293  351.28476  355.84158  341.82736  346.11098  350.53372
 342.62961  346.91072  351.33087  337.70008  341.85814  346.14968  332.88975  336.92949  341.09742  346.89145  351.30376  355.86108  341.83943  346.12336  350.54642  336.91131  341.07186  345.36596  351.28418  355.83338  360.53393  346.10436  350.51955  355.07985  341.05341  345.33987  349.76555
 341.85731  346.14168  350.56521  336.92294  341.08377  345.37817  332.10865  336.15072  340.32104  346.12268  350.53834  355.09913  341.06532  345.35209  349.77807  336.13280  340.29571  344.59224  350.51903  355.07168  359.77581  345.33334  349.75144  354.31475  340.27751  344.56638  348.99454
 341.08301  345.37022  349.79667  336.14427  340.30747  344.60429  331.32647  335.37047  339.54276  345.35147  349.77003  354.33383  340.28927  344.57844  349.00691  335.35279  339.51766  343.81619  349.75098  354.30661  359.01383  344.55995  348.98050  353.54635  339.49971  343.79056  348.22076
 340.30676  344.59637  349.02530  335.36411  339.52926  343.82809  330.54324  334.58878  338.76264  344.57788  348.99889  353.56523  339.51131  343.80246  348.23296  334.57135  338.73776  343.03787  348.98009  353.53822  358.24805  343.78421  348.20676  352.77469  338.72005  343.01245  347.44425
 339.52862  343.82020  348.25117  334.58252  338.74921  343.04962  329.75901  333.80570  337.98074  343.80195  348.22497  352.79337  338.73150  343.02420  347.45630  333.78850  337.95606  342.25734  348.20643  352.76660  357.47852  343.00621  347.43032  351.99985  337.93860  342.23214  346.66508
 338.74862  343.04175  347.47431  333.79952  337.96736  342.26893  328.97381  333.02127  337.19708  343.02377  347.44834  352.01834  337.94990  342.24372  346.67696  333.00432  337.17262  341.47463  347.43005  351.99178  356.70533  342.22598  346.65120  351.22188  337.15539  341.44964  345.88329
 337.96684  342.26109  346.69479  333.01520  337.18378  341.48607  328.18771  332.23557  336.41174  342.24335  346.66903  351.24017  337.16655  341.46108  345.89504  332.21884  336.38748  340.68982  346.65098  351.21383  355.92851  341.44357  345.86949  350.44084  336.37049  340.66504  345.09897
 337.18331  341.47827  345.91267  332.22957  336.39848  340.70110  327.40073  331.44860  335.62474  341.46076  345.88713  350.45895  336.38149  340.67632  345.11055  331.43210  335.60070  339.90294  345.86932  350.43283  355.14814  340.65905  345.08522  349.65678  335.58393  339.87837  344.31213
 336.39807  340.69333  345.12800  331.44269  335.61155  339.91408  326.61292  330.66043  334.83616  340.67605  345.10267  349.67470  335.59479  339.88951  344.32356  330.64415  334.81231  339.11405  345.08509  349.64878  354.36428  339.87246  344.29844  348.86978  334.79577  339.08967  343.52286
 335.61120  339.90634  344.34084  330.65461  334.82303  339.12505  325.82433  329.87111  334.04602  339.88929  344.31571  348.88751  334.80649  339.10067  343.53414  329.85505  334.02237  338.32321  344.29838  348.86181  353.57700  339.08386  343.50922  348.07988  334.00606  338.29903  342.73120
 334.82273  339.11733  343.55124  329.86537  334.03295  338.33406  325.03499  329.08066  333.25439  339.10052  343.52631  348.09743  334.01664  338.30989  342.74234  329.06483  333.23093  337.53045  343.50921  348.07193  352.78634  338.29330  342.71762  347.28715  333.21484  337.50648  341.93720
 334.03271  338.32637  342.75926  329.07502  333.24138  337.54117  324.24495  328.28915  332.46130  338.30978  342.73454  347.30452  333.22529  337.51720  341.94821  328.27353  332.43804  336.73584  342.71766  347.27923  351.99239  337.50083  341.92369  346.49165  332.42216  336.71206  341.14093
 333.24119  337.53351  341.96495  328.28360  332.44836  336.74643  323.45425  327.49663  331.66681  337.51715  341.94043  346.50884  332.43249  336.72265  341.15180  327.48122  331.64375  335.93944  341.92377  346.48374  351.19519  336.70650  341.12748  345.69342  331.62808  335.91585  340.34244
 332.44822  336.73880  341.16837  327.49115  331.65393  335.94989  322.66295  326.70313  330.87098  336.72264  341.14404  345.71044  331.63826  335.92630  340.35317  326.68792  330.84810  335.14128  341.12761  345.68553  350.39480  335.91036  340.32903  344.89253  330.83264  335.11788  339.54178
 331.65384  335.94228  340.36958  326.69773  330.85816  335.15160  321.87105  325.90869  330.07383  335.92635  340.34544  344.90938  330.84270  335.12820  339.55238  325.89369  330.05113  334.34142  340.32922  344.88468  349.59131  335.11247  339.52844  344.08905  330.03588  334.31821  338.73901
 330.85811  335.14401  339.56861  325.90337  330.06106  334.35161  321.07862  325.11335  329.27542  335.12829  339.54467  344.10572  330.04581  334.32839  338.74947  325.09855  329.25291  333.53991  339.52866  344.08120  348.78475  334.31288  338.72571  343.28301  329.23786  333.51687  337.93417
 330.06106  334.34405  338.76554  325.10811  329.26271  333.54997  320.28569  324.31719  328.47581  334.32853  338.74178  343.29951  329.24766  333.52693  337.94450  324.30258  328.45347  332.73680  338.72599  343.27519  347.97520  333.51162  337.92093  342.47449  328.43862  332.71395  337.12734
 329.26276  333.54243  337.96041  324.31202  328.46314  332.74673  319.49230  323.52019  327.67501  333.52712  337.93684  342.49083  328.44829  332.72388  337.13754  323.50579  327.65285  331.93213  337.92125  342.46669  347.16270  332.70877  337.11414  341.66354  327.63820  331.90945  336.31854
 328.46325  332.73922  337.15329  323.51511  327.66241  331.94195  318.69850  322.72246  326.87311  332.72411  337.12989  341.67972  327.64776  331.91927  336.32862  322.70824  326.85111  331.12597  337.11451  341.65575  346.34733  331.90436  336.30540  340.85021  326.83665  331.10346  335.50784
 327.66255  331.93445  336.34421  322.71744  326.86055  331.13566  317.90431  321.92399  326.07012  331.91954  336.32098  340.86622  326.84609  331.11315  335.51779  321.90996  326.04829  330.31834  336.30581  340.84244  345.52915  331.09844  335.49475  340.03456  326.03402  330.29601  334.69530
 326.86074  331.12819  335.53323  321.91905  326.05761  330.32791  317.10978  321.12484  325.26609  331.11347  335.51019  340.05042  326.04335  330.30558  334.70512  321.11100  325.24444  329.50932  335.49521  340.02682  344.70822  330.29106  334.68226  339.21667  325.23036  329.48716  333.88096
 326.05785  330.32047  334.72041  321.11998  325.25365  329.51877  316.31495  320.32506  324.46108  330.30595  334.69754  339.23237  325.23957  329.49661  333.89067  320.31140  324.43960  328.69894  334.68275  339.20894  343.88459  329.48227  333.86797  338.39656  324.42570  328.67694  333.06488
 325.25393  329.51135  333.90580  320.32027  324.44870  328.70828  315.51985  319.52469  323.65514  329.49701  333.88310  338.41210  324.43480  328.68628  333.07447  319.51120  323.63381  327.88725  333.86851  338.38885  343.05833  328.67214  333.05194  337.57431  323.62010  327.86542  332.24711
 324.44901  328.70087  333.08945  319.51996  323.64279  327.89648  314.72452  318.72375  322.84829  328.68673  333.06692  337.58970  323.62908  327.87465  332.25658  318.71045  322.82712  327.07430  333.05251  337.56662  342.22949  327.86068  332.23422  336.74996  322.81359  327.05264  331.42769
 323.64315  327.88908  332.27140  318.71910  322.83600  327.08341  313.92900  317.92230  322.04058  327.87512  332.24904  336.76519  322.82246  327.06174  331.43704  317.90917  322.01958  326.26014  332.23482  336.74227  341.39813  327.04796  331.41484  335.92357  322.00622  326.23863  330.60668
 322.83639  327.07605  331.45173  317.91772  322.02835  326.26914  313.13333  317.12038  321.23207  327.06226  331.42953  335.93866  322.01498  326.24763  330.61592  317.10743  321.21122  325.44481  331.41549  335.91591  340.56433  326.23402  330.59389  335.09520  321.19803  325.42346  329.78415
 322.02878  326.26179  330.63047  317.11586  321.21987  325.45370  312.33753  316.31801  320.42278  326.24819  330.60843  335.11014  321.20669  325.43235  329.79327  316.30523  320.40208  324.62836  330.59458  335.08755  339.72813  325.41892  329.77139  334.26490  320.38907  324.60716  328.96010
 321.22035  325.44637  329.80767  316.31357  320.41064  324.63715  311.54164  315.51526  319.61277  325.43294  329.78579  334.27970  320.39763  324.61595  328.96913  315.50264  319.59222  323.81083  329.77211  334.25728  338.88959  324.60269  328.94742  333.43274  319.57938  323.78980  328.13464
 320.41116  324.62983  328.98339  315.51088  319.60067  323.81951  310.74572  314.71214  318.80207  324.61658  328.96167  333.44739  319.58783  323.79847  328.14355  314.69968  318.78168  322.99229  328.94816  333.42511  338.04878  323.78538  328.12198  332.59874  318.76900  322.97139  327.30778
 319.60123  323.81223  328.15768  314.70782  318.79003  323.00086  309.94977  313.90870  317.99074  323.79914  328.13611  332.61326  318.77734  322.97996  327.31658  313.89640  317.97048  322.17275  328.12278  332.59115  337.20574  322.96705  327.29517  331.76299  317.95797  322.15201  326.47959
 318.79062  322.99358  327.33058  313.90444  317.97873  322.18122  309.15385  313.10498  317.17880  322.98067  327.30916  331.77736  317.96622  322.16048  326.48828  313.09285  317.15869  321.35229  327.29600  331.75541  336.36054  322.14773  326.46702  330.92552  317.14634  321.33169  325.65010
 317.97936  322.17396  326.50214  313.10079  317.16684  321.36065  308.35798  312.30101  316.36630  322.16122  326.48087  330.93976  317.15449  321.34005  325.65869  312.28903  316.34634  320.53092  326.46788  330.91795  335.51324  321.32746  325.63757  330.08639  316.33414  320.51046  324.81937
 317.16751  321.35341  325.67242  312.29689  316.35439  320.53919  307.56220  311.49683  315.55328  321.34082  325.65130  330.10049  316.34219  320.51873  324.82786  311.48501  315.53345  319.70871  325.63847  330.07884  334.66389  320.50631  324.80689  329.24567  315.52141  319.68839  323.98745
 316.35508  320.53197  324.84145  311.49276  315.54141  319.71688  306.76653  310.69248  314.73978  320.51954  324.82048  329.25963  315.52937  319.69656  323.99584  310.68081  314.72009  318.88569  324.80782  329.23812  333.81255  319.68430  323.97501  328.40338  314.70821  318.86552  323.15438
 315.54214  319.70967  324.00930  310.68848  314.72796  318.89377  305.97103  309.88800  313.92585  319.69741  323.98847  328.41721  314.71608  318.87360  323.16268  309.87648  313.90630  318.06192  323.97597  328.39585  332.95929  318.86149  323.14199  327.55960  313.89456  318.04188  322.32022
 314.72872  318.88658  323.17601  309.88406  313.91407  318.06990  305.17571  309.08342  313.11151  318.87446  323.15532  327.57330  313.90233  318.04986  322.32842  309.07204  313.09209  317.23743  323.14298  327.55207  332.10414  318.03790  322.30787  326.71436  313.08051  317.21753  321.48501
 313.91486  318.06272  322.34162  309.07953  313.09977  317.24532  304.38060  308.27877  312.29681  318.05076  322.32107  326.72793  313.08819  317.22541  321.49311  308.26753  312.27752  316.41226  322.30889  326.70685  331.24717  317.21361  321.47270  325.86773  312.26608  316.39249  320.64879
 313.10060  317.23815  321.50619  308.27494  312.28512  316.42006  303.58575  307.47409  311.48179  317.22635  321.48578  325.88117  312.27368  316.40030  320.65680  307.46300  311.46263  315.58646  321.47375  325.86023  330.38845  316.38864  320.63653  325.01976  311.45134  315.56682  319.81162
 312.28597  316.41291  320.66976  307.47032  311.47014  315.59417  302.79118  306.66942  310.66649  316.40126  320.64948  325.03307  311.45885  315.57453  319.81953  306.65848  310.64745  314.76008        nan        nan        nan        nan        nan        nan        nan        nan        nan
