       nan        nan        nan        nan        nan        nan        nan        nan        nan 24645.76850        nan        nan        nan        nan        nan        nan        nan        nan 24642.85250 24599.88950        nan        nan        nan        nan        nan        nan        nan
24649.06150        nan        nan 24688.41100        nan        nan        nan        nan        nan 24646.14550 24603.18250        nan 24685.49500 24642.53200        nan        nan        nan        nan 24640.31050 24596.98400 24561.19400 24679.66000 24636.33350 24600.54350        nan        nan        nan
24652.73850 24609.77550        nan 24692.61550 24649.65250        nan 24725.56250 24682.59950        nan 24646.90350 24603.57700 24567.78700 24686.78050 24643.45400 24607.66400 24719.72750 24676.40100 24640.61100 24638.14350 24594.27100 24557.52700 24678.02050 24634.14800 24597.40400 24710.96750 24667.09500 24630.35100
24656.81150 24613.48500 24577.69500 24697.48150 24654.15500 24618.36500 24731.79200 24688.46550 24652.67550 24648.05150 24604.17900 24567.43500 24688.72150 24644.84900 24608.10500 24723.03200 24679.15950 24642.41550 24636.35700 24591.75650 24553.78600 24677.02700 24632.42650 24594.45600 24711.33750 24666.73700 24628.76650
24661.29500 24617.42250 24580.67850 24703.02000 24659.14750 24622.40350 24739.05150 24695.17900 24658.43500 24649.60050 24605.00000 24567.02950 24691.32550 24646.72500 24608.75450 24727.35700 24682.75650 24644.78600 24634.96050 24589.45200 24550.01300 24676.68550 24631.17700 24591.73800 24712.71700 24667.20850 24627.76950
24666.20300 24621.60250 24583.63200 24709.23850 24664.63800 24626.66750 24747.29100 24702.69050 24664.72000 24651.56300 24606.05450 24566.61550 24694.59850 24649.09000 24609.65100 24732.65100 24687.14250 24647.70350 24633.96500 24587.37250 24546.25500 24677.00050 24630.40800 24589.29050 24715.05300 24668.46050 24627.34300
24671.55050 24626.04200 24586.60300 24716.13800 24670.62950 24631.19050 24756.45750 24710.94900 24671.51000 24653.95250 24607.36000 24566.24250 24698.54000 24651.94750 24610.83000 24738.85950 24692.26700 24651.14950 24633.38300 24585.53800 24542.56050 24677.97050 24630.12550 24587.14800 24718.29000 24670.44500 24627.46750
24677.35150 24630.75900 24589.64150 24723.71650 24677.12400 24636.00650 24766.50200 24719.90950 24678.79200 24656.78200 24608.93700 24565.95950 24703.14700 24655.30200 24612.32450 24745.93250 24698.08750 24655.11000 24633.22700 24583.96850 24538.97800 24679.59200 24630.33350 24585.34300 24722.37750 24673.11900 24628.12850
24683.61700 24635.77200 24592.79450 24731.96450 24684.11950 24641.14200 24777.37650 24729.53150 24686.55400 24660.06200 24610.80350 24565.81300 24708.40950 24659.15100 24614.16050 24753.82150 24704.56300 24659.57250 24633.50900 24582.68650 24535.55250 24681.85650 24631.03400 24583.90000 24727.26850 24676.44600 24629.31200
24690.35650 24641.09800 24596.10750 24740.87000 24691.61150 24646.62100 24789.03950 24739.78100 24694.79050 24663.80350 24612.98100 24565.84700 24714.31700 24663.49450 24616.36050 24762.48650 24711.66400 24664.53000 24634.23800 24581.71300 24532.32500 24684.75150 24632.22650 24582.83850 24732.92100 24680.39600 24631.00800
24697.57850 24646.75600 24599.62200 24750.42000 24699.59750 24652.46350 24801.45300 24750.63050 24703.49650 24668.01300 24615.48800 24566.10000 24720.85450 24668.32950 24618.94150 24771.88750 24719.36250 24669.97450 24635.42450 24581.06850 24529.33400 24688.26600 24633.91000 24582.17550 24739.29900 24684.94300 24633.20850
24705.28600 24652.76100 24603.37300 24760.59900 24708.07400 24658.68600 24814.58350 24762.05850 24712.67050 24672.69750 24618.34150 24566.60700 24728.01050 24673.65450 24621.92000 24781.99500 24727.63900 24675.90450 24637.07500 24580.77200 24526.61200 24692.38800 24636.08500 24581.92500 24746.37250 24690.06950 24635.90950
24713.48450 24659.12850 24607.39400 24771.39400 24717.03800 24665.30350 24828.40150 24774.04550 24722.31100 24677.86200 24621.55900 24567.39900 24735.77150 24679.46850 24625.30850 24792.77900 24736.47600 24682.31600 24639.19500 24580.84000 24524.18750 24697.10450 24638.74950 24582.09700 24754.11200 24695.75700 24639.10450
24722.17600 24665.87300 24611.71300 24782.78950 24726.48650 24672.32650 24842.88100 24786.57800 24732.41800 24683.50900 24625.15400 24568.50150 24744.12250 24685.76750 24629.11500 24804.21400 24745.85900 24689.20650 24641.79000 24581.28850 24522.08600 24702.40350 24641.90200 24582.69950 24762.49500 24701.99350 24642.79100
24731.36000 24673.00500 24616.35250 24794.77350 24736.41850 24679.76600 24857.99950 24799.64450 24742.99200 24689.64100 24629.13950 24569.93700 24753.05450 24692.55300 24633.35050 24816.28050 24755.77900 24696.57650 24644.86300 24582.12950 24520.32750 24708.27650 24645.54300 24583.74100 24771.50250 24708.76900 24646.96700
24741.03950 24680.53800 24621.33550 24807.33300 24746.83150 24687.62900 24873.73750 24813.23600 24754.03350 24696.26150 24633.52800 24571.72600 24762.55500 24699.82150 24638.01950 24828.95950 24766.22600 24704.42400 24648.41750 24583.37700 24518.93250 24714.71100 24649.67050 24585.22600 24781.11550 24716.07500 24651.63050
24751.21300 24688.47950 24626.67750 24820.45900 24757.72550 24695.92350 24890.07750 24827.34400 24765.54200 24703.36900 24638.32850 24573.88400 24772.61500 24707.57450 24643.13000 24842.23350 24777.19300 24712.74850 24652.45450 24585.03950 24517.91500 24721.70050 24654.28550 24587.16100 24791.31900 24723.90400 24656.77950
24761.88100 24696.84050 24632.39600 24834.14000 24769.09950 24704.65500 24907.00450 24841.96400 24777.51950 24710.96650 24643.55150 24576.42700 24783.22550 24715.81050 24648.68600 24856.09000 24788.67500 24721.55050 24656.97700 24587.12650 24517.29150 24729.23600 24659.38550 24589.55050 24802.10050 24732.25000 24662.41500
24773.04200 24705.62700 24638.50250 24848.36750 24780.95250 24713.82800 24924.50600 24857.09100 24789.96650 24719.05250 24649.20200 24579.36700 24794.37800 24724.52750 24654.69250 24870.51650 24800.66600 24730.83100 24661.98550 24589.64650 24517.07100 24737.31100 24664.97200 24592.39650 24813.44950 24741.11050 24668.53500
24784.69500 24714.84450 24645.00950 24863.13450 24793.28400 24723.44900 24942.56950 24872.71900 24802.88400 24727.62800 24655.28900 24582.71350 24806.06750 24733.72850 24661.15300 24885.50250 24813.16350 24740.58800 24667.48050 24592.60550 24517.26550 24745.92000 24671.04500 24595.70500 24825.35500 24750.48000 24675.14000
24796.84050 24724.50150 24651.92600 24878.43350 24806.09450 24733.51900 24961.18600 24888.84700 24816.27150 24736.69300 24661.81800 24586.47800 24818.28600 24743.41100 24668.07100 24901.03850 24826.16350 24750.82350 24673.46400 24596.01000 24517.88400 24755.05700 24677.60300 24599.47700 24837.80950 24760.35550 24682.22950
24809.47650 24734.60150 24659.26150 24894.25850 24819.38350 24744.04350 24980.34600 24905.47100 24830.13100 24746.24750 24668.79350 24590.66750 24831.02950 24753.57550 24675.44950 24917.11700 24839.66300 24761.53700 24679.93550 24599.86500 24518.93350 24764.71750 24684.64700 24603.71550 24850.80500 24770.73450 24689.80300
24822.60250 24745.14850 24667.02250 24910.60400 24833.15000 24755.02400 25000.04300 24922.58900 24844.46300 24756.29050 24676.22000 24595.28850 24844.29200 24764.22150 24683.29000 24933.73100 24853.66050 24772.72900 24686.89550 24604.17450 24520.42150 24774.89700 24692.17600 24608.42300 24864.33600 24781.61500 24697.86200
24836.21800 24756.14750 24675.21600 24927.46600 24847.39550 24766.46400 25020.26950 24940.19900 24859.26750 24766.82300 24684.10200 24600.34900 24858.07100 24775.35000 24691.59700 24950.87450 24868.15350 24784.40050 24694.34450 24608.94350 24522.35400 24785.59250 24700.19150 24613.60200 24878.39600 24792.99500 24706.40550
24850.32150 24767.60050 24683.84750 24944.84050 24862.11950 24778.36650 25041.01950 24958.29850 24874.54550 24777.84300 24692.44200 24605.85250 24872.36200 24786.96100 24700.37150 24968.54100 24883.14000 24796.55050 24702.28200 24614.17450 24524.73600 24796.80100 24708.69350 24619.25500 24892.98000 24804.87250 24715.43400
24864.91250 24779.51150 24692.92200 24962.72200 24877.32100 24790.73150 25062.28700 24976.88600 24890.29650 24789.35150 24701.24400 24611.80550 24887.16100 24799.05350 24709.61500 24986.72600 24898.61850 24809.18000 24710.70900 24619.87150 24527.57250 24808.51850 24717.68100 24625.38200 24908.08350 24817.24600 24724.94700
24879.99050 24791.88300 24702.44450 24981.10850 24893.00100 24803.56250 25084.06750 24995.96000 24906.52150 24801.34800 24710.51050 24618.21150 24902.46600 24811.62850 24719.32950 25005.42500 24914.58750 24822.28850 24719.62600 24626.03700 24530.86800 24820.74400 24727.15500 24631.98600 24923.70300 24830.11400 24734.94500
24895.55400 24804.71650 24712.41750 24999.99700 24909.15950 24816.86050 25106.35800 25015.52050 24923.22150 24813.83200 24720.24300 24625.07400 24918.27500 24824.68600 24729.51700 25024.63600 24931.04700 24835.87800 24729.03150 24632.67350 24534.62450 24833.47450 24737.11650 24639.06750 24939.83550 24843.47750 24745.42850
24911.60350 24818.01450 24722.84550 25019.38400 24925.79500 24830.62600 25129.15300 25035.56400 24940.39500 24826.80300 24730.44500 24632.39600 24934.58350 24838.22550 24740.17650 25044.35250 24947.99450 24849.94550 24738.92700 24639.78250 24538.84750 24846.70750 24747.56300 24646.62800 24956.47650 24857.33200 24756.39700
24928.13800 24831.78000 24733.73100 25039.26850 24942.91050 24844.86150 25152.45100 25056.09300 24958.04400 24840.26200 24741.11750 24640.18250 24951.39250 24852.24800 24751.31300 25064.57500 24965.43050 24864.49550 24749.31300 24647.36750 24543.53950 24860.44350 24758.49800 24654.67000 24973.62600 24871.68050 24767.85250
24945.15650 24846.01200 24745.07700 25059.64700 24960.50250 24859.56750 25176.24700 25077.10250 24976.16750 24854.20750 24752.26200 24648.43400 24968.69800 24866.75250 24762.92450 25085.29800 24983.35250 24879.52450 24760.18750 24655.42850 24548.70300 24874.67800 24769.91900 24663.19350 24991.27800 24886.51900 24779.79350
24962.65900 24860.71350 24756.88550 25080.51900 24978.57350 24874.74550 25200.54000 25098.59450 24994.76650 24868.63900 24763.88000 24657.15450 24986.49900 24881.74000 24775.01450 25106.52000 25001.76100 24895.03550 24771.55200 24663.96850 24554.34000 24889.41200 24781.82850 24672.20000 25009.43300 24901.84950 24792.22100
24980.64500 24875.88600 24769.16050 25101.88100 24997.12200 24890.39650 25225.32600 25120.56700 25013.84150 24883.55800 24775.97450 24666.34600 25004.79400 24897.21050 24787.58200 25128.23900 25020.65550 24911.02700 24783.40700 24672.98850 24560.45400 24904.64300 24794.22450 24681.69000 25028.08800 24917.66950 24805.13500
24999.11350 24891.53000 24781.90150 25123.73200 25016.14850 24906.52000 25250.60350 25143.02000 25033.39150 24898.96250 24788.54400 24676.00950 25023.58100 24913.16250 24800.62800 25150.45250 25040.03400 24927.49950 24795.75150 24682.48950 24567.04550 24920.37000 24807.10800 24691.66400 25047.24150 24933.97950 24818.53550
25018.06500 24907.64650 24795.11200 25146.07100 25035.65250 24923.11800 25276.36950 25165.95100 25053.41650 24914.85400 24801.59200 24686.14800 25042.86000 24929.59800 24814.15400 25173.15850 25059.89650 24944.45250 24808.58550 24692.47350 24574.11800 24936.59150 24820.47950 24702.12400 25066.89000 24950.77800 24832.42250
25037.49900 24924.23700 24808.79300 25168.89700 25055.63500 24940.19100 25302.62400 25189.36200 25073.91800 24931.23050 24815.11850 24696.76300 25062.62850 24946.51650 24828.16100 25196.35550 25080.24350 24961.88800 24821.91050 24702.94150 24581.67250 24953.30850 24834.33950 24713.07050 25087.03550 24968.06650 24846.79750
25057.41300 24941.30100 24822.94550 25192.20750 25076.09550 24957.74000 25329.36250 25213.25050 25094.89500 24948.09300 24829.12400 24707.85500 25082.88750 24963.91850 24842.64950 25220.04250 25101.07350 24979.80450 24835.72450 24713.89350 24589.71050 24970.51900 24848.68800 24724.50500 25107.67400 24985.84300 24861.66000
25077.81000 24958.84100 24837.57200 25216.00250 25097.03350 24975.76450 25356.58550 25237.61650 25116.34750 24965.44150 24843.61050 24719.42750 25103.63400 24981.80300 24857.62000 25244.21700 25122.38600 24998.20300 24850.02950 24725.33200 24598.23450 24988.22200 24863.52450 24736.42700 25128.80500 25004.10750 24877.01000
25098.68750 24976.85650 24852.67350 25240.27950 25118.44850 24994.26550 25384.29050 25262.45950 25138.27650 24983.27550 24858.57800 24731.48050 25124.86750 25000.17000 24873.07250 25268.87850 25144.18100 25017.08350 24864.82500 24737.25750 24607.24550 25006.41700 24878.84950 24748.83750 25150.42800 25022.86050 24892.84850
25120.04500 24995.34750 24868.25000 25265.03900 25140.34150 25013.24400 25412.47600 25287.77850 25160.68100 25001.59450 24874.02700 24744.01500 25146.58850 25019.02100 24889.00900 25294.02550 25166.45800 25036.44600 24880.10950 24749.66900 24616.74300 25025.10350 24894.66300 24761.73700 25172.54050 25042.10000 24909.17400
25141.88400 25014.31650 24884.30450 25290.28000 25162.71250 25032.70050 25441.14150 25313.57400 25183.56200 25020.39900 24889.95850 24757.03250 25168.79500 25038.35450 24905.42850 25319.65650 25189.21600 25056.29000 24895.88550 24762.57050 24626.73150 25044.28150 24910.96650 24775.12750 25195.14300 25061.82800 24925.98900
25164.20250 25033.76200 24900.83600 25316.00000 25185.55950 25052.63350 25470.28450 25339.84400 25206.91800 25039.68900 24906.37400 24770.53500 25191.48650 25058.17150 24922.33250 25345.77100 25212.45600 25076.61700 24912.15200 24775.96050 24637.21050 25063.94950 24927.75800 24789.00800 25218.23400 25082.04250 24943.29250
25187.00150 25053.68650 24917.84750 25342.20050 25208.88550 25073.04650 25499.90450 25366.58950 25230.75050 25059.46450 24923.27300 24784.52300 25214.66350 25078.47200 24939.72200 25372.36750 25236.17600 25097.42600 24928.90900 24789.84100 24648.18100 25084.10800 24945.04000 24803.38000 25241.81200 25102.74400 24961.08400
25210.28000 25074.08850 24935.33850 25368.87950 25232.68800 25093.93800 25530.00100 25393.80950 25255.05950 25079.72450 24940.65650 24798.99650 25238.32400 25099.25600 24957.59600 25399.44550 25260.37750 25118.71750 24946.15700 24804.21250 24659.64450 25104.75650 24962.81200 24818.24400 25265.87800 25123.93350 24979.36550
25234.03750 25094.96950 24953.30950 25396.03550 25256.96750 25115.30750 25560.57150 25421.50350 25279.84350 25100.47000 24958.52550 24813.95750 25262.46800 25120.52350 24975.95550 25427.00400 25285.05950 25140.49150 24963.89600 24819.07500 24671.60250 25125.89400 24981.07300 24833.60050 25290.43000 25145.60900 24998.13650
25258.27500 25116.33050 24971.76250 25423.66900 25281.72450 25137.15650 25591.61600 25449.67150 25305.10350 25121.70100 24976.88000 24829.40750 25287.09500 25142.27400 24994.80150 25455.04200 25310.22100 25162.74850 24982.12650 24834.42900 24684.05500 25147.52050 24999.82300 24849.44900 25315.46750 25167.77000 25017.39600
25282.99100 25138.17000 24990.69750 25451.78000 25306.95900 25159.48650 25623.13350 25478.31250 25330.84000 25143.41650 24995.71900 24845.34500 25312.20550 25164.50800 25014.13400 25483.55900 25335.86150 25185.48750 25000.84700 24850.27600 24697.00300 25169.63600 25019.06500 24865.79200 25340.98950 25190.41850 25037.14550
25308.18650 25160.48900 25010.11500 25480.36650 25332.66900 25182.29500 25655.12300 25507.42550 25357.05150 25165.61700 25015.04600 24861.77300 25337.79700 25187.22600 25033.95300 25512.55350 25361.98250 25208.70950 25020.06000 24866.61650 24710.44800 25192.24000 25038.79650 24882.62800 25366.99650 25213.55300 25057.38450
25333.85950 25183.28850 25030.01550 25509.42800 25358.85700 25205.58400 25687.58350 25537.01250 25383.73950 25188.30250 25034.85900 24878.69050 25363.87100 25210.42750 25054.25900 25542.02650 25388.58300 25232.41450 25039.76350 24883.45000 24724.39100 25215.33200 25059.01850 24899.95950 25393.48750 25237.17400 25078.11500
25360.01100 25206.56750 25050.39900 25538.96500 25385.52150 25229.35300 25720.51450 25567.07100 25410.90250 25211.47200 25055.15850 24896.09950 25390.42600 25234.11250 25075.05350 25571.97550 25415.66200 25256.60300 25059.95800 24900.77750 24738.83150 25238.91200 25079.73150 24917.78550 25420.46150 25261.28100 25099.33500
25386.64150 25230.32800 25071.26900 25568.97600 25412.66250 25253.60350 25753.91450 25597.60100 25438.54200 25235.12750 25075.94700 24914.00100 25417.46200 25258.28150 25096.33550 25602.40050 25443.22000 25281.27400 25080.64550 24918.60050 24753.77300 25262.98000 25100.93500 24936.10750 25447.91850 25285.87350 25121.04600
25413.74900 25254.56850 25092.62250 25599.46050 25440.28000 25278.33400 25787.78350 25628.60300 25466.65700 25259.26700 25097.22200 24932.39450 25444.97850 25282.93350 25118.10600 25633.30150 25471.25650 25306.42900 25101.82400 24936.91850 24769.21300 25287.53550 25122.63000 24954.92450 25475.85850 25310.95300 25143.24750
25441.33500 25279.29000 25114.46250 25630.41900 25468.37400 25303.54650 25822.11950 25660.07450 25495.24700 25283.89200 25118.98650 24951.28100 25472.97600 25308.07050 25140.36500 25664.67650 25499.77100 25332.06550 25123.49450 24955.73250 24785.15500 25312.57850 25144.81650 24974.23900 25504.27900 25336.51700 25165.93950
25469.39850 25304.49300 25136.78750 25661.85000 25496.94450 25329.23900 25856.92400 25692.01850 25524.31300 25309.00100 25141.23900 24970.66150 25501.45250 25333.69050 25163.11300 25696.52650 25528.76450 25358.18700 25145.65700 24975.04200 24801.59800 25338.10850 25167.49350 24994.04950 25533.18250 25362.56750 25189.12350
25497.93950 25330.17750 25159.60000 25693.75350 25525.99150 25355.41400 25892.19400 25724.43200 25553.85450 25334.59550 25163.98050 24990.53650 25530.40950 25359.79450 25186.35050 25728.85000 25558.23500 25384.79100 25168.31300 24994.84900 24818.54400 25364.12700 25190.66300 25014.35800 25562.56750 25389.10350 25212.79850
25526.95800 25356.34300 25182.89900 25726.12900 25555.51400 25382.07000 25927.93000 25757.31500 25583.87100 25360.67550 25187.21150 25010.90650 25559.84650 25386.38250 25210.07750 25761.64750 25588.18350 25411.87850 25191.46050 25015.15350 24835.99300 25390.63150 25214.32450 25035.16400 25592.43250 25416.12550 25236.96500
25556.45400 25382.99000 25206.68500 25758.97650 25585.51250 25409.20750 25964.13250 25790.66850 25614.36350 25387.23900 25210.93200 25031.77150 25589.76150 25413.45450 25234.29400 25794.91750 25618.61050 25439.45000 25215.10000 25035.95500 24853.94500 25417.62250 25238.47750 25056.46750 25622.77850 25443.63350 25261.62350
25586.42700 25410.12000 25230.95950 25792.29500 25615.98800 25436.82750 26000.79800 25824.49100 25645.33050 25414.28800 25235.14300 25053.13300 25620.15600 25441.01100 25259.00100 25828.65900 25649.51400 25467.50400 25239.23350 25057.25550 24872.40250 25445.10150 25263.12350 25078.27050 25653.60450 25471.62650 25286.77350
25616.87650 25437.73150 25255.72150 25826.08350 25646.93850 25464.92850 26037.92800 25858.78300 25676.77300 25441.82200 25259.84400 25074.99100 25651.02900 25469.05100 25284.19800 25862.87350 25680.89550 25496.04250 25263.85950 25079.05450 24891.36500 25473.06650 25288.26150 25100.57200 25684.91100 25500.10600 25312.41650
25647.80300 25465.82500 25280.97200 25860.34350 25678.36550 25493.51250 26075.52150 25893.54350 25708.69050 25469.84050 25285.03550 25097.34600 25682.38100 25497.57600 25309.88650 25897.55900 25712.75400 25525.06450 25288.97750 25101.35150 24910.83300 25501.51800 25313.89200 25123.37350 25716.69600 25529.07000 25338.55150
25679.20650 25494.40150 25306.71200 25895.07300 25710.26800 25522.57850 26113.57800 25928.77300 25741.08350 25498.34350 25310.71750 25120.19900 25714.21000 25526.58400 25336.06550 25932.71500 25745.08900 25554.57050 25314.59000 25124.14850 24930.80750 25530.45650 25340.01500 25146.67400 25748.96150 25558.52000 25365.17900
25711.08600 25523.46000 25332.94150 25930.27150 25742.64550 25552.12700 26152.09650 25964.47050 25773.95200 25527.33250 25336.89100 25143.55000 25746.51800 25556.07650 25362.73550 25968.34300 25777.90150 25584.56050 25340.69600 25147.44600 24951.29000 25559.88150 25366.63150 25170.47550 25781.70650 25588.45650 25392.30050
25743.44200 25553.00050 25359.65950 25965.94000 25775.49850 25582.15750 26191.07700 26000.63550 25807.29450 25556.80550 25363.55550 25167.39950 25779.30350 25586.05350 25389.89750 26004.44050 25811.19050 25615.03450 25367.29400 25171.24300 24972.27900 25589.79200 25393.74100 25194.77700 25814.92900 25618.87800 25419.91400
25776.27400 25583.02400 25386.86800 26002.07800 25808.82800 25612.67200 26230.51800 26037.26800 25841.11200 25586.76250 25390.71150 25191.74750 25812.56650 25616.51550 25417.55150 26041.00650 25844.95550 25645.99150 25394.38650 25195.54050 24993.77700 25620.19050 25421.34450 25219.58100 25848.63050 25649.78450 25448.02100
25809.58200 25613.53100 25414.56700 26038.68350 25842.63250 25643.66850 26270.41950 26074.36850 25875.40450 25617.20600 25418.36000 25216.59650 25846.30750 25647.46150 25445.69800 26078.04350 25879.19750 25677.43400 25421.97300 25220.33950 25015.78350 25651.07450 25449.44100 25244.88500 25882.81050 25681.17700 25476.62100
25843.36700 25644.52100 25442.75750 26075.75800 25876.91200 25675.14850 26310.78200 26111.93600 25910.17250 25648.13400 25446.50050 25241.94450 25880.52500 25678.89150 25474.33550 26115.54900 25913.91550 25709.35950 25450.05350 25245.64000 25038.30050 25682.44450 25478.03100 25270.69150 25917.46850 25713.05500 25505.71550
25877.62700 25675.99350 25471.43750 26113.30000 25911.66650 25707.11050 26351.60250 26149.96900 25945.41300 25679.54650 25475.13300 25267.79350 25915.21950 25710.80600 25503.46650 26153.52200 25949.10850 25741.76900 25478.62850 25271.44250 25061.32700 25714.30150 25507.11550 25297.00000 25952.60400 25745.41800 25535.30250
25912.36250 25707.94900 25500.60950 26151.30900 25946.89550 25739.55600 26392.88300 26188.46950 25981.13000 25711.44450 25504.25850 25294.14300 25950.39100 25743.20500 25533.08950 26191.96500 25984.77900 25774.66350 25507.69700 25297.74750 25084.86450 25746.64350 25536.69400 25323.81100 25988.21750 25778.26800 25565.38500
25947.57450 25740.38850 25530.27300 26189.78600 25982.60000 25772.48450 26434.62200 26227.43600 26017.32050 25743.82700 25533.87750 25320.99450 25986.03850 25776.08900 25563.20600 26230.87450 26020.92500 25808.04200 25537.26150 25324.55450 25108.91350 25779.47300 25566.76600 25351.12500 26024.30900 25811.60200 25595.96100
25983.26100 25773.31150 25560.42850 26228.72950 26018.78000 25805.89700 26476.81850 26266.86900 26053.98600 25776.69550 25563.98850 25348.34750 26022.16400 25809.45700 25593.81600 26270.25300 26057.54600 25841.90500 25567.31950 25351.86550 25133.47400 25812.78800 25597.33400 25378.94250 26060.87700 25845.42300 25627.03150
26019.42400 25806.71700 25591.07600 26268.14100 26055.43400 25839.79300 26519.47350 26306.76650 26091.12550 25810.04800 25594.59400 25376.20250 26058.76500 25843.31100 25624.91950 26310.09750 26094.64350 25876.25200 25597.87300 25379.67900 25158.54750 25846.59000 25628.39600 25407.26450 26097.92250 25879.72850 25658.59700
26056.06100 25840.60700 25622.21550 26308.01750 26092.56350 25874.17200 26562.58450 26347.13050 26128.73900 25843.88600 25625.69200 25404.56050 26095.84250 25877.64850 25656.51700 26350.40950 26132.21550 25911.08400 25628.92150 25407.99700 25184.13400 25880.87800 25659.95350 25436.09050 26135.44500 25914.52050 25690.65750
26093.17450 25874.98050 25653.84900 26348.36050 26130.16650 25909.03500 26606.15300 26387.95900 26166.82750 25878.21000 25657.28550 25433.42250 26133.39600 25912.47150 25688.60850 26391.18850 26170.26400 25946.40100 25660.46550 25436.81950 25210.23450 25915.65150 25692.00550 25465.42050 26173.44400 25949.79800 25723.21300
26130.76250 25909.83800 25685.97500 26389.16950 26168.24500 25944.38200 26650.17750 26429.25300 26205.39000 25913.01800 25689.37200 25462.78700 26171.42500 25947.77900 25721.19400 26432.43300 26208.78700 25982.20200 25692.50450 25466.14600 25236.84850 25950.91150 25724.55300 25495.25550 26211.91950 25985.56100 25756.26350
26168.82500 25945.17900 25718.59400 26430.44350 26206.79750 25980.21250 26694.65700 26471.01100 26244.42600 25948.31150 25721.95300 25492.65550 26209.93000 25983.57150 25754.27400 26474.14350 26247.78500 26018.48750 25725.03900 25495.97750 25263.97750 25986.65750 25757.59600 25525.59600 26250.87100 26021.80950 25789.80950
26207.36250 25981.00400 25751.70650 26472.18300 26245.82450 26016.52700 26739.59200 26513.23350 26283.93600 25984.09000 25755.02850 25523.02850 26248.91050 26019.84900 25787.84900 26516.31950 26287.25800 26055.25800 25758.06950 25526.31500 25291.62200 26022.89000 25791.13550 25556.44250 26290.29900 26058.54450 25823.85150
26246.37450 26017.31300 25785.31300 26514.38700 26285.32550 26053.32550 26784.98150 26555.92000 26323.92000 26020.35400 25788.59950 25553.90650 26288.36650 26056.61200 25821.91900 26558.96100 26327.20650 26092.51350 25791.59650 25557.15750 25319.78250 26059.60900 25825.17000 25587.79500 26330.20350 26095.76450 25858.38950
26285.86150 26054.10700 25819.41400 26557.05550 26325.30100 26090.60800 26830.82550 26599.07100 26364.37800 26057.10400 25822.66500 25585.29000 26328.29800 26093.85900 25856.48400 26602.06800 26367.62900 26130.25400 25825.61950 25588.50650 25348.45950 26096.81350 25859.70050 25619.65350 26370.58350 26133.47050 25893.42350
26325.82350 26091.38450 25854.00950 26600.18900 26365.75000 26128.37500 26877.12400 26642.68500 26405.31000 26094.33900 25857.22600 25617.17900 26368.70450 26131.59150 25891.54450 26645.63950 26408.52650 26168.47950 25860.13900 25620.36250 25377.65350 26134.50450 25894.72800 25652.01900 26411.43950 26171.66300 25928.95400
26366.25950 26129.14650 25889.09950 26643.78600 26406.67300 26166.62600 26923.87450 26686.76150 26446.71450 26132.05950 25892.28300 25649.57400 26409.58600 26169.80950 25927.10050 26689.67450 26449.89800 26207.18900 25895.15500 25652.72500 25407.36500 26172.68150 25930.25150 25684.89150 26452.77000 26210.34000 25964.98000
26407.16950 26167.39300 25924.68400 26687.84750 26448.07100 26205.36200 26971.07950 26731.30300 26488.59400 26170.26500 25927.83500 25682.47500 26450.94300 26208.51300 25963.15300 26734.17500 26491.74500 26246.38500 25930.66750 25685.59450 25437.59400 26211.34550 25966.27250 25718.27200 26494.57750 26249.50450 26001.50400
26448.55450 26206.12450 25960.76450 26732.37250 26489.94250 26244.58250 27018.73600 26776.30600 26530.94600 26208.95700 25963.88400 25715.88350 26492.77500 26247.70200 25999.70150 26779.13850 26534.06550 26286.06500 25966.67750 25718.97250 25468.34300 26250.49550 26002.79050 25752.16100 26536.85900 26289.15400 26038.52450
26490.41300 26245.34000 25997.33950 26777.36000 26532.28700 26284.28650 27066.84500 26821.77200 26573.77150 26248.13350 26000.42850 25749.79900 26535.08050 26287.37550 26036.74600 26824.56550 26576.86050 26326.23100 26003.18450 25752.85750 25499.61000 26290.13150 26039.80450 25786.55700 26579.61650 26329.28950 26076.04200
26532.74600 26285.04100 26034.41150 26822.81100 26575.10600 26324.47650 27115.40550 26867.70050 26617.07100 26287.79700 26037.47000 25784.22250 26577.86200 26327.53500 26074.28750 26870.45650 26620.12950 26366.88200 26040.18900 25787.25150 25531.39800 26330.25400 26077.31650 25821.46300 26622.84850 26369.91100 26114.05750
26575.55300 26325.22600 26071.97850 26868.72450 26618.39750 26365.15000 27164.41750 26914.09050 26660.84300 26327.94500 26075.00750 25819.15400 26621.11650 26368.17900 26112.32550 26916.80950 26663.87200 26408.01850 26077.69100 25822.15450 25563.70500 26370.86250 26115.32600 25856.87650 26666.55550 26411.01900 26152.56950
26618.83300 26365.89550 26110.04200 26915.10000 26662.16250 26406.30900 27213.88000 26960.94250 26705.08900 26368.57900 26113.04250 25854.59300 26664.84600 26409.30950 26150.86000 26963.62600 26708.08950 26449.64000 26115.69050 25857.56600 25596.53300 26411.95750 26153.83300 25892.80000 26710.73750 26452.61300 26191.58000
26662.58750 26407.05100 26148.60150 26961.93850 26706.40200 26447.95250 27263.79350 27008.25700 26749.80750 26409.69900 26151.57450 25890.54150 26709.05000 26450.92550 26189.89250 27010.90500 26752.78050 26491.74750 26154.18800 25893.48700 25629.88250 26453.53900 26192.83800 25929.23350 26755.39400 26494.69300 26231.08850
26706.81550 26448.69100 26187.65800 27009.23900 26751.11450 26490.08150 27314.15700 27056.03250 26794.99950 26451.30450 26190.60350 25926.99900 26753.72800 26493.02700 26229.42250 27058.64600 26797.94500 26534.34050 26193.18350 25929.91800 25663.75400 26495.60700 26232.34150 25966.17750 26800.52500 26537.25950 26271.09550
26751.51650 26490.81550 26227.21100 27057.00100 26796.30000 26532.69550 27364.96950 27104.26850 26840.66400 26493.39550 26230.13000 25963.96600 26798.88000 26535.61450 26269.45050 27106.84850 26843.58300 26577.41900 26232.67750 25966.85900 25698.14750 26538.16200 26272.34350 26003.63200 26846.13050 26580.31200 26311.60050
26796.69150 26533.42600 26267.26200 27105.22400 26841.95850 26575.79450 27416.23100 27152.96550 26886.80150 26535.97350 26270.15500 26001.44350 26844.50600 26578.68750 26309.97600 27155.51300 26889.69450 26620.98300 26272.67000 26004.31150 25733.06450 26581.20250 26312.84400 26041.59700 26892.20950 26623.85100 26352.60400
26842.34000 26576.52150 26307.81000 27153.90850 26888.09000 26619.37850 27467.94200 27202.12350 26933.41200 26579.03650 26310.67800 26039.43100 26890.60500 26622.24650 26350.99950 27204.63850 26936.28000 26665.03300 26313.16150 26042.27450 25768.50450 26624.73000 26353.84300 26080.07300 26938.76350 26667.87650 26394.10650
26888.46150 26620.10300 26348.85600 27203.05400 26934.69550 26663.44850 27520.10050 27251.74200 26980.49500 26622.58650 26351.69950 26077.92950 26937.17900 26666.29200 26392.52200 27254.22550 26983.33850 26709.56850 26354.15200 26080.74850 25804.46900 26668.74450 26395.34100 26119.06150 26985.79100 26712.38750 26436.10800
26935.05650 26664.16950 26390.39950 27252.66050 26981.77350 26708.00350 27572.70850 27301.82150 27028.05150 26666.62200 26393.21850 26116.93900 26984.22600 26710.82250 26434.54300 27304.27400 27030.87050 26754.59100 26395.64150 26119.73450 25840.95750 26713.24550 26437.33850 26158.56150 27033.29350 26757.38650 26478.60950
26982.12450 26708.72100 26432.44150 27302.72750 27029.32400 26753.04450 27625.76300 27352.35950 27076.08000 26711.14400 26435.23700 26156.46000 27031.74700 26755.84000 26477.06300 27354.78250 27078.87550 26800.09850 26437.63050 26159.23250 25877.97050 26758.23350 26479.83550 26198.57350 27081.26900 26802.87100 26521.60900
27029.66600 26753.75900 26474.98200 27353.25500 27077.34800 26798.57100 27679.26500 27403.35800 27124.58100 26756.15250 26477.75450 26196.49250 27079.74150 26801.34350 26520.08150 27405.75150 27127.35350 26846.09150 26480.11900 26199.24300 25915.51000 26803.70800 26522.83200 26239.09900 27129.71800 26848.84200 26565.10900
27077.68000 26799.28200 26518.02000 27404.24200 27125.84400 26844.58200 27733.21400 27454.81600 27173.55400 26801.64650 26520.77050 26237.03750 27128.20850 26847.33250 26563.59950 27457.18050 27176.30450 26892.57150 26523.10700 26239.76600 25953.57550 26849.66900 26566.32800 26280.13750 27178.64100 26895.30000 26609.10950
27126.16700 26845.29100 26561.55800 27455.68850 27174.81250 26891.07950 27787.60850 27506.73250 27222.99950 26847.62750 26564.28650 26278.09600 27177.14900 26893.80800 26607.61750 27509.06900 27225.72800 26939.53750 26566.59550 26280.80300 25992.16750 26896.11700 26610.32450 26321.68900 27228.03700 26942.24450 26653.60900
27175.12650 26891.78550 26605.59500 27507.59500 27224.25400 26938.06350 27842.45000 27559.10900 27272.91850 26894.09450 26608.30200 26319.66650 27226.56300 26940.77050 26652.13500 27561.41800 27275.62550 26986.99000 26610.58350 26322.35250 26031.28650 26943.05200 26654.82100 26363.75500 27277.90700 26989.67600 26698.61000
27224.55950 26938.76700 26650.13150 27559.96050 27274.16800 26985.53250 27897.73700 27611.94450 27323.30900 26941.04850 26652.81750 26361.75150 27276.44950 26988.21850 26697.15250 27614.22600 27325.99500 27034.92900 26655.07250 26364.41700 26070.93350 26990.47350 26699.81800 26406.33450 27328.25000 27037.59450 26744.11100
27274.46450 26986.23350 26695.16750 27612.78500 27324.55400 27033.48800 27953.46900 27665.23800 27374.17200 26988.48850 26697.83300 26404.34950 27326.80900 27036.15350 26742.67000 27667.49300 27376.83750 27083.35400 26700.06150 26406.99500 26111.10800 27038.38200 26745.31550 26449.42850 27379.06600 27085.99950 26790.11250
27324.84250 27034.18700 26740.70350 27666.06850 27375.41300 27081.92950 28009.64550 27718.99000 27425.50650 27036.41550 26743.34900 26447.46200 27377.64150 27084.57500 26788.68800 27721.21850 27428.15200 27132.26500 26745.55250 26450.08850 26151.81200 27086.77850 26791.31450 26493.03800 27430.35550 27134.89150 26836.61500
27375.69200 27082.62550 26786.73850 27719.81000 27426.74350 27130.85650 28066.26650 27773.20000 27477.31300 27084.82900 26789.36500 26491.08850 27428.94700 27133.48300 26835.20650 27775.40350 27479.93950 27181.66300 26791.54300 26493.69650 26193.04500 27135.66100 26837.81450 26537.16300 27482.11750 27184.27100 26883.61950
27427.01550 27131.55150 26833.27500 27774.01100 27478.54700 27180.27050 28123.33250 27827.86850 27529.59200 27133.72950 26835.88300 26535.23150 27480.72500 27182.87850 26882.22700 27830.04650 27532.20000 27231.54850 26838.03600 26537.82000 26234.80800 27185.03150 26884.81550 26581.80350 27534.35300 27234.13700 26931.12500
27478.81000 27180.96350 26880.31200 27828.66950 27530.82300 27230.17150 28180.84150 27882.99500 27582.34350 27183.11650 26882.90050 26579.88850 27532.97600 27232.76000 26929.74800 27885.14800 27584.93200 27281.92000 26885.03000 26582.45900 26277.10100 27234.88950 26932.31850 26626.96050 27587.06150 27284.49050 26979.13250
27531.07800 27230.86200 26927.85000 27883.78600 27583.57000 27280.55800 28238.79400 27938.57800 27635.56600 27232.99150 26930.42050 26625.06250 27585.69950 27283.12850 26977.77050 27940.70750 27638.13650 27332.77850 26932.52600 26627.61450 26319.92550 27285.23400 26980.32250 26672.63350 27640.24200 27335.33050 27027.64150
27583.81750 27281.24650 26975.88850 27939.36050 27636.78950 27331.43150 28297.19000 27994.61900 27689.26100 27283.35200 26978.44050 26670.75150 27638.89500 27333.98350 27026.29450 27996.72450 27691.81300 27384.12400 26980.52350 26673.28650 26363.28000 27336.06650 27028.82950 26718.82300 27693.89600 27386.65900 27076.65250
27637.02900 27332.11750 27024.42850 27995.39150 27690.48000 27382.79100 28356.02800 28051.11650 27743.42750 27334.20050 27026.96350 26716.95700 27692.56300 27385.32600 27075.31950 28053.19950 27745.96250 27435.95600 27029.02350 26719.47500 26407.16750 27387.38600 27077.83750 26765.53000 27748.02250 27438.47400 27126.16650
27690.71300 27383.47600 27073.46950 28051.88100 27744.64400 27434.63750 28415.30800 28108.07100 27798.06450 27385.53600 27075.98750 26763.68000 27746.70400 27437.15550 27124.84800 28110.13100 27800.58250 27488.27500 27078.02500 26766.18100 26451.58700 27439.19300 27127.34900 26812.75500 27802.62000 27490.77600 27176.18200
27744.86900 27435.32050 27123.01300 28108.82700 27799.27850 27486.97100 28475.03050 28165.48200 27853.17450 27437.35800 27125.51400 26810.92000 27801.31600 27489.47200 27174.87800 28167.51950 27855.67550 27541.08150 27127.52950 26813.40500 26496.53950 27491.48750 27177.36300 26860.49750 27857.69100 27543.56650 27226.70100
27799.49600 27487.65200 27173.05800 28166.22900 27854.38500 27539.79100 28535.19350 28223.34950 27908.75550 27489.66750 27175.54300 26858.67750 27856.40050 27542.27600 27225.41050 28225.36500 27911.24050 27594.37500 27177.53700 26861.14650 26542.02500 27544.27000 27227.87950 26908.75800 27913.23450 27596.84400 27277.72250
27854.59550 27540.47100 27223.60550 28224.08850 27909.96400 27593.09850 28595.79900 28281.67450 27964.80900 27542.46500 27226.07450 26906.95300 27911.95800 27595.56750 27276.44600 28283.66850 27967.27800 27648.15650 27228.04700 26909.40700 26588.04450 27597.54000 27278.90000 26957.53750 27969.25050 27650.61050 27329.24800
27910.16750 27593.77700 27274.65550 28282.40400 27966.01350 27646.89200 28656.84450 28340.45400 28021.33250 27595.74950 27277.10950 26955.74700 27967.98600 27649.34600 27327.98350 28342.42650 28023.78650 27702.42400 27279.06100 26958.18550 26634.59950 27651.29750 27330.42200 27006.83600 28025.73800 27704.86250 27381.27650
27966.21000 27647.57000 27326.20750 28341.17550 28022.53550 27701.17300 28718.33000 28399.69000 28078.32750 27649.52150 27328.64600 27005.06000 28024.48700 27703.61150 27380.02550 28401.64150 28080.76600 27757.18000 27330.57750 27007.48350 26681.68900 27705.54300 27382.44900 27056.65450 28082.69750 27759.60350 27433.80900
28022.72500 27701.84950 27378.26350 28400.40350 28079.52800 27755.94200 28780.25600 28459.38050 28135.79450 27703.78100 27380.68700 27054.89250 28081.45950 27758.36550 27432.57100 28461.31200 28138.21800 27812.42350 27382.59850 27057.30150 26729.31350 27760.27700 27434.98000 27106.99200 28140.12950 27814.83250 27486.84450
28079.71100 27756.61700 27430.82250 28460.08650 28136.99250 27811.19800 28842.62150 28519.52750 28193.73300 27758.52850 27433.23150 27105.24350 28138.90400 27813.60700 27485.61900 28521.43900 28196.14200 27868.15400 27435.12300 27107.63850 26777.47450 27815.49850 27488.01400 27157.85000 28198.03350 27870.54900 27540.38500
28137.16950 27811.87250 27483.88450 28520.22600 28194.92900 27866.94100 28905.42700 28580.13000 28252.14200 27813.76400 27486.27950 27156.11550 28196.82050 27869.33600 27539.17200 28582.02150 28254.53700 27924.37300 27488.15150 27158.49650 26826.17250 27871.20800 27541.55300 27209.22900 28256.40900 27926.75400 27594.43000
28195.09850 27867.61400 27537.45000 28580.82000 28253.33550 27923.17150 28968.67050 28641.18600 28311.02200 27869.48600 27539.83100 27207.50700 28255.20750 27925.55250 27593.22850 28643.05800 28313.40300 27981.07900 27541.68400 27209.87450 26875.40650 27927.40550 27595.59600 27261.12800 28315.25600 27983.44650 27648.97850
28253.49900 27923.84400 27591.52000 28641.86900 28312.21400 27979.89000 29032.35300 28702.69800 28370.37400 27925.69700 27593.88750 27259.41950 28314.06700 27982.25750 27647.78950 28704.55100 28372.74150 28038.27350 27595.72150 27261.77350 26925.17950 27984.09150 27650.14350 27313.54950 28374.57550 28040.62750 27704.03350
28312.37100 27980.56150 27646.09350 28703.37350 28371.56400 28037.09600 29096.47350 28764.66400 28430.19600 27982.39550 27648.44750 27311.85350 28373.39800 28039.45000 27702.85600 28766.49800 28432.55000 28095.95600 27650.26350 27314.19400 26975.49000 28041.26600 27705.19650 27366.49250 28434.36600 28098.29650 27759.59250
28371.71450 28037.76650 27701.17250 28765.33200 28431.38400 28094.79000 29161.03200 28827.08400 28490.49000 28039.58250 27703.51300 27364.80900 28433.20000 28097.13050 27758.42650 28828.90000 28492.83050 28154.12650 27705.31100 27367.13650 27026.33900 28098.92850 27760.75400 27419.95650 28494.62850 28156.45400 27815.65650
28431.52900 28095.45950 27756.75550 28827.74550 28491.67600 28152.97200 29226.02800 28889.95850 28551.25450 28097.25750 27759.08300 27418.28550 28493.47400 28155.29950 27814.50200 28891.75650 28553.58200 28212.78450 27760.86350 27420.60150 27077.72750 28157.08000 27816.81800 27473.94400 28555.36250 28215.10050 27872.22650
28491.81450 28153.64000 27812.84250 28890.61250 28552.43800 28211.64050 29291.46100 28953.28650 28612.48900 28155.42050 27815.15850 27472.28450 28554.21850 28213.95650 27871.08250 28955.06700 28614.80500 28271.93100 27816.92050 27474.58800 27129.65550 28215.71850 27873.38600 27528.45350 28616.56700 28274.23450 27929.30200
28552.57150 28212.30950 27869.43550 28953.93450 28613.67250 28270.79850 29357.33100 29017.06900 28674.19500 28214.07150 27871.73900 27526.80650 28615.43450 28273.10200 27928.16950 29018.83100 28676.49850 28331.56600 27873.48400 27529.09800 27182.12400 28274.84700 27930.46100 27583.48700 28678.24350 28333.85750 27986.88350
28613.79900 28271.46650 27926.53400 29017.70900 28675.37650 28330.44400 29423.63700 29081.30450 28736.37200 28273.21150 27928.82550 27581.85150 28677.12150 28332.73550 27985.76150 29083.04950 28738.66350 28391.68950 27930.55350 27584.13150 27235.13350 28334.46350 27988.04150 27639.04350 28740.39150 28393.96950 28044.97150
28675.49750 28331.11150 27984.13750 29081.93800 28737.55200 28390.57800 29490.37950 29145.99350 28799.01950 28332.83950 27986.41750 27637.41950 28739.28000 28392.85800 28043.86000 29147.72150 28801.29950 28452.30150 27988.12900 27639.68850 27288.68400 28394.56950 28046.12900 27695.12450 28803.01100 28454.57050 28103.56600
28737.66700 28391.24500 28042.24700 29146.62050 28800.19850 28451.20050 29557.55750 29211.13550 28862.13750 28392.95650 28044.51600 27693.51150 28801.91000 28453.46950 28102.46500 29212.84700 28864.40650 28513.40200 28046.21050 27695.76900 27342.77650 28455.16400 28104.72250 27751.73000 28866.10100 28515.65950 28162.66700
28800.30800 28451.86750 28100.86300 29211.75600 28863.31550 28512.31100 29625.17150 29276.73100 28925.72650 28453.56200 28103.12050 27750.12800 28865.01000 28514.56850 28161.57600 29278.42550 28927.98400 28574.99150 28104.79900 27752.37450 27397.41100 28516.24700 28163.82250 27808.85900 28929.66250 28577.23800 28222.27450
28863.41900 28512.97750 28159.98500 29277.34450 28926.90300 28573.91050 29693.22000 29342.77850 28989.78600 28514.65600 28162.23150 27807.26800 28928.58150 28576.15700 28221.19350 29344.45700 28992.03250 28637.06900 28163.89400 27809.50450 27452.58900 28577.81950 28223.43000 27866.51450 28993.69500 28639.30550 28282.39000
28927.00150 28574.57700 28219.61350 29343.38600 28990.96150 28635.99800 29761.70300 29409.27850 29054.31500 28576.23950 28221.85000 27864.93450 28992.62400 28638.23450 28281.31900 29410.94100 29056.55150 28699.63600 28223.49700 27867.16050 27508.31050 28639.88150 28283.54500 27924.69500 29058.19850 28701.86200 28343.01200
28991.05400 28636.66450 28279.74900 29409.87950 29055.49000 28698.57450 29830.62050 29476.23100 29119.31550 28638.31150 28281.97500 27923.12500 29057.13700 28700.80050 28341.95050 29477.87800 29121.54150 28762.69150 28283.60650 27925.34100 27564.57600 28702.43200 28344.16650 27983.40150 29123.17300 28764.90750 28404.14250
29055.57750 28699.24100 28340.39100 29476.82600 29120.48950 28761.63950 29899.97250 29543.63600 29184.78600 28700.87250 28342.60700 27981.84200 29122.12100 28763.85550 28403.09050 29545.26750 29187.00200 28826.23700 28344.22250 27984.04750 27621.38500 28765.47100 28405.29600 28042.63350 29188.61750 28828.44250 28465.78000
29120.57200 28762.30650 28401.54150 29544.22500 29185.95950 28825.19450 29969.75800 29611.49250 29250.72750 28763.92200 28403.74700 28041.08450 29187.57500 28827.40000 28464.73750 29613.10800 29252.93300 28890.27050 28405.34800 28043.28100 27678.74000 28829.00100 28466.93400 28102.39300 29254.53400 28892.46700 28527.92600
29186.03550 28825.86050 28463.19800 29612.07450 29251.89950 28889.23700 30039.97550 29679.80050 29317.13800 28827.46150 28465.39450 28100.85350 29253.50050 28891.43350 28526.89250 29681.40150 29319.33450 28954.79350 28466.98050 28103.04050 27736.64050 28893.01950 28529.07950 28162.67950 29320.92050 28956.98050 28590.58050
29251.97100 28889.90400 28525.36300 29680.37750 29318.31050 28953.76950 30110.62750 29748.56050 29384.01950 28891.49000 28527.55000 28161.15000 29319.89650 28955.95650 28589.55650 29750.14650 29386.20650 29019.80650 28529.12150 28163.32750 27795.08700 28957.52800 28591.73400 28223.49350 29387.77800 29021.98400 28653.74350
29318.37650 28954.43650 28588.03650 29749.13100 29385.19100 29018.79100 30181.71150 29817.77150 29451.37150 28956.00800 28590.21400 28221.97350 29386.76250 29020.96850 28652.72800 29819.34300 29453.54900 29085.30850 28591.77100 28224.14200 27854.08000 29022.52550 28654.89650 28284.83450 29455.10600 29087.47700 28717.41500
29385.25250 29019.45850 28651.21800 29818.33650 29452.54250 29084.30200 30253.22800 29887.43400 29519.19350 29021.01550 28653.38650 28283.32450 29454.09950 29086.47050 28716.40850 29888.99100 29521.36200 29151.30000 28654.93000 28285.48500 27913.62050 29088.01400 28718.56900 28346.70450 29522.90550 29153.46050 28781.59600
29452.59850 29084.96950 28714.90750 29887.99300 29520.36400 29150.30200 30325.17600 29957.54700 29587.48500 29086.51300 28717.06800 28345.20350 29521.90750 29152.46250 28780.59800 29959.09050 29589.64550 29217.78100 28718.59650 28347.35500 27973.70850 29153.99100 28782.74950 28409.10300 29591.17400 29219.93250 28846.28600
29520.41550 29150.97050 28779.10600 29958.10150 29588.65650 29216.79200 30397.55700 30028.11200 29656.24750 29152.49900 28781.25750 28407.61100 29590.18500 29218.94350 28845.29700 30029.64050 29658.39900 29284.75250 28782.77250 28409.75450 28034.34450 29220.45850 28847.44050 28472.03050 29659.91400 29286.89600 28911.48600
29588.70200 29217.46050 28843.81400 30028.65900 29657.41750 29283.77100 30470.36700 30099.12550 29725.47900 29218.97550 28845.95750 28470.54750 29658.93250 29285.91450 28910.50450 30100.64050 29727.62250 29352.21250 28847.45900 28472.68250 28095.52950 29287.41600 28912.63950 28535.48650 29729.12400 29354.34750 28977.19450
29657.45850 29284.44050 28909.03050 30099.66850 29726.65050 29351.24050 30543.60900 30170.59100 29795.18100 29285.94200 28911.16550 28534.01250 29728.15200 29353.37550 28976.22250 30172.09250 29797.31600 29420.16300 28912.65400 28536.13950 28157.26400 29354.86400 28978.34950 28599.47400 29798.80450 29422.29000 29043.41450
29726.68650 29351.91000 28974.75700 30171.12850 29796.35200 29419.19900 30617.28250 30242.50600 29865.35300 29353.39850 28976.88400 28598.00850 29797.84050 29421.32600 29042.45050 30243.99450 29867.48000 29488.60450 28978.36000 28600.12800 28219.54850 29422.80200 29044.57000 28663.99050 29868.95600 29490.72400 29110.14450
29796.38350 29419.86900 29040.99350 30243.03800 29866.52350 29487.64800 30691.38500 30314.87050 29935.99500 29421.34500 29043.11300 28662.53350 29867.99950 29489.76750 29109.18800 30316.34650 29938.11450 29557.53500 29044.57500 28664.64550 28282.38300 29491.22950 29111.30000 28729.03750 29939.57650 29559.64700 29177.38450
29866.55100 29488.31900 29107.73950 30315.39800 29937.16600 29556.58650 30765.91850 30387.68650 30007.10700 29489.78100 29109.85150 28727.58900 29938.62800 29558.69850 29176.43600 30389.14850 30009.21900 29626.95650 29111.30100 28729.69350 28345.76850 29560.14800 29178.54050 28794.61550 30010.66850 29629.06100 29245.13600
29937.18800 29557.25850 29174.99600 30388.20750 30008.27800 29626.01550 30840.88100 30460.95150 30078.68900 29558.70800 29177.10050 28793.17550 30009.72750 29628.12000 29244.19500 30462.40100 30080.79350 29696.86850 29178.53700 28795.27250 28409.70500 29629.55650 29246.29200 28860.72450 30082.23000 29698.96550 29313.39800
30008.29550 29626.68800 29242.76300 30461.46700 30079.85950 29695.93450 30916.27300 30534.66550 30150.74050 29628.12450 29244.86000 28859.29250 30081.29600 29698.03150 29312.46400 30536.10200 30152.83750 29767.27000 29246.28450 28861.38300 28474.19400 29699.45600 29314.55450 28927.36550 30154.26200 29769.36050 29382.17150
30079.87250 29696.60800 29311.04050 30535.17600 30151.91150 29766.34400 30992.09300 30608.82850 30223.26100 29698.03250 29313.13100 28925.94200 30153.33600 29768.43450 29381.24550 30610.25300 30225.35150 29838.16250 29314.54300 28928.02600 28539.23600 29769.84650 29383.32950 28994.53950 30226.76350 29840.24650 29451.45650
30151.91950 29767.01800 29379.82900 30609.33400 30224.43250 29837.24350 31068.34250 30683.44100 30296.25200 29768.43000 29381.91300 28993.12300 30225.84450 29839.32750 29450.53750 30684.85300 30298.33600 29909.54600 29383.31300 28995.19950 28604.83000 29840.72750 29452.61400 29062.24450 30299.73600 29911.62250 29521.25300
30224.43650 29837.91950 29449.12950 30683.94150 30297.42450 29908.63450 31145.02000 30758.50300 30369.71300 29839.31950 29451.20600 29060.83650 30298.82450 29910.71100 29520.34150 30759.90300 30371.78950 29981.42000 29452.59450 29062.90700 28670.97850 29912.09950 29522.41200 29130.48350 30373.17800 29983.49050 29591.56200
30297.42400 29909.31050 29518.94100 30758.99850 30370.88500 29980.51550 31222.12550 30834.01200 30443.64250 29910.69900 29521.01150 29129.08300 30372.27350 29982.58600 29590.65750 30835.40050 30445.71300 30053.78450 29522.38800 29131.14700 28737.68050 29983.96250 29592.72150 29199.25500 30447.08950 30055.84850 29662.38200
30370.88050 29981.19300 29589.26450 30834.50350 30444.81600 30052.88750 31299.65900 30909.97150 30518.04300 29982.56950 29591.32850 29197.86200 30446.19250 30054.95150 29661.48500 30911.34800 30520.10700 30126.64050 29592.69350 29199.92050 28804.93750 30056.31650 29663.54350 29268.56050 30521.47200 30128.69900 29733.71600
30444.80650 30053.56550 29660.09900 30910.45700 30519.21600 30125.74950 31377.61900 30986.37800 30592.91150 30054.93050 29662.15750 29267.17450 30520.58100 30127.80800 29732.82500 30987.74300 30594.97000 30199.98700 29663.51100 29269.22750 28872.75000 30129.16150 29734.87800 29338.40050 30596.32350 30202.04000 29805.56250
30519.20300 30126.43000 29731.44700 30986.85950 30594.08650 30199.10350 31456.00650 31063.23350 30668.25050 30127.78350 29733.50000 29337.02250 30595.44000 30201.15650 29804.67900 31064.58700 30670.30350 30273.82600 29734.84200 29339.06900 28941.11850 30202.49850 29806.72550 29408.77500 30671.64550 30275.87250 29877.92200
30594.06850 30199.78500 29803.30750 31063.71000 30669.42650 30272.94900 31534.82050 31140.53700 30744.05950 30201.12700 29805.35400 29407.40350 30670.76850 30274.99550 29877.04500 31141.87900 30746.10600 30348.15550 29806.68500 29409.44450 29010.04200 30276.32650 29879.08600 29479.68350 30747.43700 30350.19650 29950.79400
30669.40400 30273.63100 29875.68050 31141.00850 30745.23550 30347.28500 31614.06100 31218.28800 30820.33750 30274.96200 29877.72150 29478.31900 30746.56650 30349.32600 29949.92350 31219.61900 30822.37850 30422.97600 29879.04200 29480.35550 29079.52350 30350.64650 29951.96000 29551.12800 30823.69900 30425.01250 30024.18050
30745.20900 30347.96850 29948.56600 31218.75450 30821.51400 30422.11150 31693.72700 31296.48650 30897.08400 30349.28900 29950.60250 29549.77050 30822.83450 30424.14800 30023.31600 31297.80700 30899.12050 30498.28850 29951.91150 29551.80100 29149.56200 30425.45700 30025.34650 29623.10750 30900.42950 30500.31900 30098.08000
30821.48400 30422.79750 30021.96550 31296.94900 30898.26250 30497.43050 31773.81950 31375.13300 30974.30100 30424.10650 30023.99600 29621.75700 30899.57150 30499.46100 30097.22200 31376.44200 30976.33150 30574.09250 30025.29500 29623.78250 29220.15850 30500.76000 30099.24750 29695.62350 30977.63050 30576.11800 30172.49400
30898.22850 30498.11800 30095.87900 31375.59050 30975.48000 30573.24100 31854.33650 31454.22600 31051.98700 30499.41700 30097.90450 29694.28050 30976.77900 30575.26650 30171.64250 31455.52500 31054.01250 30650.38850 30099.19300 29696.30150 29291.31450 30576.55500 30173.66350 29768.67650 31055.30100 30652.40950 30247.42250
30975.44200 30573.92950 30170.30550 31454.67950 31053.16700 30649.54300 31935.27850 31533.76600 31130.14200 30575.21800 30172.32650 29767.33950 31054.45550 30651.56400 30246.57700 31535.05450 31132.16300 30727.17600 30173.60450 29769.35550 29363.02800 30652.84200 30248.59300 29842.26550 31133.44100 30729.19200 30322.86450
31053.12500 30650.23350 30245.24650 31534.21550 31131.32400 30726.33700 32016.64600 31613.75450 31208.76750 30651.51150 30247.26250 29840.93500 31132.60200 30728.35300 30322.02550 31615.03250 31210.78350 30804.45600 30248.53000 29842.94700 29435.30200 30729.62050 30324.03750 29916.39250 31212.05100 30806.46800 30398.82300
31131.27800 30727.02900 30320.70150 31614.19850 31209.94950 30803.62200 32098.43750 31694.18850 31287.86100 30728.29650 30322.71350 29915.06850 31211.21700 30805.63400 30397.98900 31695.45600 31289.87300 30882.22800 30323.97100 29917.07500 29508.13550 30806.89150 30399.99550 29991.05600 31291.13050 30884.23450 30475.29500
31209.89950 30804.31650 30396.67150 31694.62850 31289.04550 30881.40050 32180.65250 31775.06950 31367.42450 30805.57400 30398.67800 29989.73850 31290.30300 30883.40700 30474.46750 31776.32700 31369.43100 30960.49150 30399.92650 29991.74200 29581.53000 30884.65550 30476.47100 30066.25900 31370.67950 30962.49500 30552.28300
31288.99100 30882.09500 30473.15550 31775.50550 31368.60950 30959.67000 32263.29200 31856.39600 31447.45650 30883.34350 30475.15900 30064.94700 31369.85800 30961.67350 30551.46150 31857.64450 31449.46000 31039.24800 30476.39650 30066.94600 29655.48550 30962.91100 30553.46050 30142.00000 31450.69750 31041.24700 30629.78650
31368.55200 30960.36750 30550.15550 31856.82850 31448.64400 31038.43200 32346.35450 31938.17000 31527.95800 30961.60500 30552.15450 30140.69400 31449.88150 31040.43100 30628.97050 31939.40750 31529.95700 31118.49650 30553.38250 30142.68900 29730.00300 31041.65900 30630.96550 30218.27950 31531.18500 31120.49150 30707.80550
31448.58200 31039.13150 30627.67100 31938.59750 31529.14700 31117.68650 32429.84000 32020.38950 31608.92900 31040.35950 30629.66600 30216.98000 31530.37500 31119.68150 30706.99550 32021.61750 31610.92400 31198.23800 30630.88500 30218.97150 29805.08350 31120.90050 30708.98700 30295.09900 31612.14300 31200.22950 30786.34150
31529.08100 31118.38750 30705.70150 32020.81250 31610.11900 31197.43300 32513.74850 32103.05500 31690.36900 31119.60650 30707.69300 30293.80500 31611.33800 31199.42450 30785.53650 32104.27400 31692.36050 31278.47250 30708.90250 30295.79250 29880.72600 31200.63400 30787.52400 30372.45750 31693.57000 31280.46000 30865.39350
31610.05000 31198.13650 30784.24850 32103.47450 31691.56100 31277.67300 32598.08000 32186.16650 31772.27850 31199.34600 30786.23600 30371.16950 31692.77050 31279.66050 30864.59400 32187.37600 31774.26600 31359.19950 30787.43600 30373.15350 29956.93200 31280.86050 30866.57800 30450.35650 31775.46600 31361.18350 30944.96200
31691.48800 31278.37800 30863.31150 32186.58150 31773.47150 31358.40500 32682.83300 32269.72300 31854.65650 31279.57800 30865.29550 30449.07400 31774.67150 31360.38900 30944.16750 32270.92300 31856.64050 31440.41900 30866.48650 30451.05500 30033.70200 31361.58000 30946.14850 30528.79550 31857.83150 31442.40000 31025.04700
31773.39500 31359.11250 30942.89100 32270.13400 31855.85150 31439.63000 32768.00750 32353.72500 31937.50350 31360.30350 30944.87200 30527.51900 31857.04250 31441.61100 31024.25800 32354.91600 31939.48450 31522.13150 30946.05400 30529.49700 30111.03700 31442.79300 31026.23600 30607.77600 31940.66650 31524.10950 31105.64950
31855.77150 31440.34000 31022.98700 32354.13250 31938.70100 31521.34800 32853.60450 32438.17300 32020.82000 31441.52200 31024.96500 30606.50500 31939.88300 31523.32600 31104.86600 32439.35500 32022.79800 31604.33800 31026.13800 30608.47950 30188.93700 31524.49900 31106.84050 30687.29800 32023.97100 31606.31250 31186.77000
31938.61700 31522.06000 31103.60000 32438.57550 32022.01850 31603.55850 32939.62250 32523.06550 32104.60550 31523.23300 31105.57450 30686.03200 32023.19150 31605.53300 31185.99050 32524.23850 32106.58000 31687.03750 31106.73850 30688.00400 30267.40200 31606.69700 31187.96250 30767.36050 32107.74400 31689.00950 31268.40750
32021.93150 31604.27300 31184.73050 32523.46450 32105.80600 31686.26350 33026.06100 32608.40250 32188.86000 31605.43700 31186.70250 30766.10050 32106.97000 31688.23550 31267.63350 32609.56650 32190.83200 31770.23000        nan        nan        nan        nan        nan        nan        nan        nan        nan
