       nan        nan        nan        nan        nan        nan        nan        nan        nan 17866.18300        nan        nan        nan        nan        nan        nan        nan        nan 17863.49850 17821.12500        nan        nan        nan        nan        nan        nan        nan
17869.38900        nan        nan 17907.31700        nan        nan        nan        nan        nan 17866.70450 17824.33100        nan 17904.63250 17862.25900        nan        nan        nan        nan 17861.33200 17818.64450 17782.99150 17899.26000 17856.57250 17820.91950        nan        nan        nan
17873.12350 17830.75000        nan 17911.57200 17869.19850        nan 17943.35200 17900.97850        nan 17867.75100 17825.06350 17789.41050 17906.19950 17863.51200 17827.85900 17937.97950 17895.29200 17859.63900 17859.68650 17816.52800 17780.07650 17898.13500 17854.97650 17818.52500 17929.91500 17886.75650 17850.30500
17877.39900 17834.71150 17799.05850 17916.62800 17873.94050 17838.28750 17949.74850 17907.06100 17871.40800 17869.33450 17826.17600 17789.72450 17908.56350 17865.40500 17828.95350 17941.68400 17898.52550 17862.07400 17858.57250 17814.78600 17777.30150 17897.80150 17854.01500 17816.53050 17930.92200 17887.13550 17849.65100
17882.23050 17839.07200 17802.62050 17922.49950 17879.34100 17842.88950 17957.31100 17914.15250 17877.70100 17871.46850 17827.68200 17790.19750 17911.73750 17867.95100 17830.46650 17946.54900 17902.76250 17865.27800 17857.99850 17813.43050 17774.70250 17898.26750 17853.69950 17814.97150 17933.07900 17888.51100 17849.78300
17887.63700 17843.85050 17806.36600 17929.19650 17885.41000 17847.92550 17965.99150 17922.20500 17884.72050 17874.16700 17829.59900 17790.87100 17915.72650 17871.15850 17832.43050 17952.52150 17907.95350 17869.22550 17857.98150 17812.48050 17772.32100 17899.54100 17854.04000 17813.88050 17936.33600 17890.83500 17850.67550
17893.63450 17849.06650 17810.33850 17936.72150 17892.15350 17853.42550 17975.73800 17931.17000 17892.44200 17877.44900 17831.94800 17791.78850 17920.53600 17875.03500 17834.87550 17959.55250 17914.05150 17873.89200 17858.53700 17811.95600 17770.20100 17901.62400 17855.04300 17813.28800 17940.64050 17894.05950 17852.30450
17900.24050 17854.73950 17814.58000 17945.07500 17899.57400 17859.41450 17986.50750 17941.00650 17900.84700 17881.32850 17834.74750 17792.99250 17926.16300 17879.58200 17837.82700 17967.59550 17921.01450 17879.25950 17859.67950 17811.87950 17768.38600 17904.51400 17856.71400 17813.22050 17945.94650 17898.14650 17854.65300
17907.46850 17860.88750 17819.13250 17954.25150 17907.67050 17865.91550 17998.25500 17951.67400 17909.91900 17885.81950 17838.01950 17794.52600 17932.60250 17884.80250 17841.30900 17976.60600 17928.80600 17885.31250 17861.42300 17812.27150 17766.91700 17908.20600 17859.05450 17813.70000 17952.20950 17903.05800 17857.70350
17915.33200 17867.53200 17824.03850 17964.24150 17916.44150 17872.94800 18010.94200 17963.14200 17919.64850 17890.93550 17841.78400 17796.42950 17939.84500 17890.69350 17845.33900 17986.54550 17937.39400 17892.03950 17863.78200 17813.15500 17765.83400 17912.69150 17862.06450 17814.74350 17959.39200 17908.76500 17861.44400
17923.84000 17874.68850 17829.33400 17975.03450 17925.88300 17880.52850 18024.53400 17975.38250 17930.02800 17896.68650 17846.05950 17798.73850 17947.88100 17897.25400 17849.93300 17997.38050 17946.75350 17899.43250 17866.76600 17814.54850 17765.17050 17917.96050 17865.74300 17816.36500 17967.46000 17915.24250 17865.86450
17933.00050 17882.37350 17835.05250 17986.61850 17935.99150 17888.67050 18039.00250 17988.37550 17941.05450 17903.08000 17850.86250 17801.48450 17956.69800 17904.48050 17855.10250 18009.08200 17956.86450 17907.48650 17870.38350 17816.47000 17764.95700 17924.00150 17870.08800 17818.57500 17976.38550 17922.47200 17870.95900
17942.81950 17890.60200 17841.22400 17998.98150 17946.76400 17897.38600 18054.31850 18002.10100 17952.72300 17910.12300 17856.20950 17804.69650 17966.28500 17912.37150 17860.85850 18021.62200 17967.70850 17916.19550 17874.64300 17818.93700 17765.22200 17930.80500 17875.09900 17821.38400 17986.14200 17930.43600 17876.72100
17953.30000 17899.38650 17847.87350 18012.11100 17958.19750 17906.68450 18070.45900 18016.54550 17965.03250 17917.82000 17862.11400 17808.39900 17976.63100 17920.92500 17867.21000 18034.97900 17979.27300 17925.55800 17879.54900 17821.96250 17765.98800 17938.36000 17880.77350 17824.79900 17996.70800 17939.12150 17883.14700
17964.44550 17908.73950 17855.02450 18025.99550 17970.28950 17916.57450 18087.40350 18031.69750 17977.98250 17926.17450 17868.58800 17812.61350 17987.72450 17930.13800 17874.16350 18049.13250 17991.54600 17935.57150 17885.10700 17825.56100 17767.27600 17946.65700 17887.11100 17828.82600 18008.06500 17948.51900 17890.23400
17976.25550 17918.66900 17862.69450 18040.62450 17983.03800 17927.06350 18105.13300 18047.54650 17991.57200 17935.18800 17875.64200 17817.35700 17999.55700 17940.01100 17881.72600 18064.06550 18004.51950 17946.23450 17891.31850 17829.74100 17769.10250 17955.68750 17894.11000 17833.47150 18020.19600 17958.61850 17897.98000
17988.73250 17929.18650 17870.90150 18055.98750 17996.44150 17938.15650 18123.63300 18064.08700 18005.80200 17944.86300 17883.28550 17822.64700 18012.11800 17950.54050 17889.90200 18079.76350 18018.18600 17957.54750 17898.18750 17834.51350 17771.48350 17965.44250 17901.76850 17838.73850 18033.08800 17969.41400 17906.38400
18001.87700 17940.29950 17879.66100 18072.07650 18010.49900 17949.86050 18142.88850 18081.31100 18020.67250 17955.20150 17891.52750 17828.49750 18025.40100 17961.72700 17898.69700 18096.21300 18032.53900 17969.50900 17905.71550 17839.88700 17774.43300 17975.91500 17910.08650 17844.63250 18046.72700 17980.89850 17915.44450
18015.68750 17952.01350 17888.98350 18088.88300 18025.20900 17962.17900 18162.88800 18099.21400 18036.18400 17966.20150 17900.37300 17834.91900 18039.39700 17973.56850 17908.11450 18113.40200 18047.57350 17982.11950 17913.90350 17845.86900 17777.96050 17987.09900 17919.06450 17851.15600 18061.10400 17993.06950 17925.16100
18030.16300 17964.33450 17898.88050 18106.39950 18040.57100 17975.11700 18183.61900 18117.79050 18052.33650 17977.86500 17909.83050 17841.92200 18054.10150 17986.06700 17918.15850 18131.32100 18063.28650 17995.37800 17922.75250 17852.46450 17782.07700 17998.98900 17928.70100 17858.31350 18076.20850 18005.92050 17935.53300
18045.30450 17977.27000 17909.36150 18124.61950 18056.58500 17988.67650 18205.07350 18137.03900 18069.13050 17990.19200 17919.90400 17849.51650 18069.50700 17999.21900 17928.83150 18149.96100 18079.67300 18009.28550 17932.26350 17859.68050 17786.79100 18011.57850 17938.99550 17866.10600 18092.03250 18019.44950 17946.56000
18061.11000 17990.82200 17920.43450 18143.53750 18073.24950 18002.86200 18227.24250 18156.95450 18086.56700 18003.18150 17930.59850 17857.70900 18085.60900 18013.02600 17940.13650 18169.31400 18096.73100 18023.84150 17942.43650 17867.52050 17792.10950 18024.86400 17949.94800 17874.53700 18108.56900 18033.65300 17958.24200
18077.57900 18004.99600 17932.10650 18163.14800 18090.56500 18017.67550 18250.11850 18177.53550 18104.64600 18016.83400 17941.91800 17866.50700 18102.40300 18027.48700 17952.07600 18189.37350 18114.45750 18039.04650 17953.27150 17875.99000 17798.03950 18038.84050 17961.55900 17883.60850 18125.81100 18048.52950 17970.57900
18094.71000 18019.79400 17944.38300 18183.44600 18108.53000 18033.11900 18273.69550 18198.77950 18123.36850 18031.14750 17953.86600 17875.91550 18119.88350 18042.60200 17964.65150 18210.13300 18132.85150 18054.90100 17964.76900 17885.09100 17804.58650 18053.50500 17973.82700 17893.32250 18143.75450 18064.07650 17983.57200
18112.50200 18035.22050 17957.27000 18204.42800 18127.14650 18049.19600 18297.96500 18220.68350 18142.73300 18046.12350 17966.44550 17885.94100 18138.04950 18058.37150 17977.86700 18231.58650 18151.90850 18071.40400 17976.92850 17894.82750 17811.75450 18068.85450 17986.75350 17903.68050 18162.39150 18080.29050 17997.21750
18130.95550 18051.27750 17970.77300 18226.08950 18146.41150 18065.90700 18322.92500 18243.24700 18162.74250 18061.76050 17979.65950 17896.58650 18156.89450 18074.79350 17991.72050 18253.73000 18171.62900 18088.55600 17989.75100 17905.20350 17819.55050 18084.88500 18000.33750 17914.68450 18181.72050 18097.17300 18011.52000
18150.06750 18067.96650 17984.89350 18248.42700 18166.32600 18083.25300 18348.56850 18266.46750 18183.39450 18078.05800 17993.51050 17907.85750 18176.41750 18091.87000 18006.21700 18276.55900 18192.01150 18106.35850 18003.23550 17916.21900 17827.97600 18101.59500 18014.57850 17926.33550 18201.73650 18114.72000 18026.47700
18169.83850 18085.29100 17999.63800 18271.43750 18186.89000 18101.23700 18374.89250 18290.34500 18204.69200 18095.01600 18007.99950 17919.75650 18196.61500 18109.59850 18021.35550 18300.07000 18213.05350 18124.81050 18017.38250 17927.87800 17837.03600 18118.98150 18029.47700 17938.63500 18222.43650 18132.93200 18042.09000
18190.26700 18103.25050 18015.00750 18295.11900 18208.10250 18119.85950 18401.89200 18314.87550 18226.63250 18112.63350 18023.12900 17932.28700 18217.48550 18127.98100 18037.13900 18324.25850 18234.75400 18143.91200 18032.19000 17940.18150 17846.73150 18137.04200 18045.03350 17951.58350 18243.81500 18151.80650 18058.35650
18211.35300 18121.84850 18031.00650 18319.46900 18229.96450 18139.12250 18429.56400 18340.05950 18249.21750 18130.90950 18038.90100 17945.45100 18239.02550 18147.01700 18053.56700 18349.12050 18257.11200 18163.66200 18047.66000 17953.13200 17857.06850 18155.77600 18061.24800 17965.18450 18265.87100 18171.34300 18075.27950
18233.09400 18141.08550 18047.63550 18344.48200 18252.47350 18159.02350 18457.90450 18365.89600 18272.44600 18149.84450 18055.31650 17959.25300 18261.23250 18166.70450 18070.64100 18374.65500 18280.12700 18184.06350 18063.79150 17966.73050 17868.04650 18175.17950 18078.11850 17979.43450 18288.60200 18191.54100 18092.85700
18255.49100 18160.96300 18064.89950 18370.15950 18275.63150 18179.56800 18486.91150 18392.38350 18296.32000 18169.43800 18072.37700 17973.69300 18284.10650 18187.04550 18088.36150 18400.85850 18303.79750 18205.11350 18080.58400 17980.97900 17879.66950 18195.25250 18095.64750 17994.33800 18312.00450 18212.39950 18111.09000
18278.54250 18181.48150 18082.79750 18396.49850 18299.43750 18200.75350 18516.58150 18419.52050 18320.83650 18189.68850 18090.08350 17988.77400 18307.64450 18208.03950 18106.73000 18427.72750 18328.12250 18226.81300 18098.03800 17995.87750 17891.93950 18215.99400 18113.83350 18009.89550 18336.07700 18233.91650 18129.97850
18302.24700 18202.64200 18101.33250 18423.49550 18323.89050 18222.58100 18546.91250 18447.30750 18345.99800 18210.59650 18108.43600 18004.49800 18331.84500 18229.68450 18125.74650 18455.26200 18353.10150 18249.16350 18116.15200 18011.42750 17904.85750 18237.40050 18132.67600 18026.10600 18360.81750 18256.09300 18149.52300
18326.60550 18224.44500 18120.50700 18451.15100 18348.99050 18245.05250 18577.90150 18475.74100 18371.80300 18232.16100 18127.43650 18020.86650 18356.70650 18251.98200 18145.41200 18483.45700 18378.73250 18272.16250 18134.92700 18027.63100 17918.42600 18259.47250 18152.17650 18042.97150 18386.22300 18278.92700 18169.72200
18351.61550 18246.89100 18140.32100 18479.46200 18374.73750 18268.16750 18609.54700 18504.82250 18398.25250 18254.38150 18147.08550 18037.88050 18382.22800 18274.93200 18165.72700 18512.31300 18405.01700 18295.81200 18154.36200 18044.48800 17932.64550 18282.20850 18172.33450 18060.49200 18412.29350 18302.41950 18190.57700
18377.27700 18269.98100 18160.77600 18508.42700 18401.13100 18291.92600 18641.84550 18534.54950 18425.34450 18277.25750 18167.38350 18055.54100 18408.40750 18298.53350 18186.69100 18541.82600 18431.95200 18320.10950 18174.45700 18061.99800 17947.51750 18305.60700 18193.14800 18078.66750 18439.02550 18326.56650 18212.08600
18403.59000 18293.71600 18181.87350 18538.04500 18428.17100 18316.32850 18674.79700 18564.92300 18453.08050 18300.78950 18188.33050 18073.85000 18435.24450 18322.78550 18208.30500 18571.99650 18459.53750 18345.05700 18195.21150 18080.16450 17963.04550 18329.66650 18214.61950 18097.50050 18466.41850 18351.37150 18234.25250
18430.55250 18318.09350 18203.61300 18568.31500 18455.85600 18341.37550 18708.39850 18595.93950 18481.45900 18324.97450 18209.92750 18092.80850 18462.73700 18347.69000 18230.57100 18602.82050 18487.77350 18370.65450 18216.62550 18098.98550 17979.22700 18354.38800 18236.74800 18116.98950 18494.47150 18376.83150 18257.07300
18458.16500 18343.11800 18225.99900 18599.23350 18484.18650 18367.06750 18742.64750 18627.60050 18510.48150 18349.81600 18232.17600 18112.41750 18490.88450 18373.24450 18253.48600 18634.29850 18516.65850 18396.90000 18238.70000 18118.46350 17996.06650 18379.76850 18259.53200 18137.13500 18523.18250 18402.94600 18280.54900
18486.42600 18368.78600 18249.02750 18630.80250 18513.16250 18393.40400 18777.54400 18659.90400 18540.14550 18375.31000 18255.07350 18132.67650 18519.68650 18399.45000 18277.05300 18666.42800 18546.19150 18423.79450 18261.43200 18138.59700 18013.56150 18405.80850 18282.97350 18157.93800 18552.55000 18429.71500 18304.67950
18515.33600 18395.09950 18272.70250 18663.01900 18542.78250 18420.38550 18813.08550 18692.84900 18570.45200 18401.45800 18278.62300 18153.58750 18549.14100 18426.30600 18301.27050 18699.20750 18576.37250 18451.33700 18284.82350 18159.38850 18031.71600 18432.50650 18307.07150 18179.39900 18582.57300 18457.13800 18329.46550
18544.89400 18422.05900 18297.02350 18695.88200 18573.04700 18448.01150 18849.27100 18726.43600 18601.40050 18428.25950 18302.82450 18175.15200 18579.24750 18453.81250 18326.14000 18732.63650 18607.20150 18479.52900 18308.87400 18180.83750 18050.52950 18459.86200 18331.82550 18201.51750 18613.25100 18485.21450 18354.90650
18575.09850 18449.66350 18321.99100 18729.39000 18603.95500 18476.28250 18886.09850 18760.66350 18632.99100 18455.71300 18327.67650 18197.36850 18610.00450 18481.96800 18351.66000 18766.71300 18638.67650 18508.36850 18333.58200 18202.94400 18070.00300 18487.87350 18357.23550 18224.29450 18644.58200 18513.94400 18381.00300
18605.95000 18477.91350 18347.60550 18763.54250 18635.50600 18505.19800 18923.56650 18795.53000 18665.22200 18483.81900 18353.18100 18220.24000 18641.41150 18510.77350 18377.83250 18801.43550 18670.79750 18537.85650 18358.94800 18225.70850 18090.13700 18516.54050 18383.30100 18247.72950 18676.56450 18543.32500 18407.75350
18637.44700 18506.80900 18373.86800 18798.33850 18667.70050 18534.75950 18961.67400 18831.03600 18698.09500 18512.57600 18379.33650 18243.76500 18673.46750 18540.22800 18404.65650 18836.80300 18703.56350 18567.99200 18384.97200 18249.13150 18110.93200 18545.86350 18410.02300 18271.82350 18709.19900 18573.35850 18435.15900
18669.58850 18536.34900 18400.77750 18833.77600 18700.53650 18564.96500 19000.41850 18867.17900 18731.60750 18541.98450 18406.14400 18267.94450 18706.17200 18570.33150 18432.13200 18872.81450 18736.97400 18598.77450 18411.65300 18273.21300 18132.38900 18575.84050 18437.40050 18296.57650 18742.48300 18604.04300 18463.21900
18702.37550 18566.53500 18428.33550 18869.85550 18734.01500 18595.81550 19039.80000 18903.95950 18765.76000 18572.04400 18433.60400 18292.78000 18739.52400 18601.08400 18460.26000 18909.46850 18771.02850 18630.20450 18438.99200 18297.95350 18154.50800 18606.47200 18465.43350 18321.98800 18776.41650 18635.37800 18491.93250
18735.80600 18597.36600 18456.54200 18906.57500 18768.13500 18627.31100 19079.81750 18941.37750 18800.55350 18602.75400 18461.71550 18318.27000 18773.52300 18632.48450 18489.03900 18946.76550 18805.72700 18662.28150 18466.98700 18323.35300 18177.28950 18637.75600 18494.12200 18348.05850 18810.99850 18667.36450 18521.30100
18769.88100 18628.84250 18485.39700 18943.93500 18802.89650 18659.45100 19120.46900 18979.43050 18835.98500 18634.11400 18490.48000 18344.41650 18808.16800 18664.53400 18518.47050 18984.70200 18841.06800 18695.00450 18495.63950 18349.41150 18200.73550 18669.69350 18523.46550 18374.78950 18846.22750 18699.99950 18551.32350
18804.59800 18660.96400 18514.90050 18981.93200 18838.29800 18692.23450 19161.75350 19018.11950 18872.05600 18666.12350 18519.89550 18371.21950 18843.45750 18697.22950 18548.55350 19023.27900 18877.05100 18728.37500 18524.94850 18376.12900 18224.84500 18702.28250 18553.46300 18402.17900 18882.10400 18733.28450 18582.00050
18839.95750 18693.72950 18545.05350 19020.56700 18874.33900 18725.66300 19203.66950 19057.44150 18908.76550 18698.78250 18549.96300 18398.67900 18879.39200 18730.57250 18579.28850 19062.49450 18913.67500 18762.39100 18554.91300 18403.50700 18249.61850 18735.52250 18584.11650 18430.22800 18918.62500 18767.21900 18613.33050
18875.95900 18727.13950 18575.85550 19059.83850 18911.01900 18759.73500 19246.21650 19097.39700 18946.11300 18732.08950 18580.68350 18426.79500 18915.96900 18764.56300 18610.67450 19102.34700 18950.94100 18797.05250 18585.53400 18431.54400 18275.05600 18769.41350 18615.42350 18458.93550 18955.79150 18801.80150 18645.31350
18912.60150 18761.19550 18607.30700 19099.74600 18948.34000 18794.45150 19289.39250 19137.98650 18984.09800 18766.04600 18612.05600 18455.56800 18953.19050 18799.20050 18642.71250 19142.83700 18988.84700 18832.35900 18616.81100 18460.24100 18301.15950 18803.95550 18647.38550 18488.30400 18993.60200 18837.03200 18677.95050
18949.88450 18795.89450 18639.40650 19140.28800 18986.29800 18829.81000 19333.19750 19179.20750 19022.71950 18800.64950 18644.07950 18484.99800 18991.05300 18834.48300 18675.40150 19183.96250 19027.39250 18868.31100 18648.74200 18489.59700 18327.92700 18839.14550 18680.00050 18518.33050 19032.05500 18872.91000 18711.24000
18987.80700 18831.23700 18672.15550 19181.46450 19024.89450 18865.81300 19377.62950 19221.05950 19061.97800 18835.89950 18676.75450 18515.08450 19029.55700 18870.41200 18708.74200 19225.72200 19066.57700 18904.90700 18681.32850 18519.61200 18355.36050 18874.98600 18713.26950 18549.01800 19071.15100 18909.43450 18745.18300
19026.36900 18867.22400 18705.55400 19223.27300 19064.12800 18902.45800 19422.68650 19263.54150 19101.87150 18871.79800 18710.08150 18545.83000 19068.70200 18906.98550 18742.73400 19268.11550 19106.39900 18942.14750 18714.57050 18550.28850 18383.45950 18911.47450 18747.19250 18580.36350 19110.88800 18946.60600 18779.77700
19065.57000 18903.85350 18739.60200 19265.71450 19103.99800 18939.74650 19468.36950 19306.65300 19142.40150 18908.34250 18744.06050 18577.23150 19108.48700 18944.20500 18777.37600 19311.14200 19146.86000 18980.03100 18748.46650 18581.62350 18412.22500 18948.61100 18781.76800 18612.36950 19151.26600 18984.42300 18815.02450
19105.40850 18941.12650 18774.29750 19308.78700 19144.50500 18977.67600 19514.67650 19350.39450 19183.56550 18945.53250 18778.68950 18609.29100 19148.91100 18982.06800 18812.66950 19354.80050 19187.95750 19018.55900 18783.01550 18613.61800 18441.65600 18986.39400 18816.99650 18645.03450 19192.28350 19022.88600 18850.92400
19145.88500 18979.04200 18809.64350 19352.48950 19185.64650 19016.24800 19561.60600 19394.76300 19225.36450 18983.36800 18813.97050 18642.00850 19189.97250 19020.57500 18848.61300 19399.08900 19229.69150 19057.72950 18818.21950 18646.27300 18471.75450 19024.82400 18852.87750 18678.35900 19233.94050 19061.99400 18887.47550
19186.99700 19017.59950 18845.63750 19396.82150 19227.42400 19055.46200 19609.15650 19439.75900 19267.79700 19021.84850 18849.90200 18675.38350 19231.67300 19059.72650 18885.20800 19444.00800 19272.06150 19097.54300 18854.07650 18679.58600 18502.51850 19063.90100 18889.41050 18712.34300 19276.23600 19101.74550 18924.67800
19228.74650 19056.80000 18882.28150 19441.78250 19269.83600 19095.31750 19657.32900 19485.38250 19310.86400 19060.97450 18886.48400 18709.41650 19274.01050 19099.52000 18922.45250 19489.55700 19315.06650 19137.99900 18890.58700 18713.56000 18533.95000 19103.62300 18926.59600 18746.98600 19319.16950 19142.14250 18962.53250
19271.13150 19096.64100 18919.57350 19487.37200 19312.88150 19135.81400 19706.12000 19531.62950 19354.56200 19100.74400 18923.71700 18744.10700 19316.98450 19139.95750 18960.34750 19535.73250 19358.70550 19179.09550 18927.75000 18748.19350 18566.04800 19143.99050 18964.43400 18782.28850 19362.73850 19183.18200 19001.03650
19314.15100 19137.12400 18957.51400 19533.58750 19356.56050 19176.95050 19755.53050 19578.50350 19398.89350 19141.15700 18961.60050 18779.45500 19360.59350 19181.03700 18998.89150 19582.53650 19402.98000 19220.83450 18965.56600 18783.48650 18598.81350 19185.00250 19002.92300 18818.25000 19406.94550 19224.86600 19040.19300
19357.80450 19178.24800 18996.10250 19580.42950 19400.87300 19218.72750 19805.55700 19626.00050 19443.85500 19182.21350 19000.13400 18815.46100 19404.83850 19222.75900 19038.08600 19629.96600 19447.88650 19263.21350 19004.03350 18819.43800 18632.24550 19226.65850 19042.06300 18854.87050 19451.78600 19267.19050 19079.99800
19402.09200 19220.01250 19035.33950 19627.89650 19445.81700 19261.14400 19856.20150 19674.12200 19489.44900 19223.91200 19039.31650 18852.12400 19449.71650 19265.12100 19077.92850 19678.02150 19493.42600 19306.23350 19043.15300 18856.04850 18666.34500 19268.95750 19081.85300 18892.14950 19497.26250 19310.15800 19120.45450
19447.01200 19262.41650 19075.22400 19675.98800 19491.39250 19304.20000 19907.46000 19722.86450 19535.67200 19266.25300 19079.14850 18889.44500 19495.22900 19308.12450 19118.42100 19726.70100 19539.59650 19349.89300 19082.92350 18893.31850 18701.11150 19311.89950 19122.29450 18930.08750 19543.37150 19353.76650 19161.55950
19492.56500 19305.46050 19115.75700 19724.70350 19537.59900 19347.89550 19959.33400 19772.22950 19582.52600 19309.23550 19119.63050 18927.42350 19541.37400 19351.76900 19159.56200 19776.00450 19586.39950 19394.19250 19123.34550 18931.24750 18736.54550 19355.48400 19163.38600 18968.68400 19590.11450 19398.01650 19203.31450
19538.74900 19349.14400 19156.93700 19774.04050 19584.43550 19392.22850 20011.82000 19822.21500 19630.00800 19352.85900 19160.76100 18966.05900 19588.15050 19396.05250 19201.35050 19825.93000 19633.83200 19439.13000 19164.41850 18969.83450 18772.64750 19399.71000 19205.12600 19007.93900 19637.48950 19442.90550 19245.71850
19585.56400 19393.46600 19198.76400 19824.00000 19631.90200 19437.20000 20064.91850 19872.82050 19678.11850 19397.12350 19202.53950 19005.35250 19635.55950 19440.97550 19243.78850 19876.47800 19681.89400 19484.70700 19206.14150 19009.08100 18809.41650 19444.57750 19247.51700 19047.85250 19685.49600 19488.43550 19288.77100
19633.01000 19438.42600 19241.23900 19874.58050 19679.99650 19482.80950 20118.62900 19924.04500 19726.85800 19442.02800 19244.96750 19045.30300 19683.59850 19486.53800 19286.87350 19927.64700 19730.58650 19530.92200 19248.51450 19048.98600 18846.85300 19490.08500 19290.55650 19088.42350 19734.13350 19534.60500 19332.47200
19681.08500 19484.02450 19284.36000 19925.78050 19728.72000 19529.05550 20172.94850 19975.88800 19776.22350 19487.57150 19288.04300 19085.91000 19732.26700 19532.73850 19330.60550 19979.43500 19779.90650 19577.77350 19291.53650 19089.54850 18884.95700 19536.23200 19334.24400 19129.65250 19783.40000 19581.41200 19376.82050
19729.78900 19530.26050 19328.12750 19977.60000 19778.07150 19575.93850 20227.87700 20028.34850 19826.21550 19533.75400 19331.76600 19127.17450 19781.56500 19579.57700 19374.98550 20031.84200 19829.85400 19625.26250 19335.20800 19130.76950 18923.72900 19583.01900 19378.58050 19171.54000 19833.29600 19628.85750 19421.81700
19779.12050 19577.13250 19372.54100 20030.03700 19828.04900 19623.45750 20283.41300 20081.42500 19876.83350 19580.57450 19376.13600 19169.09550 19831.49100 19627.05250 19420.01200 20084.86700 19880.42850 19673.38800 19379.52850 19172.64800 18963.16750 19630.44500 19423.56450 19214.08400 19883.82100 19676.94050 19467.46000
19829.08000 19624.64150 19417.60100 20083.09150 19878.65300 19671.61250 20339.55650 20135.11800 19928.07750 19628.03400 19421.15350 19211.67300 19882.04550 19675.16500 19465.68450 20138.51050 19931.63000 19722.14950 19424.49750 19215.18500 19003.27400 19678.50900 19469.19650 19257.28550 19934.97400 19725.66150 19513.75050
19879.66700 19672.78650 19463.30600 20136.76350 19929.88300 19720.40250 20396.30550 20189.42500 19979.94450 19676.13050 19466.81800 19254.90700 19933.22700 19723.91450 19512.00350 20192.76900 19983.45650 19771.54550 19470.11400 19258.37900 19044.04800 19727.21050 19515.47550 19301.14450 19986.75250 19775.01750 19560.68650
19930.88000 19721.56750 19509.65650 20191.05000 19981.73750 19769.82650 20453.65900 20244.34650 20032.43550 19724.86350 19513.12850 19298.79750 19985.03350 19773.29850 19558.96750 20247.64250 20035.90750 19821.57650 19516.37850 19302.23000 19085.49000 19776.54850 19562.40000 19345.66000 20039.15750 19825.00900 19608.26900
19982.71750 19770.98250 19556.65150 20245.95100 20034.21600 19819.88500 20511.61650 20299.88150 20085.55050 19774.23250 19560.08400 19343.34400 20037.46600 19823.31750 19606.57750 20303.13150 20088.98300 19872.24300 19563.28950 19346.73850 19127.59850 19826.52300 19609.97200 19390.83200 20092.18850 19875.63750 19656.49750
20035.18000 19821.03150 19604.29150 20301.46600 20087.31750 19870.57750 20570.17600 20356.02750 20139.28750 19824.23700 19607.68600 19388.54600 20090.52300 19873.97200 19654.83200 20359.23300 20142.68200 19923.54200 19610.84750 19391.90300 19170.37450 19877.13350 19658.18900 19436.66050 20145.84350 19926.89900 19705.37050
20088.26600 19871.71500 19652.57500 20357.59400 20141.04300 19921.90300 20629.33650 20412.78550 20193.64550 19874.87650 19655.93200 19434.40350 20144.20450 19925.26000 19703.73150 20415.94700 20197.00250 19975.47400 19659.05100 19437.72450 19213.81750 19928.37900 19707.05250 19483.14550 20200.12150 19978.79500 19754.88800
20141.97600 19923.03150 19701.50300 20414.33350 20195.38900 19973.86050 20689.09850 20470.15400 20248.62550 19926.15050 19704.82400 19480.91700 20198.50800 19977.18150 19753.27450 20473.27300 20251.94650 20028.03950 19707.90150 19484.20250 19257.92750 19980.25900 19756.56000 19530.28500 20255.02400 20031.32500 19805.05000
20196.30750 19974.98100 19751.07400 20471.68400 20250.35750 20026.45050 20749.45850 20528.13200 20304.22500 19978.05850 19754.35950 19528.08450 20253.43500 20029.73600 19803.46100 20531.20950 20307.51050 20081.23550 19757.39650 19531.33550 19302.70500 20032.77300 19806.71200 19578.08150 20310.54750 20084.48650 19855.85600
20251.26150 20027.56250 19801.28750 20529.64500 20305.94600 20079.67100 20810.41750 20586.71850 20360.44350 20030.59950 19804.53850 19575.90800 20308.98300 20082.92200 19854.29150 20589.75550 20363.69450 20135.06400 19807.53650 19579.12550 19348.14900 20085.92000 19857.50900 19626.53250 20366.69250 20138.28150 19907.30500
20306.83600 20080.77500 19852.14450 20588.21500 20362.15400 20133.52350 20871.97300 20645.91200 20417.28150 20083.77300 19855.36200 19624.38550 20365.15200 20136.74100 19905.76450 20648.91000 20420.49900 20189.52250 19858.32100 19627.57000 19394.26000 20139.70000 19908.94900 19675.63900 20423.45800 20192.70700 19959.39700
20363.03100 20134.62000 19903.64350 20647.39250 20418.98150 20188.00500 20934.12450 20705.71350 20474.73700 20137.57900 19906.82800 19673.51800 20421.94050 20191.18950 19957.87950 20708.67250 20477.92150 20244.61150 19909.74950 19676.67000 19441.03850 20194.11100 19961.03150 19725.40000 20480.84300 20247.76350 20012.13200
20419.84450 20189.09350 19955.78350 20707.17750 20476.42650 20243.11650 20996.87100 20766.12000 20532.81000 20192.01500 19958.93550 19723.30400 20479.34800 20246.26850 20010.63700 20769.04150 20535.96200 20300.33050 19961.82050 19726.42400 19488.48150 20249.15350 20013.75700 19775.81450 20538.84700 20303.45050 20065.50800
20477.27750 20244.19800 20008.56650 20767.56850 20534.48900 20298.85750 21060.21000 20827.13050 20591.49900 20247.08300 20011.68650 19773.74400 20537.37400 20301.97750 20064.03500 20830.01550 20594.61900 20356.67650 20014.53600 19776.83350 19536.59300 20304.82700 20067.12450 19826.88400 20597.46850 20359.76600 20119.52550
20535.32750 20299.93100 20061.98850 20828.56500 20593.16850 20355.22600 21124.14300 20888.74650 20650.80400 20302.78050 20065.07800 19824.83750 20596.01800 20358.31550 20118.07500 20891.59600 20653.89350 20413.65300 20067.89250 19827.89650 19585.36950 20361.13000 20121.13400 19878.60700 20656.70800 20416.71200 20174.18500
20593.99500 20356.29250 20116.05200 20890.16600 20652.46350 20412.22300 21188.66650 20950.96400 20710.72350 20359.10700 20119.11100 19876.58400 20655.27800 20415.28200 20172.75500 20953.77850 20713.78250 20471.25550 20121.89150 19879.61400 19634.81200 20418.06250 20175.78500 19930.98300 20716.56300 20474.28550 20229.48350
20653.27800 20413.28200 20170.75500 20952.36950 20712.37350 20469.84650 21253.78050 21013.78450 20771.25750 20416.06250 20173.78500 19928.98300 20715.15400 20472.87650 20228.07450 21016.56500 20774.28750 20529.48550 20176.53200 19931.98450 19684.92050 20475.62350 20231.07600 19984.01200 20777.03450 20532.48700 20285.42300
20713.17700 20470.89950 20226.09750 21015.17650 20772.89900 20528.09700 21319.48300 21077.20550 20832.40350 20473.64650 20229.09900 19982.03500 20775.64600 20531.09850 20284.03450 21079.95250 20835.40500 20588.34100 20231.81350 19985.00800 19735.69500 20533.81300 20287.00750 20037.69450 20838.11950 20591.31400 20342.00100
20773.69100 20529.14350 20282.07950 21078.58450 20834.03700 20586.97300 21385.77450 21141.22700 20894.16300 20531.85800 20285.05250 20035.73950 20836.75150 20589.94600 20340.63300 21143.94150 20897.13600 20647.82300 20287.73600 20038.68500 19787.13500 20592.62950 20343.57850 20092.02850 20899.81950 20650.76850 20399.21850
20834.81800 20588.01250 20338.69950 21142.59300 20895.78750 20646.47450 21452.65250 21205.84700 20956.53400 20590.69600 20341.64500 20090.09500 20898.47100 20649.42000 20397.87000 21208.53050 20959.47950 20707.92950 20344.29700 20093.01350 19839.24000 20652.07200 20400.78850 20147.01500 20962.13150 20710.84800 20457.07450
20896.55900 20647.50800 20395.95800 21207.20100 20958.15000 20706.60000 21520.11600 21271.06500 21019.51500 20650.16000 20398.87650 20145.10300 20960.80200 20709.51850 20455.74500 21273.71700 21022.43350 20768.66000 20401.49800 20147.99500 19892.01000 20712.14000 20458.63700 20202.65200 21025.05500 20771.55200 20515.56700
20958.91050 20707.62700 20453.85350 21272.40700 21021.12350 20767.35000 21588.16350 21336.88000 21083.10650 20710.24850 20456.74550 20200.76050 21023.74500 20770.24200 20514.25700 21339.50150 21085.99850 20830.01350 20459.33750 20203.62700 19945.44450 20772.83400 20517.12350 20258.94100 21088.59050 20832.88000 20574.69750
21021.87400 20768.37100 20512.38600 21338.21000 21084.70700 20828.72200 21656.79500 21403.29200 21147.30700 20770.96300 20515.25250 20257.07000 21087.29900 20831.58850 20573.40600 21405.88400 21150.17350 20891.99100 20517.81550 20259.91150 19999.54500 20834.15150 20576.24750 20315.88100 21152.73650 20894.83250 20634.46600
21085.44800 20829.73750 20571.55500 21404.61000 21148.89950 20890.71700 21726.00850 21470.29800 21212.11550 20832.30050 20574.39650 20314.03000 21151.46250 20893.55850 20633.19200 21472.86100 21214.95700 20954.59050 20576.93100 20316.84600 20054.30900 20896.09300 20636.00800 20373.47100 21217.49150 20957.40650 20694.86950
21149.63100 20891.72700 20631.36050 21471.60500 21213.70100 20953.33450 21795.80200 21537.89800 21277.53150 20894.26150 20634.17650 20371.63950 21216.23550 20956.15050 20693.61350 21540.43250 21280.34750 21017.81050 20636.68400 20374.43150 20109.73650 20958.65800 20696.40550 20431.71050 21282.85500 21020.60250 20755.90750
21214.42300 20954.33800 20691.80100 21539.19450 21279.10950 21016.57250 21866.17650 21606.09150 21343.55450 20956.84550 20694.59300 20429.89800 21281.61700 21019.36450 20754.66950 21608.59900 21346.34650 21081.65150 20697.07300 20432.66650 20165.82900 21021.84450 20757.43800 20490.60050 21348.82650 21084.42000 20817.58250
21279.82300 21017.57050 20752.87550 21607.37750 21345.12500 21080.43000 21937.12950 21674.87700 21410.18200 21020.05050 20755.64400 20488.80650 21347.60500 21083.19850 20816.36100 21677.35700 21412.95050 21146.11300 20758.09800 20491.55150 20222.58400 21085.65250 20819.10600 20550.13850 21415.40450 21148.85800 20879.89050
21345.83000 21081.42350 20814.58600 21676.15200 21411.74550 21144.90800 22008.65900 21744.25250 21477.41500 21083.87750 20817.33100 20548.36350 21414.19950 21147.65300 20878.68550 21746.70650 21480.16000 21211.19250 20819.75850 20551.08600 20280.00350 21150.08050 20881.40800 20610.32550 21482.58750 21213.91500 20942.83250
21412.44300 21145.89650 20876.92900 21745.51900 21478.97250 21210.00500 22080.76550 21814.21900 21545.25150 21148.32400 20879.65150 20608.56900 21481.40000 21212.72750 20941.64500 21816.64650 21547.97400 21276.89150 20882.05350 20611.26950 20338.08550 21215.12950 20944.34550 20671.16150 21550.37600 21279.59200 21006.40800
21479.66000 21210.98750 20939.90500 21815.47500 21546.80250 21275.72000 22153.44600 21884.77350 21613.69100 21213.38950 20942.60550 20669.42150 21549.20450 21278.42050 21005.23650 21887.17550 21616.39150 21343.20750 20944.98250 20672.10000 20396.83000 21280.79750 21007.91500 20732.64500 21618.76850 21345.88600 21070.61600
21547.48250 21276.69850 21003.51450 21886.02000 21615.23600 21342.05200 22226.70050 21955.91650 21682.73250 21279.07550 21006.19300 20730.92300 21617.61300 21344.73050 21069.46050 21958.29350 21685.41100 21410.14100 21008.54600 20733.58000 20456.23850 21347.08350 21072.11750 20794.77600 21687.76400 21412.79800 21135.45650
21615.90800 21343.02550 21067.75550 21957.15350 21684.27100 21409.00100 22300.52800 22027.64550 21752.37550 21345.37850 21070.41250 20793.07100 21686.62400 21411.65800 21134.31650 22029.99850 21755.03250 21477.69100 21072.74150 20795.70650 20516.30750 21413.98700 21136.95200 20857.55300 21757.36150 21480.32650 21200.92750
21684.93600 21409.97000 21132.62850 22028.87400 21753.90800 21476.56650 22374.92650 22099.96050 21822.61900 21412.29900 21135.26400 20855.86500 21756.23700 21479.20200 21199.80300 22102.28950 21825.25450 21545.85550 21137.56950 20858.48000 20577.03950 21481.50750 21202.41800 20920.97750 21827.56000 21548.47050 21267.03000
21754.56500 21477.53000 21198.13100 22101.18000 21824.14500 21544.74600 22449.89450 22172.85950 21893.46050 21479.83550 21200.74600 20919.30550 21826.45050 21547.36100 21265.92050 22175.16500 21896.07550 21614.63500 21203.02950 20921.90050 20638.43200 21549.64450 21268.51550 20985.04700 21898.35900 21617.23000 21333.76150
21824.79500 21545.70550 21264.26500 22174.07050 21894.98100 21613.54050 22525.43200 22246.34250 21964.90200 21547.98900 21266.86000 20983.39150 21897.26450 21616.13550 21332.66700 22248.62600 21967.49700 21684.02850 21269.12000 20985.96650 20700.48650 21618.39550 21335.24200 21049.76200 21969.75700 21686.60350 21401.12350
21895.62450 21614.49550 21331.02700 22247.54550 21966.41650 21682.94800 22601.53700 22320.40800 22036.93950 21616.75550 21333.60200 21048.12200 21968.67650 21685.52300 21400.04300 22322.66800 22039.51450 21754.03450 21335.84050 21050.67800 20763.20050 21687.76150 21402.59900 21115.12150 22041.75300 21756.59050 21469.11300
21967.05250 21683.89900 21398.41900 22321.60200 22038.44850 21752.96850 22678.20700 22395.05350 22109.57350 21686.13750 21400.97500 21113.49750 22040.68700 21755.52450 21468.04700 22397.29200 22112.12950 21824.65200 21403.19150 21116.03500 20826.57700 21757.74100 21470.58450 21181.12650 22114.34600 21827.18950 21537.73150
22039.07850 21753.91600 21466.43850 22396.24000 22111.07750 21823.60000 22755.44300 22470.28050 22182.80300 21756.13250 21468.97600 21179.51800 22113.29400 21826.13750 21536.67950 22472.49700 22185.34050 21895.88250 21471.17150 21182.03600 20890.61300 21828.33300 21539.19750 21247.77450 22187.53600 21898.40050 21606.97750
22111.70050 21824.54400 21535.08600 22471.45850 22184.30200 21894.84400 22833.24200 22546.08550 22256.62750 21826.73950 21537.60400 21246.18100 22186.49750 21897.36200 21605.93900 22548.28100 22259.14550 21967.72250 21539.77950 21248.68100 20955.30800 21899.53750 21608.43900 21315.06600 22261.32100 21970.22250 21676.84950
22184.91900 21895.78350 21604.36050 22547.25700 22258.12150 21966.69850 22911.60400 22622.46850 22331.04550 21897.95900 21606.86050 21313.48750 22260.29700 21969.19850 21675.82550 22624.64400 22333.54550 22040.17250 21609.01500 21315.96950 21020.66350 21971.35300 21678.30750 21383.00150 22335.70000 22042.65450 21747.34850
22258.73250 21967.63400 21674.26100 22623.63300 22332.53450 22039.16150 22990.52750 22699.42900 22406.05600 21969.78850 21676.74300 21381.43700 22334.68900 22041.64350 21746.33750 22701.58350 22408.53800 22113.23200 21678.87800 21383.90100 21086.67750 22043.77850 21748.80150 21451.57800 22410.67300 22115.69600 21818.47250
22333.13900 22040.09350 21744.78750 22700.58550 22407.54000 22112.23400 23070.00950 22776.96400 22481.65800 22042.22850 21747.25150 21450.02800 22409.67500 22114.69800 21817.47450 22779.09900 22484.12200 22186.89850 21749.36750 21452.47500 21153.35050 22116.81400 21819.92150 21520.79700 22486.23800 22189.34550 21890.22100
22408.13900 22113.16200 21815.93850 22778.11400 22483.13700 22185.91350 23150.05100 22855.07400 22557.85050 22115.27800 21818.38550 21519.26100 22485.25300 22188.36050 21889.23600 22857.19000 22560.29750 22261.17300 21820.48200 21521.69100 21220.68150 22190.45700 21891.66600 21590.65650 22562.39400 22263.60300 21962.59350
22483.73050 22186.83800 21887.71350 22856.21800 22559.32550 22260.20100 23230.64950 22933.75700 22634.63250 22188.93450 21890.14350 21589.13400 22561.42200 22262.63100 21961.62150 22935.85350 22637.06250 22336.05300 21892.22100 21591.54750 21288.67000 22264.70850 21964.03500 21661.15750 22639.14000 22338.46650 22035.58900
22559.91300 22261.12200 21960.11250 22934.89400 22636.10300 22335.09350 23311.80350 23013.01250 22712.00300 22263.19950 21962.52600 21659.64850 22638.18050 22337.50700 22034.62950 23015.09000 22714.41650 22411.53900 21964.58550 21662.04550 21357.31650 22339.56650 22037.02650 21732.29750 22716.47600 22413.93600 22109.20700
22636.68500 22336.01150 22033.13400 23014.14300 22713.46950 22410.59200 23393.51200 23092.83850 22789.96100 22338.07100 22035.53100 21730.80200 22715.52900 22412.98900 22108.26000 23094.89800 22792.35800 22487.62900 22037.57250 21733.18350 21426.62000 22415.03050 22110.64150 21804.07800 22794.39950 22490.01050 22183.44700
22714.04650 22411.50650 22106.77750 23093.96350 22791.42350 22486.69450 23475.77450 23173.23450 22868.50550 22413.54800 22109.15900 21802.59550 22793.46500 22489.07600 22182.51250 23175.27600 22870.88700 22564.32350 22111.18300 21804.96100 21496.58050 22491.10000 22184.87800 21876.49750 22872.91100 22566.68900 22258.30850
22791.99550 22487.60650 22181.04300 23174.35250 22869.96350 22563.40000 23558.58800 23254.19900 22947.63550 22489.63050 22183.40850 21875.02800 22871.98750 22565.76550 22257.38500 23256.22300 22950.00100 22641.62050 22185.41500 21877.37800 21567.19700 22567.77200 22259.73500 21949.55400 22952.00750 22643.97050 22333.78950
22870.53100 22564.30900 22255.92850 23255.31200 22949.09000 22640.70950 23641.95300 23335.73100 23027.35050 22566.31550 22258.27850 21948.09750 22951.09650 22643.05950 22332.87850 23337.73750 23029.70050 22719.51950 22260.26800 21950.43200 21638.46900 22645.04900 22335.21300 22023.25000 23031.69000 22721.85400 22409.89100
22949.65250 22641.61550 22331.43450 23336.83750 23028.80050 22718.61950 23725.86650 23417.82950 23107.64850 22643.60500 22333.76900 22021.80600 23030.79000 22720.95400 22408.99100 23419.81900 23109.98300 22798.02000 22335.74250 22024.12600 21710.39700 22722.92750 22411.31100 22097.58200 23111.95650 22800.34000 22486.61100
23029.35850 22719.52250 22407.55950 23418.93050 23109.09450 22797.13150 23810.32800 23500.49200 23188.52900 22721.49600 22409.87950 22096.15050 23111.06800 22799.45150 22485.72250 23502.46550 23190.84900 22877.12000 22411.83600 22098.45550 21782.97950 22801.40800 22488.02750 22172.55150 23192.80550 22879.42500 22563.94900
23109.64800 22798.03150 22484.30250 23501.58800 23189.97150 22876.24250 23895.33550 23583.71900 23269.99000 22799.98800 22486.60750 22171.13150 23191.92800 22878.54750 22563.07150 23585.67550 23272.29500 22956.81900 22488.54800 22173.42200 21856.21600 22880.48800 22565.36200 22248.15600 23274.23550 22959.10950 22641.90350
23190.52000 22877.13950 22561.66350 23584.80950 23271.42900 22955.95300 23980.88900 23667.50850 23352.03250 22879.08000 22563.95400 22246.74800 23273.36950 22958.24350 22641.03750 23669.44900 23354.32300 23037.11700 22565.87900 22249.02450 21930.10600 22960.16850 22643.31400 22324.39550 23356.24800 23039.39350 22720.47500
23271.97300 22956.84700 22639.64100 23668.59350 23353.46750 23036.26150 24066.98500 23751.85900 23434.65300 22958.77200 22641.91750 22322.99900 23355.39250 23038.53800 22719.61950 23753.78400 23436.92950 23118.01100 22643.82700 22325.26200 22004.64950 23040.44750 22721.88250 22401.27000 23438.83900 23120.27400 22799.66150
23354.00800 23037.15350 22718.23500 23752.93950 23436.08500 23117.16650 24153.62450 23836.77000 23517.85150 23039.06300 22720.49800 22399.88550 23437.99450 23119.42950 22798.81700 23838.67950 23520.11450 23199.50200 22722.39300 22402.13550 22079.84750 23121.32450 22801.06700 22478.77900 23522.00950 23201.75200 22879.46400
23436.62100 23118.05600 22797.44350 23837.84550 23519.28050 23198.66800 24240.80400 23922.23900 23601.62650 23119.95100 22799.69350 22477.40550 23521.17550 23200.91800 22878.63000 23924.13400 23603.87650 23281.58850 22801.57300 22479.64150 22155.69700 23202.79750 22880.86600 22556.92150 23605.75600 23283.82450 22959.88000
23519.81300 23199.55550 22877.26750 23923.31050 23603.05300 23280.76500 24328.52400 24008.26650 23685.97850 23201.43500 22879.50350 22555.55900 23604.93250 23283.00100 22959.05650 24010.14600 23688.21450 23364.27000 22881.36900 22557.78200 22232.19800 23284.86650 22961.27950 22635.69550 23690.08000 23366.49300 23040.90900
23603.58150 23281.65000 22957.70550 24009.33250 23687.40100 23363.45650 24416.78100 24094.84950 23770.90500 23283.51550 22959.92850 22634.34450 23689.26650 23365.67950 23040.09550 24096.71500 23773.12800 23447.54400 22961.77950 22636.55550 22309.35150 23367.53050 23042.30650 22715.10250 23774.97900 23449.75500 23122.55100
23687.92600 23364.33900 23038.75500 24095.91150 23772.32450 23446.74050 24505.57500 24181.98800 23856.40400 23366.19000 23040.96600 22713.76200 23774.17550 23448.95150 23121.74750 24183.83900 23858.61500 23531.41100 23042.80200 22715.95950 22387.15500 23450.78750 23123.94500 22795.14050 23860.45100 23533.60850 23204.80400
23772.84600 23447.62200 23120.41800 24183.04600 23857.82200 23530.61800 24594.90450 24269.68050 23942.47650 23449.45800 23122.61550 22793.81100 23859.65800 23532.81550 23204.01100 24271.51650 23944.67400 23615.86950 23124.43900 22795.99650 22465.60900 23534.63900 23206.19650 22875.80900 23946.49750 23618.05500 23287.66750
23858.33900 23531.49650 23202.69200 24270.73350 23943.89100 23615.08650 24684.76700 24357.92450 24029.12000 23533.32000 23204.87750 22874.49000 23945.71450 23617.27200 23286.88450 24359.74800 24031.30550 23700.91800 23206.68700 22876.66400 22544.71350 23619.08150 23289.05850 22957.10800 24033.11500 23703.09200 23371.14150
23944.40550 23615.96300 23285.57550 24358.97450 24030.53200 23700.14450 24775.16350 24446.72100 24116.33350 23617.77250 23287.74950 22955.79900 24032.34150 23702.31850 23370.36800 24448.53050 24118.50750 23786.55700 23289.54550 22957.96050 22624.46700 23704.11450 23372.52950 23039.03600 24120.30350 23788.71850 23455.22500
24031.04300 23701.02000 23369.06950 24447.76650 24117.74350 23785.79300 24866.09000 24536.06700 24204.11650 23702.81600 23371.23100 23037.73750 24119.53950 23787.95450 23454.46100 24537.86300 24206.27800 23872.78450 23373.01450 23039.88750 22704.86900 23789.73800 23456.61100 23121.59250 24208.06150 23874.93450 23539.91600
24118.25050 23786.66550 23453.17200 24537.10850 24205.52350 23872.03000 24957.54600 24625.96100 24292.46750 23788.44900 23455.32200 23120.30350 24207.30700 23874.18000 23539.16150 24627.74450 24294.61750 23959.59900 23457.09200 23122.44200 22785.91950 23875.95000 23541.30000 23204.77750 24296.38750 23961.73750 23625.21500
24206.02800 23872.90100 23537.88250 24626.99950 24293.87250 23958.85400 25049.53050 24716.40350 24381.38500 23874.67100 23540.02100 23203.49850 24295.64250 23960.99250 23624.47000 24718.17350 24383.52350 24047.00100 23541.77950 23205.62550 22867.61750 23962.75100 23626.59700 23288.58900 24385.28200 24049.12800 23711.12000
24294.37300 23959.72300 23623.20050 24717.43700 24382.78700 24046.26450 25142.04050 24807.39050 24470.86800 23961.48150 23625.32750 23287.31950 24384.54550 24048.39150 23710.38350 24809.14900 24472.99500 24134.98700 23627.07300 23289.43600 22949.96250 24050.13700 23712.50000 23373.02650 24474.74050 24137.10350 23797.63000
24383.28600 24047.13200 23709.12400 24808.42150 24472.26750 24134.25950 25235.07700 24898.92300 24560.91500 24048.87750 23711.24050 23371.76700 24474.01300 24136.37600 23796.90250 24900.66850 24563.03150 24223.55800 23712.97400 23373.87250 23032.95450 24138.10950 23799.00800 23458.09000 24564.76500 24225.66350 23884.74550
24472.76300 24135.12600 23795.65250 24899.95000 24562.31300 24222.83950 25328.63600 24990.99900 24651.52550 24136.85950 23797.75800 23456.84000 24564.04650 24224.94500 23884.02700 24992.73250 24653.63100 24312.71300 23799.48050 23458.93500 23116.59150 24226.66750 23886.12200 23543.77850 24655.35350 24314.80800 23972.46450
24562.80600 24223.70450 23882.78650 24992.02300 24652.92150 24312.00350 25422.71800 25083.61650 24742.69850 24225.42700 23884.88150 23542.53800 24654.64400 24314.09850 23971.75500 25085.33900 24744.79350 24402.45000 23886.59200 23544.62300 23200.87550 24315.80900 23973.84000 23630.09250 24746.50400 24404.53500 24060.78750
24653.41250 24312.86700 23970.52350 25084.63750 24744.09200 24401.74850 25517.32050 25176.77500 24834.43150 24314.57750 23972.60850 23628.86100 24745.80250 24403.83350 24060.08600 25178.48550 24836.51650 24492.76900 23974.30750 23630.93500 23285.80300 24405.53250 24062.16000 23717.02800 24838.21550 24494.84300 24149.71100
24744.58050 24402.61150 24058.86400 25177.79250 24835.82350 24492.07600 25612.44200 25270.47300 24926.72550 24404.31050 24060.93800 23715.80600 24837.52250 24494.15000 24149.01800 25272.17200 24928.79950 24583.66750 24062.62550 23717.87050 23371.37450 24495.83750 24151.08250 23804.58650 24930.48700 24585.73200 24239.23600
24836.30950 24492.93700 24147.80500 25271.48700 24928.11450 24582.98250 25708.08050 25364.70800 25019.57600 24494.62450 24149.86950 23803.37350 24929.80200 24585.04700 24238.55100 25366.39550 25021.64050 24675.14450 24151.54600 23805.42850 23457.59000 24586.72350 24240.60600 23892.76750 25023.31700 24677.19950 24329.36100
24928.59750 24583.84250 24237.34650 25365.71950 25020.96450 24674.46850 25804.23550 25459.48050 25112.98450 24585.51900 24239.40150 23891.56300 25022.64100 24676.52350 24328.68500 25461.15700 25115.03950 24767.20100 24241.06750 23893.60800 23544.44800 24678.18950 24330.73000 23981.57000 25116.70550 24769.24600 24420.08600
25021.44500 24675.32750 24327.48900 25460.48850 25114.37100 24766.53250 25900.90500 25554.78750 25206.94900 24676.99350 24329.53400 23980.37400 25116.03700 24768.57750 24419.41750 25556.45350 25208.99400 24859.83400 24331.18950 23982.40900 23631.94800 24770.23300 24421.45250 24070.99150 25210.64950 24861.86900 24511.40800
25114.85000 24767.39050 24418.23050 25555.79350 25208.33400 24859.17400 25998.08800 25650.62850 25301.46850 24769.04600 24420.26550 24069.80450 25209.98950 24861.20900 24510.74800 25652.28400 25303.50350 24953.04250 24421.91100 24071.83100 23720.09050 24862.85450 24512.77450 24161.03400 25305.14900 24955.06900 24603.32850
25208.81000 24860.02950 24509.56850 25651.63200 25302.85150 24952.39050 26095.78200 25747.00150 25396.54050 24861.67500 24511.59500 24159.85450 25304.49700 24954.41700 24602.67650 25748.64700 25398.56700 25046.82650 24513.23050 24161.87150 23808.87250 24956.05250 24604.69350 24251.69450 25400.20250 25048.84350 24695.84450
25303.32550 24953.24550 24601.50500 25748.00250 25397.92250 25046.18200 26193.98650 25843.90650 25492.16600 24954.88100 24603.52200 24250.52300 25399.55800 25048.19900 24695.20000 25845.54200 25494.18300 25141.18400 24605.14750 24252.53150 23898.29600 25049.82450 24697.20850 24342.97300 25495.80850 25143.19250 24788.95700
25398.39550 25047.03650 24694.03750 25844.90500 25493.54600 25140.54700 26292.69900 25941.34000 25588.34100 25048.66200 24696.04600 24341.81050 25495.17150 25142.55550 24788.32000 25942.96550 25590.34950 25236.11400 24697.66150 24343.81000 23988.35900 25144.17100 24790.31950 24434.86850 25591.96500 25238.11350 24882.66250
25494.01700 25141.40100 24787.16550 25942.33600 25589.72000 25235.48450 26391.91850 26039.30250 25685.06700 25143.01650 24789.16500 24433.71400 25591.33550 25237.48400 24882.03300 26040.91800 25687.06650 25331.61550 24790.77100 24435.70500 24079.06100 25239.09000 24884.02400 24527.38000 25688.67250 25333.60650 24976.96250
25590.18900 25236.33750 24880.88650 26040.29600 25686.44450 25330.99350 26491.64300 26137.79150 25782.34050 25237.94350 24882.87750 24526.23350 25688.05050 25332.98450 24976.34050 26139.39750 25784.33150 25427.68750 24884.47450 24528.21600 24170.40050 25334.58150 24978.32300 24620.50750 25785.92850 25429.67000 25071.85450
25686.91150 25331.84550 24975.20150 26138.78300 25783.71700 25427.07300 26591.87100 26236.80500 25880.16100 25333.44250 24977.18400 24619.36850 25785.31400 25429.05550 25071.24000 26238.40200 25882.14350 25524.32800 24978.77200 24621.34300 24262.37800 25430.64350 25073.21450 24714.24950 25883.73150 25526.30250 25167.33750
25784.18250 25427.92400 25070.10850 26237.79500 25881.53650 25523.72100 26692.60200 26336.34350 25978.52800 25429.51200 25072.08300 24713.11800 25883.12450 25525.69550 25166.73050 26337.93150 25980.50250 25621.53750 25073.66150 24715.08450 24354.99250 25527.27400 25168.69700 24808.60500 25982.08100 25623.50400 25263.41200
25882.00100 25524.57200 25165.60700 26337.33150 25979.90250 25620.93750 26793.83300 26436.40400 26077.43900 25526.15050 25167.57350 24807.48150 25981.48100 25622.90400 25262.81200 26437.98250 26079.40550 25719.31350 25169.14350 24809.44000 24448.24300 25624.47400 25264.77050 24903.57350 26080.97550 25721.27200 25360.07500
25980.36500 25621.78800 25261.69600 26437.38900 26078.81200 25718.72000 26895.56250 26536.98550 26176.89350 25623.35800 25263.65450 24902.45750 26080.38200 25720.67850 25359.48150 26538.55550 26178.85200 25817.65500 25265.21650 24904.40900 24542.12950 25722.24050 25361.43300 24999.15350 26180.41400 25819.60650 25457.32700
26079.27350 25719.57000 25358.37300 26537.96900 26178.26550 25817.06850 26997.79000 26638.08650 26276.88950 25721.13200 25360.32450 24998.04500 26179.82750 25819.02000 25456.74050 26639.64850 26278.84100 25916.56150 25361.87750 24999.98900 24636.65000 25820.57300 25458.68450 25095.34550 26280.39400 25918.50550 25555.16650
26178.72650 25817.91900 25455.63950 26639.06900 26278.26150 25915.98200 27100.51300 26739.70550 26377.42600 25819.47200 25457.58350 25094.24450 26279.81450 25917.92600 25554.58700 26741.25850 26379.37000 26016.03100 25459.12850 25096.18100 24731.80500 25919.47100 25556.52350 25192.14750 26380.91500 26017.96750 25653.59150
26278.72050 25916.83200 25553.49300 26740.68600 26378.79750 26015.45850 27203.73000 26841.84150 26478.50250 25918.37700 25555.42950 25191.05350 26380.34250 26017.39500 25653.01900 26843.38650 26480.43900 26116.06300 25556.96650 25192.98300 24827.59400 26018.93200 25654.94850 25289.55950 26481.97600 26117.99250 25752.60350
26379.25550 26016.30800 25651.93200 26842.82100 26479.87350 26115.49750 27307.43950 26944.49200 26580.11600 26017.84500 25653.86150 25288.47250 26481.41050 26117.42700 25752.03800 26946.02900 26582.04550 26216.65650 25655.39100 25290.39400 24924.01450 26118.95650 25753.95950 25387.58000 26583.57500 26218.57800 25852.19850
26480.33000 26116.34650 25750.95750 26945.47000 26581.48650 26216.09750 27411.64000 27047.65650 26682.26750 26117.87600 25752.87900 25386.49950 26583.01600 26218.01900 25851.63950 27049.18600 26684.18900 26317.80950 25754.40100 25388.41450 25021.06700 26219.54100 25853.55450 25486.20700 26685.71100 26319.72450 25952.37700
26581.94300 26216.94600 25850.56650 27048.63350 26683.63650 26317.25700 27516.33000 27151.33300 26784.95350 26218.46800 25852.48150 25485.13400 26685.15850 26319.17200 25951.82450 27152.85500 26786.86850 26419.52100 25853.99550 25487.04250 25118.75100 26320.68600 25953.73300 25585.44150 26788.38250 26421.42950 26053.13800
26684.09200 26318.10550 25950.75800 27152.30800 26786.32150 26418.97400 27621.50700 27255.52050 26888.17300 26319.61950 25952.66650 25584.37500 26787.83550 26420.88250 26052.59100 27257.03450 26890.08150 26521.79000 25954.17300 25586.27700 25217.06500 26422.38900 26054.49300 25685.28100 26891.58800 26523.69200 26154.48000
26786.77600 26419.82300 26051.53150 27256.49400 26889.54100 26521.24950 27727.16950 27360.21650 26991.92500 26421.32950 26053.43350 25684.22150 26891.04750 26523.15150 26153.93950 27361.72300 26993.82700 26624.61500 26054.93300 25686.11700 25316.00850 26524.65100 26155.83500 25785.72650 26995.32650 26626.51050 26256.40200
26889.99450 26522.09850 26152.88650 27361.18900 26993.29300 26624.08100 27833.31650 27465.42050 27096.20850 26523.59800 26154.78200 25784.67350 26994.79250 26625.97650 26255.86800 27466.92000 27098.10400 26727.99550 26156.27450 25786.56250 25415.58050 26627.46900 26257.75700 25886.77500 27099.59650 26729.88450 26358.90250
26993.74600 26624.93000 26254.82150 27466.39200 27097.57600 26727.46750 27939.94650 27571.13050 27201.02200 26626.42250 26256.71050 25885.72850 27099.06850 26729.35650 26358.37450 27572.62300 27202.91100 26831.92900 26258.19650 25887.61200 25515.78150 26730.84250 26360.25800 25988.42750 27204.39700 26833.81250 26461.98200
27098.02850 26728.31650 26357.33450 27572.10100 27202.38900 26831.40700 28047.05700 27677.34500 27306.36300 26729.80250 26359.21800 25987.38750 27203.87500 26833.29050 26461.46000 27678.83100 27308.24650 26936.41600 26360.69750 25989.26450 25616.60850 26834.77000 26463.33700 26090.68100 27309.72600 26938.29300 26565.63700
27202.84100 26832.25650 26460.42600 27678.31500 27307.73050 26935.90000 28154.64750 27784.06300 27412.23250 26833.73600 26462.30300 26089.64700 27309.21000 26937.77700 26565.12100 27785.54250 27414.10950 27041.45350 26463.77550 26091.51900 25718.06250 26939.24950 26566.99300 26193.53650 27415.58200 27043.32550 26669.86900
27308.18200 26936.74900 26564.09300 27785.03200 27413.59900 27040.94300 28262.71500 27891.28200 27518.62600 26938.22150 26565.96500 26192.50850 27415.07150 27042.81500 26669.35850 27892.75450 27520.49800 27147.04150 26567.43150 26194.37450 25820.14150 27044.28150 26671.22450 26296.99150 27521.96450 27148.90750 26774.67450
27414.04950 27041.79300 26668.33650 27892.24950 27519.99300 27146.53650 28371.25750 27999.00100 27625.54450 27043.25950 26670.20250 26295.96950 27521.45950 27148.40250 26774.16950 28000.46750 27627.41050 27253.17750        nan        nan        nan        nan        nan        nan        nan        nan        nan
