       nan        nan        nan        nan        nan        nan        nan        nan        nan 19877.65200        nan        nan        nan        nan        nan        nan        nan        nan 19874.83350 19832.08000        nan        nan        nan        nan        nan        nan        nan
19880.94500        nan        nan 19920.29450        nan        nan        nan        nan        nan 19878.12650 19835.37300        nan 19917.47600 19874.72250        nan        nan        nan        nan 19872.48650 19829.39050 19793.62250 19911.83600 19868.74000 19832.97200        nan        nan        nan
19884.71950 19841.96600        nan 19924.59650 19881.84300        nan 19957.54350 19914.79000        nan 19879.07950 19835.98350 19800.21550 19918.95650 19875.86050 19840.09250 19951.90350 19908.80750 19873.03950 19870.61250 19827.00350 19790.34900 19910.48950 19866.88050 19830.22600 19943.43650 19899.82750 19863.17300
19888.98750 19845.89150 19810.12350 19929.65750 19886.56150 19850.79350 19963.96800 19920.87200 19885.10400 19880.52050 19836.91150 19800.25700 19921.19050 19877.58150 19840.92700 19955.50100 19911.89200 19875.23750 19869.21850 19824.92500 19787.12950 19909.88850 19865.59500 19827.79950 19944.19900 19899.90550 19862.11000
19893.76400 19850.15500 19813.50050 19935.48900 19891.88000 19855.22550 19971.52050 19927.91150 19891.25700 19882.46200 19838.16850 19800.37300 19924.18700 19879.89350 19842.09800 19960.21850 19915.92500 19878.12950 19868.31550 19823.16850 19784.00250 19910.04050 19864.89350 19825.72750 19946.07200 19900.92500 19861.75900
19899.06450 19854.77100 19816.97550 19942.10000 19897.80650 19860.01100 19980.15250 19935.85900 19898.06350 19884.91800 19839.77100 19800.60500 19927.95350 19882.80650 19843.64050 19966.00600 19920.85900 19881.69300 19867.91500 19821.75000 19781.01250 19910.95050 19864.78550 19824.04800 19949.00300 19902.83800 19862.10050
19904.90550 19859.75850 19820.59250 19949.49300 19904.34600 19865.18000 19989.81250 19944.66550 19905.49950 19887.90250 19841.73750 19801.00000 19932.49000 19886.32500 19845.58750 19972.80950 19926.64450 19885.90700 19868.03250 19820.68950 19778.20600 19912.62000 19865.27700 19822.79350 19952.93950 19905.59650 19863.11300
19911.30150 19865.13650 19824.39900 19957.66650 19911.50150 19870.76400 20000.45200 19954.28700 19913.54950 19891.43150 19844.08850 19801.60500 19937.79650 19890.45350 19847.97000 19980.58200 19933.23900 19890.75550 19868.68000 19820.00850 19775.63050 19915.04500 19866.37350 19821.99550 19957.83050 19909.15900 19864.78100
19918.26650 19870.92350 19828.44000 19966.61400 19919.27100 19876.78750 20012.02600 19964.68300 19922.19950 19895.51500 19846.84350 19802.46550 19943.86250 19895.19100 19850.81300 19989.27450 19940.60300 19896.22500 19869.87250 19819.72850 19773.32800 19918.22000 19868.07600 19821.67550 19963.63200 19913.48800 19867.08750
19925.80950 19877.13800 19832.76000 19976.32300 19927.65150 19883.27350 20024.49250 19975.82100 19931.44300 19900.16700 19850.02300 19803.62250 19950.68050 19900.53650 19854.13600 19998.85000 19948.70600 19902.30550 19871.61950 19819.87100 19771.34000 19922.13300 19870.38450 19821.85350 19970.30250 19918.55400 19870.02300
19933.94200 19883.79800 19837.39750 19986.78350 19936.63950 19890.23900 20037.81650 19987.67250 19941.27200 19905.39450 19853.64600 19805.11500 19958.23600 19906.48750 19857.95650 20009.26900 19957.52050 19908.98950 19873.93250 19820.45700 19769.70350 19926.77400 19873.29850 19822.54500 19977.80700 19924.33150 19873.57800
19942.66750 19890.91900 19842.38800 19997.98050 19946.23200 19897.70100 20051.96500 20000.21650 19951.68550 19911.20550 19857.73000 19806.97650 19966.51850 19913.04300 19862.28950 20020.50300 19967.02750 19916.27400 19876.81900 19821.50400 19768.44850 19932.13200 19876.81700 19823.76150 19986.11650 19930.80150 19877.74600
19951.99250 19898.51700 19847.76350 20009.90200 19956.42650 19905.67300 20066.90950 20013.43400 19962.68050 19917.60600 19862.29100 19809.23550 19975.51550 19920.20050 19867.14500 20032.52300 19977.20800 19924.15250 19880.28500 19823.02950 19767.60500 19938.19450 19880.93900 19825.51450 19995.20200 19937.94650 19882.52200
19961.92000 19906.60500 19853.54950 20022.53350 19967.21850 19914.16300 20082.62500 20027.31000 19974.25450 19924.59900 19867.34350 19811.91900 19985.21250 19927.95700 19872.53250 20045.30400 19988.04850 19932.62400 19884.33650 19825.04850 19767.19700 19944.95000 19885.66200 19827.81050 20005.04150 19945.75350 19887.90200
19972.45000 19915.19450 19859.77000 20035.86350 19978.60800 19923.18350 20099.08950 20041.83400 19986.40950 19932.18750 19872.89950 19815.04800 19995.60100 19936.31300 19878.46150 20058.82700 19999.53900 19941.68750 19888.97700 19827.57300 19767.24550 19952.39050 19890.98650 19830.65900 20015.61650 19954.21250 19893.88500
19983.58600 19924.29800 19866.44650 20049.87950 19990.59150 19932.74000 20116.28400 20056.99600 19999.14450 19940.37550 19878.97150 19818.64400 20006.66900 19945.26500 19884.93750 20073.07350 20011.66950 19951.34200 19894.21050 19830.61700 19767.76950 19960.50400 19896.91050 19834.06300 20026.90850 19963.31500 19900.46750
19995.32700 19933.92300 19873.59550 20064.57300 20003.16900 19942.84150 20134.19150 20072.78750 20012.46000 19949.16200 19885.56850 19822.72100 20018.40800 19954.81450 19891.96700 20088.02650 20024.43300 19961.58550 19900.03800 19834.18900 19768.78400 19969.28400 19903.43500 19838.03000 20038.90250 19973.05350 19907.64850
20007.67400 19944.08050 19881.23300 20079.93300 20016.33950 19953.49200 20152.79750 20089.20400 20026.35650 19958.55000 19892.70100 19827.29600 20030.80900 19964.96000 19899.55500 20103.67350 20037.82450 19972.41950 19906.46300 19838.29800 19770.30300 19978.72200 19910.55700 19842.56200 20051.58650 19983.42150 19915.42650
20020.62550 19954.77650 19889.37150 20095.95100 20030.10200 19964.69700 20172.08950 20106.24050 20040.83550 19968.53850 19900.37350 19832.37850 20043.86400 19975.69900 19907.70400 20120.00250 20051.83750 19983.84250 19913.48600 19842.95200 19772.33850 19988.81150 19918.27750 19847.66400 20064.95000 19994.41600 19923.80250
20034.18100 19966.01600 19898.02100 20112.62050 20044.45550 19976.46050 20192.05550 20123.89050 20055.89550 19979.12850 19908.59450 19837.98100 20057.56800 19987.03400 19916.42050 20137.00300 20066.46900 19995.85550 19921.10800 19848.15750 19774.89950 19999.54750 19926.59700 19853.33900 20078.98250 20006.03200 19932.77400
20048.34100 19977.80700 19907.19350 20129.93400 20059.40000 19988.78650 20212.68650 20142.15250 20071.53900 19990.32050 19917.37000 19844.11200 20071.91350 19998.96300 19925.70500 20154.66600 20081.71550 20008.45750 19929.32950 19853.92100 19777.99700 20010.92250 19935.51400 19859.59000 20093.67500 20018.26650 19942.34250
20063.10400 19990.15350 19916.89550 20147.88600 20074.93550 20001.67750 20233.97350 20161.02300 20087.76500 20002.11300 19926.70450 19850.78050 20086.89500 20011.48650 19935.56250 20172.98250 20097.57400 20021.65000 19938.15200 19860.24650 19781.63750 20022.93400 19945.02850 19866.41950 20109.02150 20031.11600 19952.50700
20078.46800 20003.05950 19927.13550 20166.46950 20091.06100 20015.13700 20255.90850 20180.50000 20104.57600 20014.50700 19936.60150 19857.99250 20102.50850 20024.60300 19945.99400 20191.94750 20114.04200 20035.43300 19947.57450 19867.13900 19785.82700 20035.57600 19955.14050 19873.82850 20125.01500 20044.57950 19963.26750
20094.43450 20016.52900 19937.92000 20185.68250 20107.77700 20029.16800 20278.48600 20200.58050 20121.97150 20027.50200 19947.06650 19865.75450 20118.75000 20038.31450 19957.00250 20211.55350 20131.11800 20049.80600 19957.59900 19874.60250 19790.57350 20048.84700 19965.85050 19881.82150 20141.65050 20058.65400 19974.62500
20111.00050 20030.56500 19949.25300 20205.51950 20125.08400 20043.77200 20301.69850 20221.26300 20139.95100 20041.09750 19958.10100 19874.07200 20135.61650 20052.62000 19968.59100 20231.79550 20148.79900 20064.77000 19968.22400 19882.64050 19795.88050 20062.74300 19977.15950 19890.39950 20158.92200 20073.33850 19986.57850
20128.16700 20045.17050 19961.14150 20225.97650 20142.98000 20058.95100 20325.54150 20242.54500 20158.51600 20055.29350 19969.71000 19882.95000 20153.10300 20067.51950 19980.75950 20252.66800 20167.08450 20080.32450 19979.45000 19891.25550 19801.75300 20077.25950 19989.06500 19899.56250 20176.82450 20088.63000 19999.12750
20145.93250 20060.34900 19973.58900 20247.05050 20161.46700 20074.70700 20350.00950 20264.42600 20177.66600 20070.08900 19981.89450 19892.39200 20171.20700 20083.01250 19993.51000 20274.16600 20185.97150 20096.46900 19991.27850 19900.45150 19808.19700 20092.39650 20001.56950 19909.31500 20195.35550 20104.52850 20012.27400
20164.29500 20076.10050 19986.59800 20268.73800 20180.54350 20091.04100 20375.09900 20286.90450 20197.40200 20085.48450 19994.65750 19902.40300 20189.92750 20099.10050 20006.84600 20296.28850 20205.46150 20113.20700 20003.70800 19910.22950 19815.21300 20108.15100 20014.67250 19919.65600 20214.51200 20121.03350 20026.01700
20183.25600 20092.42900 20000.17450 20291.03650 20200.20950 20107.95500 20400.80550 20309.97850 20217.72400 20101.47950 20008.00100 19912.98450 20209.26000 20115.78150 20020.76500 20319.02900 20225.55050 20130.53400 20016.73800 19920.59250 19822.80650 20124.51850 20028.37300 19930.58700 20234.28750 20138.14200 20040.35600
20202.81450 20109.33600 20014.31950 20313.94500 20220.46650 20125.45000 20427.12750 20333.64900 20238.63250 20118.07300 20021.92750 19924.14150 20229.20350 20133.05800 20035.27200 20342.38600 20246.24050 20148.45450 20030.37100 19931.54250 19830.98100 20141.50150 20042.67300 19942.11150 20254.68400 20155.85550 20055.29400
20222.96750 20126.82200 20029.03600 20337.45800 20241.31250 20143.52650 20454.05800 20357.91250 20260.12650 20135.26550 20036.43700 19935.87550 20249.75600 20150.92750 20050.36600 20366.35600 20267.52750 20166.96600 20044.60450 19943.07950 19839.73700 20159.09500 20057.57000 19954.22750 20275.69500 20174.17000 20070.82750
20243.71700 20144.88850 20044.32700 20361.57700 20262.74850 20162.18700 20481.59800 20382.76950 20282.20800 20153.05600 20051.53100 19948.18850 20270.91600 20169.39100 20066.04850 20390.93700 20289.41200 20186.06950 20059.43950 19955.20700 19849.07800 20177.29950 20073.06700 19966.93800 20297.32050 20193.08800 20086.95900
20265.06200 20163.53700 20060.19450 20386.29800 20284.77300 20181.43050 20509.74300 20408.21800 20304.87550 20171.44550 20067.21300 19961.08400 20292.68150 20188.44900 20082.32000 20416.12650 20311.89400 20205.76500 20074.87700 19967.92650 19859.00750 20196.11300 20089.16250 19980.24350 20319.55800 20212.60750 20103.68850
20287.00100 20182.76850 20076.63950 20411.61950 20307.38700 20201.25800 20538.49100 20434.25850 20328.12950 20190.43250 20083.48200 19974.56300 20315.05100 20208.10050 20099.18150 20441.92250 20334.97200 20226.05300 20090.91500 19981.23800 19869.52550 20215.53350 20105.85650 19994.14400 20342.40500 20232.72800 20121.01550
20309.53500 20202.58450 20093.66550 20437.54100 20330.59050 20221.67150 20567.83950 20460.88900 20351.97000 20210.01750 20100.34050 19988.62800 20338.02350 20228.34650 20116.63400 20468.32200 20358.64500 20246.93250 20107.55450 19995.14300 19880.63550 20235.56050 20123.14900 20008.64150 20365.85900 20253.44750 20138.94000
20332.66250 20222.98550 20111.27300 20464.06050 20354.38350 20242.67100 20597.78750 20488.11050 20376.39800 20230.19950 20117.78800 20003.28050 20361.59750 20249.18600 20134.67850 20495.32450 20382.91300 20268.40550 20124.79600 20009.64350 19892.33850 20256.19400 20141.04150 20023.73650 20389.92100 20274.76850 20157.46350
20356.38200 20243.97050 20129.46300 20491.17650 20378.76500 20264.25750 20628.33150 20515.92000 20401.41250 20250.97850 20135.82600 20018.52100 20385.77300 20270.62050 20153.31550 20522.92800 20407.77550 20290.47050 20142.63850 20024.73950 19904.63500 20277.43300 20159.53400 20039.42950 20414.58800 20296.68900 20176.58450
20380.69550 20265.54300 20148.23800 20518.88800 20403.73550 20286.43050 20659.47100 20544.31850 20427.01350 20272.35550 20154.45650 20034.35200 20410.54800 20292.64900 20172.54450 20551.13100 20433.23200 20313.12750 20161.08250 20040.43250 19917.52850 20299.27500 20178.62500 20055.72100 20439.85800 20319.20800 20196.30400
20405.60150 20287.70250 20167.59800 20547.19350 20429.29450 20309.19000 20691.20450 20573.30550 20453.20100 20294.32850 20173.67850 20050.77450 20435.92050 20315.27050 20192.36650 20579.93150 20459.28150 20336.37750 20180.12800 20056.72300 19931.01950 20321.72000 20198.31500 20072.61150 20465.73100 20342.32600 20216.62250
20431.09800 20310.44800 20187.54400 20576.09200 20455.44200 20332.53800 20723.52900 20602.87900 20479.97500 20316.89750 20193.49250 20067.78900 20461.89150 20338.48650 20212.78300 20609.32850 20485.92350 20360.22000 20199.77400 20073.61150 19945.10800 20344.76800 20218.60550 20090.10200 20492.20500 20366.04250 20237.53900
20457.18700 20333.78200 20208.07850 20605.58300 20482.17800 20356.47450 20756.44450 20633.03950 20507.33600 20340.06350 20213.90100 20085.39750 20488.45950 20362.29700 20233.79350 20639.32100 20513.15850 20384.65500 20220.02250 20091.09950 19959.79750 20368.41850 20239.49550 20108.19350 20519.28000 20390.35700 20259.05500
20483.86700 20357.70450 20229.20100 20635.66450 20509.50200 20380.99850 20789.94900 20663.78650 20535.28300 20363.82600 20234.90300 20103.60100 20515.62350 20386.70050 20255.39850 20669.90800 20540.98500 20409.68300 20240.87250 20109.18750 19975.08850 20392.67000 20260.98500 20126.88600 20546.95450 20415.26950 20281.17050
20511.13850 20382.21550 20250.91350 20666.33750 20537.41450 20406.11250 20824.04150 20695.11850 20563.81650 20388.18500 20256.50000 20122.40100 20543.38400 20411.69900 20277.60000 20701.08800 20569.40300 20435.30400 20262.32350 20127.87550 19990.98100 20417.52250 20283.07450 20146.18000 20575.22650 20440.77850 20303.88400
20539.00050 20407.31550 20273.21650 20697.60000 20565.91500 20431.81600 20858.72150 20727.03650 20592.93750 20413.13900 20278.69100 20141.79650 20571.73850 20437.29050 20300.39600 20732.86000 20598.41200 20461.51750 20284.37600 20147.16500 20007.47650 20442.97550 20305.76450 20166.07600 20604.09700 20466.88600 20327.19750
20567.45200 20433.00400 20296.10950 20729.45000 20595.00200 20458.10750 20893.98600 20759.53800 20622.64350 20438.68900 20301.47800 20161.78950 20600.68700 20463.47600 20323.78750 20765.22300 20628.01200 20488.32350 20307.03000 20167.05600 20024.57650 20469.02800 20329.05400 20186.57450 20633.56400 20493.59000 20351.11050
20596.49400 20459.28300 20319.59450 20761.88800 20624.67700 20484.98850 20929.83500 20792.62400 20652.93550 20464.83500 20324.86100 20182.38150 20630.22900 20490.25500 20347.77550 20798.17600 20658.20200 20515.72250 20330.28600 20187.54950 20042.28200 20495.68000 20352.94350 20207.67600 20663.62700 20520.89050 20375.62300
20626.12500 20486.15100 20343.67150 20794.91400 20654.94000 20512.46050 20966.26750 20826.29350 20683.81400 20491.57600 20348.83950 20203.57200 20660.36500 20517.62850 20372.36100 20831.71850 20688.98200 20543.71450 20354.14300 20208.64550 20060.59200 20522.93200 20377.43450 20229.38100 20694.28550 20548.78800 20400.73450
20656.34600 20513.60950 20368.34200 20828.52600 20685.78950 20540.52200 21003.28250 20860.54600 20715.27850 20518.91300 20373.41550 20225.36200 20691.09300 20545.59550 20397.54200 20865.84950 20720.35200 20572.29850 20378.60250 20230.34450 20079.50950 20550.78250 20402.52450 20251.68950 20725.53900 20577.28100 20426.44600
20687.15550 20541.65800 20393.60450 20862.72400 20717.22650 20569.17300 21040.87950 20895.38200 20747.32850 20546.84500 20398.58700 20247.75200 20722.41350 20574.15550 20423.32050 20900.56900 20752.31100 20601.47600 20403.66250 20252.64700 20099.03400 20579.23100 20428.21550 20274.60250 20757.38650 20606.37100 20452.75800
20718.55350 20570.29550 20419.46050 20897.50750 20749.24950 20598.41450 21079.05700 20930.79900 20779.96400 20575.37100 20424.35550 20270.74250 20754.32500 20603.30950 20449.69650 20935.87450 20784.85900 20631.24600 20429.32400 20275.55350 20119.16650 20608.27800 20454.50750 20298.12050 20789.82750 20636.05700 20479.67000
20750.54050 20599.52500 20445.91200 20932.87500 20781.85950 20628.24650 21117.81350 20966.79800 20813.18500 20604.49350 20450.72300 20294.33600 20786.82800 20633.05750 20476.67050 20971.76650 20817.99600 20661.60900 20455.58750 20299.06500 20139.90900 20637.92200 20481.39950 20322.24350 20822.86050 20666.33800 20507.18200
20783.11500 20629.34450 20472.95750 20968.82650 20815.05600 20658.66900 21157.14950 21003.37900 20846.99200 20634.20900 20477.68650 20318.53050 20819.92050 20663.39800 20504.24200 21008.24350 20851.72100 20692.56500 20482.45250 20323.18100 20161.25950 20668.16400 20508.89250 20346.97100 20856.48700 20697.21550 20535.29400
20816.27700 20659.75450 20500.59850 21005.36100 20848.83850 20689.68250 21197.06150 21040.53900 20881.38300 20664.52050 20505.24900 20343.32750 20853.60450 20694.33300 20532.41150 21045.30500 20886.03350 20724.11200 20509.91900 20347.90250 20183.22150 20699.00300 20536.98650 20372.30550 20890.70350 20728.68700 20564.00600
20850.02700 20690.75550 20528.83400 21042.47850 20883.20700 20721.28550 21237.55250 21078.28100 20916.35950 20695.42550 20533.40900 20368.72800 20887.87700 20725.86050 20561.17950 21082.95100 20920.93450 20756.25350 20537.98750 20373.22950 20205.79300 20730.43900 20565.68100 20398.24450 20925.51300 20760.75500 20593.31850
20884.36400 20722.34750 20557.66650 21080.17800 20918.16150 20753.48050 21278.61850 21116.60200 20951.92100 20726.92600 20562.16800 20394.73150 20922.74000 20757.98200 20590.54550 21121.18050 20956.42250 20788.98600 20566.65800 20399.16250 20228.97750 20762.47200 20594.97650 20424.79150 20960.91250 20793.41700 20623.23200
20919.28850 20754.53050 20587.09400 21118.45950 20953.70150 20786.26500 21320.26050 21155.50250 20988.06600 20759.02050 20591.52500 20421.34000 20958.19150 20790.69600 20620.51100 21159.99250 20992.49700 20822.31200 20595.93050 20425.70200 20252.77400 20795.10150 20624.87300 20451.94500 20996.90250 20826.67400 20653.74600
20954.79900 20787.30350 20617.11850 21157.32150 20989.82600 20819.64100 21362.47750 21194.98200 21024.79700 20791.70900 20621.48050 20448.55250 20994.23150 20824.00300 20651.07500 21199.38750 21029.15900 20856.23100 20625.80350 20452.84800 20277.18150 20828.32600 20655.37050 20479.70400 21033.48200 20860.52650 20684.86000
20990.89700 20820.66850 20647.74050 21196.76500 21026.53650 20853.60850 21405.26800 21235.03950 21062.11150 20824.99150 20652.03600 20476.36950 21030.85950 20857.90400 20682.23750 21239.36250 21066.40700 20890.74050 20656.28000 20480.60100 20302.20400 20862.14800 20686.46900 20508.07200 21070.65100 20894.97200 20716.57500
21027.58000 20854.62450 20678.95800 21236.78700 21063.83150 20888.16500 21448.63150 21275.67600 21100.00950 20858.86850 20683.18950 20504.79250 21068.07550 20892.39650 20713.99950 21279.92000 21104.24100 20925.84400 20687.35700 20508.96200 20327.83950 20896.56400 20718.16900 20537.04650 21108.40850 20930.01350 20748.89100
21064.84950 20889.17050 20710.77350 21277.39000 21101.71100 20923.31400 21492.56800 21316.88900 21138.49200 20893.33800 20714.94300 20533.82050 21105.87850 20927.48350 20746.36100 21321.05650 21142.66150 20961.53900 20719.03600 20537.92950 20354.08950 20931.57650 20750.47000 20566.63000 21146.75450 20965.64800 20781.80800
21102.70400 20924.30900 20743.18650 21318.57050 21140.17550 20959.05300 21537.07550 21358.68050 21177.55800 20928.40200 20747.29550 20563.45550 21144.26850 20963.16200 20779.32200 21362.77350 21181.66700 20997.82700 20751.31800 20567.50600 20380.95450 20967.18450 20783.37250 20596.82100 21185.68950 21001.87750 20815.32600
21141.14450 20960.03800 20776.19800 21360.33000 21179.22350 20995.38350 21582.15500 21401.04850 21217.20850 20964.06050 20780.24850 20593.69700 21183.24600 20999.43400 20812.88250 21405.07100 21221.25900 21034.70750 20784.20150 20597.69100 20408.43450 21003.38700 20816.87650 20627.62000 21225.21200 21038.70150 20849.44500
21180.17000 20996.35800 20809.80650 21402.66800 21218.85600 21032.30450 21627.80500 21443.99300 21257.44150 21000.31100 20813.80050 20624.54400 21222.80900 21036.29850 20847.04200 21447.94600 21261.43550 21072.17900 20817.68650 20628.48350 20436.53050 21040.18450 20850.98150 20659.02850 21265.32150 21076.11850 20884.16550
21219.77950 21033.26900 20844.01250 21445.58350 21259.07300 21069.81650 21674.02350 21487.51300 21298.25650 21037.15500 20847.95200 20655.99900 21262.95900 21073.75600 20881.80300 21491.39900 21302.19600 21110.24300 20851.77350 20659.88500 20465.24200 21077.57750 20885.68900 20691.04600 21306.01750 21114.12900 20919.48600
21259.97450 21070.77150 20878.81850 21489.07600 21299.87300 21107.92000 21720.81200 21531.60900 21339.65600 21074.59300 20882.70450 20688.06150 21303.69450 21111.80600 20917.16300 21535.43050 21343.54200 21148.89900 20886.46250 20691.89550 20494.57150 21115.56400 20920.99700 20723.67300 21347.30000 21152.73300 20955.40900
21300.75400 21108.86550 20914.22250 21533.14500 21341.25650 21146.61350 21768.16900 21576.28050 21381.63750 21112.62350 20918.05650 20720.73250 21345.01450 21150.44750 20953.12350 21580.03850 21385.47150 21188.14750 20921.75450 20724.51650 20524.51800 21154.14550 20956.90750 20756.90900 21389.16950 21191.93150 20991.93300
21342.11650 21147.54950 20950.22550 21577.78950 21383.22250 21185.89850 21816.09200 21621.52500 21424.20100 21151.24750 20954.00950 20754.01100 21386.92050 21189.68250 20989.68400 21625.22300 21427.98500 21227.98650 20957.64800 20757.74600 20555.08200 21193.32100 20993.41900 20790.75500 21431.62350 21231.72150 21029.05750
21384.06350 21186.82550 20986.82700 21623.01000 21425.77200 21225.77350 21864.58400 21667.34600 21467.34750 21190.46400 20990.56200 20787.89800 21429.41050 21229.50850 21026.84450 21670.98450 21471.08250 21268.41850 20994.14400 20791.58550 20586.26450 21233.09050 21030.53200 20825.21100 21474.66450 21272.10600 21066.78500
21426.59400 21226.69200 21024.02800 21668.80550 21468.90350 21266.23950 21913.64150 21713.73950 21511.07550 21230.27400 21027.71550 20822.39450 21472.48550 21269.92700 21064.60600 21717.32150 21514.76300 21309.44200 21031.24200 20826.03550 20618.06500 21273.45350 21068.24700 20860.27650 21518.28950 21313.08300 21105.11250
21469.70800 21267.14950 21061.82850 21715.17650 21512.61800 21307.29700 21963.26550 21760.70700 21555.38600 21270.67600 21065.46950 20857.49900 21516.14450 21310.93800 21102.96750 21764.23350 21559.02700 21351.05650 21068.94150 20861.09550 20650.48500 21314.41000 21106.56400 20895.95350 21562.49900 21354.65300 21144.04250
21513.40450 21308.19800 21100.22750 21762.12150 21556.91500 21348.94450 22013.45400 21808.24750 21600.27700 21311.67000 21103.82400 20893.21350 21560.38700 21352.54100 21141.93050 21811.71950 21603.87350 21393.26300 21107.24400 20896.76550 20683.52400 21355.96100 21145.48250 20932.24100 21607.29350 21396.81500 21183.57350
21557.68300 21349.83700 21139.22650 21809.63950 21601.79350 21391.18300 22064.20650 21856.36050 21645.75000 21353.25700 21142.77850 20929.53700 21605.21350 21394.73500 21181.49350 21859.78050 21649.30200 21436.06050 21146.14850 20933.04700 20717.18300 21398.10500 21185.00350 20969.13950 21652.67200 21439.57050 21223.70650
21602.54550 21392.06700 21178.82550 21857.73150 21647.25300 21434.01150 22115.52400 21905.04550 21691.80400 21395.43700 21182.33550 20966.47150 21650.62300 21437.52150 21221.65750 21908.41550 21695.31400 21479.45000 21185.65600 20969.94000 20751.46300 21440.84200 21225.12600 21006.64900 21698.63450 21482.91850 21264.44150
21647.98950 21434.88800 21219.02400 21906.39650 21693.29500 21477.43100 22167.40450 21954.30300 21738.43900 21438.20850 21222.49250 21004.01550 21696.61550 21480.89950 21262.42250 21957.62350 21741.90750 21523.43050 21225.76500 21007.44350 20786.36300 21484.17200 21265.85050 21044.77000 21745.18000 21526.85850 21305.77800
21694.01550 21478.29950 21259.82250 21955.63400 21739.91800 21521.44100 22219.84750 22004.13150 21785.65450 21481.57200 21263.25050 21042.17000 21743.19050 21524.86900 21303.78850 22007.40400 21789.08250 21568.00200 21266.47650 21045.55900 20821.88400 21528.09500 21307.17750 21083.50250 21792.30850 21571.39100 21347.71600
21740.62300 21522.30150 21301.22100 22005.44350 21787.12200 21566.04150 22272.85250 22054.53100 21833.45050 21525.52750 21304.61000 21080.93500 21790.34800 21569.43050 21345.75550 22057.75700 21836.83950 21613.16450 21307.79000 21084.28550 20858.02700 21572.61050 21349.10600 21122.84750 21840.01950 21616.51500 21390.25650
21787.81200 21566.89450 21343.21950 22055.82450 21834.90700 21611.23200 22326.41900 22105.50150 21881.82650 21570.07450 21346.57000 21120.31150 21838.08700 21614.58250 21388.32400 22108.68150 21885.17700 21658.91850 21349.70650 21123.62400 20894.79150 21617.71900 21391.63650 21162.80400 21888.31350 21662.23100 21433.39850
21835.58200 21612.07750 21385.81900 22106.77600 21883.27150 21657.01300 22380.54600 22157.04150 21930.78300 21615.21400 21389.13150 21160.29900 21886.40800 21660.32550 21431.49300 22160.17800 21934.09550 21705.26300 21392.22550 21163.57500 20932.17800 21663.41950 21434.76900 21203.37200 21937.18950 21708.53900 21477.14200
21883.93350 21657.85100 21429.01850 22158.29900 21932.21650 21703.38400 22435.23400 22209.15150 21980.31900 21660.94500 21432.29450 21200.89750 21935.31050 21706.66000 21475.26300 22212.24550 21983.59500 21752.19800 21435.34650 21204.13850 20970.18800 21709.71200 21478.50400 21244.55350 21986.64700 21755.43900 21521.48850
21932.86550 21704.21500 21472.81800 22210.39200 21981.74150 21750.34450 22490.48050 22261.83000 22030.43300 21707.26700 21476.05900 21242.10850 21984.79350 21753.58550 21519.63500 22264.88200 22033.67400 21799.72350 21479.07000 21245.31450 21008.82050 21756.59650 21522.84100 21286.34700 22036.68500 21802.92950 21566.43550
21982.37700 21751.16900 21517.21850 22263.05500 22031.84700 21797.89650 22546.28700 22315.07900 22081.12850 21754.18000 21520.42450 21283.93050 22034.85800 21801.10250 21564.60850 22318.09000 22084.33450 21847.84050 21523.39600 21287.10250 21048.07600 21804.07400 21567.78050 21328.75400 22087.30600 21851.01250 21611.98600
22032.46950 21798.71400 21562.22000 22316.28750 22082.53200 21846.03800 22602.65100 22368.89550 22132.40150 21801.68550 21565.39200 21326.36550 22085.50350 21849.21000 21610.18350 22371.86700 22135.57350 21896.54700 21568.32500 21329.50450 21087.95650 21852.14300 21613.32250 21371.77450 22138.50650 21899.68600 21658.13800
22083.14150 21846.84800 21607.82150 22370.08850 22133.79500 21894.76850 22659.57350 22423.28000 22184.25350 21849.78100 21610.96050 21369.41250 22136.72800 21897.90750 21656.35950 22426.21300 22187.39250 21945.84450 21613.85600 21372.51900 21128.45950 21900.80300 21659.46600 21415.40650 22190.28800 21948.95100 21704.89150
22134.39350 21895.57300 21654.02500 22424.45850 22185.63800 21944.09000 22717.05300 22478.23250 22236.68450 21898.46850 21657.13150 21413.07200 22188.53350 21947.19650 21703.13700 22481.12800 22239.79100 21995.73150 21659.98950 21416.14750 21169.58850 21950.05450 21706.21250 21459.65350 22242.64900 21998.80700 21752.24800
22186.22450 21944.88750 21700.82800 22479.39600 22238.05900 21993.99950 22775.08900 22533.75200 22289.69250 21947.74550 21703.90350 21457.34450 22240.91700 21997.07500 21750.51600 22536.61000 22292.76800 22046.20900 21706.72600 21460.38900 21211.34200 21999.89750 21753.56050 21504.51350 22295.59050 22049.25350 21800.20650
22238.63350 21994.79150 21748.23250 22534.90050 22291.05850 22044.49950 22833.68050 22589.83850 22343.27950 21997.61400 21751.27700 21502.23000 22293.88100 22047.54400 21798.49700 22592.66100 22346.32400 22097.27700 21754.06450 21505.24400 21253.71950 22050.33150 21801.51100 21549.98650 22349.11150 22100.29100 21848.76650
22291.62250 22045.28550 21796.23850 22590.97350 22344.63650 22095.58950 22892.82850 22646.49150 22397.44450 22048.07300 21799.25250 21547.72800 22347.42400 22098.60350 21847.07900 22649.27900 22400.45850 22148.93400 21802.00600 21550.71350 21296.72350 22101.35700 21850.06450 21596.07450 22403.21200 22151.91950 21897.92950
22345.18950 22096.36900 21844.84450 22647.61300 22398.79250 22147.26800 22952.53100 22703.71050 22452.18600 22099.12250 21847.83000 21593.84000 22401.54600 22150.25350 21896.26350 22706.46400 22455.17150 22201.18150 21850.55000 21596.79600 21340.35350 22152.97350 21899.21950 21642.77700 22457.89150 22204.13750 21947.69500
22399.33450 22148.04200 21894.05200 22704.81900 22453.52650 22199.53650 23012.78750 22761.49500 22507.50500 22150.76200 21897.00800 21640.56550 22456.24650 22202.49250 21946.05000 22764.21500 22510.46100 22254.01850 21899.69650 21643.49350 21384.60900 22205.18100 21948.97800 21690.09350 22513.14950 22256.94650 21998.06200
22454.05800 22200.30400 21943.86150 22762.59050 22508.83650 22252.39400 23073.59750 22819.84350 22563.40100 22202.99250 21946.78950 21687.90500 22511.52500 22255.32200 21996.43750 22822.53200 22566.32900 22307.44450 21949.44500 21690.80550 21429.49200 22257.97750 21999.33800 21738.02450 22568.98450 22310.34500 22049.03150
22509.35900 22253.15600 21994.27150 22820.92750 22564.72450 22305.84000 23134.96100 22878.75800 22619.87350 22255.81150 21997.17200 21735.85850 22567.38000 22308.74050 22047.42700 22881.41350 22622.77400 22361.46050 21999.79700 21738.73200 21475.00050 22311.36550 22050.30050 21786.56900 22625.39900 22364.33400 22100.60250
22565.23650 22306.59700 22045.28350 22879.82900 22621.18950 22359.87600 23196.87550 22938.23600 22676.92250 22309.22200 22048.15700 21784.42550 22623.81450 22362.74950 22099.01800 22940.86100 22679.79600 22416.06450 22050.75150 21787.27300 21521.13750 22365.34400 22101.86550 21835.73000 22682.39050 22418.91200 22152.77650
22621.69200 22360.62700 22096.89550 22939.29600 22678.23100 22414.49950 23259.34400 22998.27900 22734.54750 22363.22150 22099.74300 21833.60750 22680.82550 22417.34700 22151.21150 23000.87350 22737.39500 22471.25950 22102.30800 21836.42900 21567.90100 22419.91200 22154.03300 21885.50500 22739.96000 22474.08100 22205.55300
22678.72400 22415.24550 22149.11000 22999.32700 22735.84850 22469.71300 23322.36250 23058.88400 22792.74850 22417.81050 22151.93150 21883.40350 22738.41350 22472.53450 22204.00650 23061.44900 22795.57000 22527.04200 22154.46800 21886.20050 21615.29350 22475.07100 22206.80350 21935.89650 22798.10650 22529.83900 22258.93200
22736.33250 22470.45350 22201.92550 23059.92150 22794.04250 22525.51450 23385.93150 23120.05250 22851.52450 22472.99000 22204.72250 21933.81550 22796.57900 22528.31150 22257.40450 23122.58900 22854.32150 22583.41450 22207.23000 21936.58700 21663.31350 22530.81900 22260.17600 21986.90250 22856.82900 22586.18600 22312.91250
22794.51750 22526.25000 22255.34300 23121.07950 22852.81200 22581.90500 23450.05150 23181.78400 22910.87700 22528.75750 22258.11450 21984.84100 22855.31950 22584.67650 22311.40300 23184.29150 22913.64850 22640.37500 22260.59500 21987.58850 21711.96200 22587.15700 22314.15050 22038.52400 22916.12900 22643.12250 22367.49600
22853.27800 22582.63500 22309.36150 23182.79950 22912.15650 22638.88300 23514.71950 23244.07650 22970.80300 22585.11550 22312.10900 22036.48250 22914.63700 22641.63050 22366.00400 23246.55700 22973.55050 22697.92400 22314.56250 22039.20600 21761.23950 22644.08400 22368.72750 22090.76100 22976.00400 22700.64750 22422.68100
22912.61450 22639.60800 22363.98150 23245.08300 22972.07650 22696.45000 23579.93800 23306.93150 23031.30500 22642.06150 22366.70500 22088.73850 22974.53000 22699.17350 22421.20700 23309.38500 23034.02850 22756.06200 22369.13200 22091.43900 21811.14600 22701.60050 22423.90750 22143.61450 23036.45550 22758.76250 22478.46950
22972.52650 22697.17000 22419.20350 23307.92750 23032.57100 22754.60450 23645.70400 23370.34750 23092.38100 22699.59700 22421.90400 22141.61100 23034.99800 22757.30500 22477.01200 23372.77450 23095.08150 22814.78850 22424.30550 22144.28900 21861.68200 22759.70650 22479.69000 22197.08300 23097.48300 22817.46650 22534.85950
23033.01300 22755.32000 22475.02700 23371.33350 23093.64050 22813.34750 23712.01750 23434.32450 23154.03150 22757.72150 22477.70500 22195.09800 23096.04200 22816.02550 22533.41850 23436.72600 23156.70950 22874.10250 22480.08050 22197.75450 21912.84750 22818.40100 22536.07500 22251.16800 23159.08500 22876.75900 22591.85200
23094.07550 22814.05900 22531.45200 23435.30150 23155.28500 22872.67800 23778.87850 23498.86200 23216.25500 22816.43450 22534.10850 22249.20150 23157.66050 22875.33450 22590.42750 23501.23750 23218.91150 22934.00450 22536.45900 22251.83600 21964.64400 22877.68500 22593.06200 22305.87000 23221.26200 22936.63900 22649.44700
23155.71100 22873.38500 22588.47800 23499.82900 23217.50300 22932.59600 23846.28550 23563.95950 23279.05250 22875.73550 22591.11250 22303.92050 23219.85350 22935.23050 22648.03850 23566.31000 23281.68700 22994.49500 22593.43950 22306.53350 22017.07000 22937.55750 22650.65150 22361.18800 23284.01400 22997.10800 22707.64450
23217.92200 22933.29900 22646.10700 23564.91750 23280.29450 22993.10250 23914.23900 23629.61600 23342.42400 22935.62600 22648.72000 22359.25650 23282.62150 22995.71550 22706.25200 23631.94300 23345.03700 23055.57350 22651.02300 22361.84850 22070.12700 22998.01850 22708.84400 22417.12250 23347.34000 23058.16550 22766.44400
23280.70650 22993.80050 22704.33700 23630.56600 23343.66000 23054.19650 23982.73800 23695.83200 23406.36850 22996.10350 22706.92900 22415.20750 23345.96300 23056.78850 22765.06700 23698.13500 23408.96050 23117.23900 22709.20900 22417.77950 22123.81500 23059.06850 22767.63900 22473.67450 23411.24050 23119.81100 22825.84650
23344.06500 23054.89050 22763.16900 23696.77300 23407.59850 23115.87700 24051.78100 23762.60650 23470.88500 23057.17050 22765.74100 22471.77650 23409.87850 23118.44900 22824.48450 23764.88650 23473.45700 23179.49250 22767.99750 22474.32800 22178.13450 23120.70550 22827.03600 22530.84250 23475.71350 23182.04400 22885.85050
23407.99650 23116.56700 22822.60250 23763.53950 23472.11000 23178.14550 24121.36900 23829.93950 23535.97500 23118.82350 22825.15400 22528.96050 23474.36650 23180.69700 22884.50350 23832.19600 23538.52650 23242.33300 22827.38850 22531.49250 22233.08500 23182.93150 22887.03550 22588.62800 23540.76100 23244.86500 22946.45750
23472.50050 23178.83100 22882.63750 23830.86300 23537.19350 23241.00000 24191.49950 23897.83000 23601.63650 23181.06550 22885.16950 22586.76200 23539.42800 23243.53200 22945.12450 23900.06450 23604.16850 23305.76100 22887.38250 22589.27450 22288.66750 23245.74500 22947.63700 22647.03000 23606.38150 23308.27350 23007.66650
23537.57800 23241.68200 22943.27450 23898.74600 23602.85000 23304.44250 24262.17300 23966.27700 23667.86950 23243.89500 22945.78700 22645.18000 23605.06300 23306.95500 23006.34800 23968.49000 23670.38200 23369.77500 22947.97850 22647.67400 22344.88250 23309.14650 23008.84200 22706.05050 23672.57350 23372.26900 23069.47750
23603.22800 23305.12000 23004.51300 23967.18600 23669.07800 23368.47100 24333.38950 24035.28150 23734.67450 23307.31150 23007.00700 22704.21550 23671.26950 23370.96500 23068.17350 24037.47300 23737.16850 23434.37700 23009.17750 22706.69050 22401.72950 23373.13550 23070.64850 22765.68750 23739.33900 23436.85200 23131.89100
23669.44950 23369.14500 23066.35350 24036.18250 23735.87800 23433.08650 24405.14700 24104.84250 23802.05100 23371.31550 23068.82850 22763.86750 23738.04850 23435.56150 23130.60050 24107.01300 23804.52600 23499.56500 23070.97850 22766.32450 22459.20900 23437.71150 23133.05750 22825.94200 23806.67600 23502.02200 23194.90650
23736.24350 23433.75650 23128.79550 24105.73650 23803.24950 23498.28850 24477.44700 24174.96000 23869.99900 23435.90650 23131.25250 22824.13700 23805.39950 23500.74550 23193.63000 24177.11000 23872.45600 23565.34050 23133.38250 22826.57650 22517.32250 23502.87550 23196.06950 22886.81550 23874.58600 23567.78000 23258.52600
23803.60900 23498.95500 23191.83950 24175.84550 23871.19150 23564.07600 24550.28600 24245.63200 23938.51650 23501.08500 23194.27900 22885.02500 23873.32150 23566.51550 23257.26150 24247.76200 23940.95600 23631.70200 23196.38950 22887.44650 22576.06900 23568.62600 23259.68300 22948.30550 23943.06650 23634.12350 23322.74600
23871.54550 23564.73950 23255.48550 24246.51100 23939.70500 23630.45100 24623.66550 24316.85950 24007.60550 23566.85000 23257.90700 22946.52950 23941.81550 23632.87250 23321.49500 24318.97000 24010.02700 23698.64950 23259.99800 22948.93400 22635.44850 23634.96350 23323.89950 23010.41400 24012.11800 23701.05400 23387.56850
23940.05350 23631.11050 23319.73300 24317.73200 24008.78900 23697.41150 24697.58450 24388.64150 24077.26400 23633.20150 23322.13750 23008.65200 24010.88000 23699.81600 23386.33050 24390.73250 24079.66850 23766.18300 23324.20950 23011.04000 22695.46250 23701.88800 23388.71850 23073.14100 24081.74050 23768.57100 23452.99350
24009.13150 23698.06750 23384.58200 24389.50700 24078.44300 23764.95750 24772.04200 24460.97800 24147.49250 23700.13950 23386.97000 23071.39250 24080.51500 23767.34550 23451.76800 24463.05000 24149.88050 23834.30300 23389.02300 23073.76350 22756.11000 23769.39850 23454.13900 23136.48550 24151.93350 23836.67400 23519.02050
24078.78050 23765.61100 23450.03350 24461.83700 24148.66750 23833.09000 24847.03800 24533.86850 24218.29100 23767.66400 23452.40450 23134.75100 24150.72050 23835.46100 23517.80750 24535.92150 24220.66200 23903.00850 23454.44000 23137.10650 22817.39300 23837.49650 23520.16300 23200.44950 24222.69750 23905.36400 23585.65050
24148.99850 23833.73900 23516.08550 24534.72000 24219.46050 23901.80700 24922.57050 24607.31100 24289.65750 23835.77450 23518.44100 23198.72750 24221.49600 23904.16250 23584.44900 24609.34650 24292.01300 23972.29950 23520.45850 23201.06650 22879.30900 23906.18000 23586.78800 23265.03050 24294.03050 23974.63850 23652.88100
24219.78750 23902.45400 23582.74050 24608.15750 24290.82400 23971.11050 24998.64150 24681.30800 24361.59450 23904.47150 23585.07950 23263.32200 24292.84150 23973.44950 23651.69200 24683.32550 24363.93350 24042.17600 23587.07950 23265.64600 22941.86150 23975.44950 23654.01600 23330.23150 24365.93350 24044.50000 23720.71550
24291.14550 23971.75350 23649.99600 24682.14800 24362.75600 24040.99850 25075.24800 24755.85600 24434.09850 23973.75350 23652.32000 23328.53550 24364.75600 24043.32250 23719.53800 24757.85600 24436.42250 24112.63800 23654.30250 23330.84400 23005.04800 24045.30500 23721.84650 23396.05050 24438.40500 24114.94650 23789.15050
24363.07250 24041.63900 23717.85450 24756.69000 24435.25650 24111.47200 25152.39000 24830.95650 24507.17200 24043.62150 23720.16300 23394.36700 24437.23900 24113.78050 23787.98450 24832.93900 24509.48050 24183.68450 23722.12850 23396.66100 23068.87100 24115.74600 23790.27850 23462.48850 24511.44600 24185.97850 23858.18850
24435.56800 24112.10950 23786.31350 24831.78450 24508.32600 24182.53000 25230.06700 24906.60850 24580.81250 24114.07500 23788.60750 23460.81750 24510.29150 24184.82400 23857.03400 24908.57400 24583.10650 24255.31650 23790.55700 23463.09650 23133.32900 24186.77350 23859.31300 23529.54550 24585.05600 24257.59550 23927.82800
24508.63200 24183.16450 23855.37450 24907.43000 24581.96250 24254.17250 25308.27850 24982.81100 24655.02100 24185.11400 23857.65350 23527.88600 24583.91200 24256.45150 23926.68400 24984.76050 24657.30000 24327.53250 23859.58650 23530.15100 23198.42350 24258.38450 23928.94900 23597.22150 24659.23300 24329.79750 23998.07000
24582.26500 24254.80450 23925.03700 24983.62800 24656.16750 24326.40000 25387.02450 25059.56400 24729.79650 24256.73750 23927.30200 23595.57450 24658.10050 24328.66500 23996.93750 25061.49700 24732.06150 24400.33400 23929.21900 23597.82450 23264.15450 24330.58200 23999.18750 23665.51750 24733.97850 24402.58400 24068.91400
24656.46500 24327.02950 23995.30200 25060.37500 24730.93950 24399.21200 25466.30300 25136.86750 24805.14000 24328.94650 23997.55200 23663.88200 24732.85650 24401.46200 24067.79200 25138.78450 24807.39000 24473.72000 23999.45400 23666.11800 23330.52200 24403.36400 24070.02800 23734.43200 24809.29200 24475.95600 24140.36000
24731.23250 24399.83800 24066.16800 25137.67300 24806.27850 24472.60850 25546.11450 25214.72000 24881.05000 24401.74000 24068.40400 23732.80800 24808.18050 24474.84450 24139.24850 25216.62200 24883.28600 24547.69000 24070.29050 23735.03000 23397.52500 24476.73100 24141.47050 23803.96550 24885.17250 24549.91200 24212.40700
24806.56750 24473.23150 24137.63550 25215.52100 24882.18500 24546.58900 25626.45800 25293.12200 24957.52600 24475.11800 24139.85750 23802.35250 24884.07150 24548.81100 24211.30600 25295.00850 24959.74800 24622.24300 24141.72900 23804.56200 23465.16650 24550.68250 24213.51550 23874.12000 24961.61950 24624.45250 24285.05700
24882.46950 24547.20900 24209.70400 25293.91750 24958.65700 24621.15200 25707.33300 25372.07250 25034.56750 24549.08050 24211.91350 23872.51800 24960.52850 24623.36150 24283.96600 25373.94400 25036.77700 24697.38150 24213.77050 23874.71400 23533.44500 24625.21850 24286.16200 23944.89300 25038.63400 24699.57750 24358.30850
24958.93750 24621.77050 24282.37500 25372.86300 25035.69600 24696.30050 25788.73850 25451.57150 25112.17600 24623.62750 24284.57100 23943.30200 25037.55300 24698.49650 24357.22750 25453.42850 25114.37200 24773.10300 24286.41300 23945.48500 23602.36050 24700.33850 24359.41050 24016.28600 25116.21400 24775.28600 24432.16150
25035.97300 24696.91650 24355.64750 25452.35750 25113.30100 24772.03200 25870.67450 25531.61800 25190.34900 24698.75850 24357.83050 24014.70600 25115.14300 24774.21500 24431.09050 25533.46000 25192.53200 24849.40750 24359.65850 24016.87700 23671.91500 24776.04300 24433.26150 24088.29950 25194.36000 24851.57850 24506.61650
25113.57300 24772.64500 24429.52050 25532.39850 25191.47050 24848.34600 25953.13950 25612.21150 25269.08700 24774.47300 24431.69150 24086.72950 25193.29850 24850.51700 24505.55500 25614.03950 25271.25800 24926.29600 24433.50550 24088.88700 23742.10650 24852.33100 24507.71250 24160.93200 25273.07200 24928.45350 24581.67300
25191.73900 24848.95750 24503.99550 25612.98750 25270.20600 24925.24400 26036.13400 25693.35250 25348.39050 24850.77150 24506.15300 24159.37250 25272.02000 24927.40150 24580.62100 25695.16650 25350.54800 25003.76750 24507.95400 24161.51850 23812.93650 24929.20250 24582.76700 24234.18500 25352.34900 25005.91350 24657.33150
25270.47100 24925.85250 24579.07200 25694.12400 25349.50550 25002.72500 26119.65700 25775.03850 25428.25800 24927.65350 24581.21800 24232.63600 25351.30650 25004.87100 24656.28900 25776.83950 25430.40400 25081.82200 24583.00450 24234.77000 23884.40550 25006.65750 24658.42300 24308.05850 25432.19050 25083.95600 24733.59150
25349.76700 25003.33150 24654.74950 25775.80600 25429.37050 25080.78850 26203.70700 25857.27150 25508.68950 25005.11800 24656.88350 24306.51900 25431.15700 25082.92250 24732.55800 25859.05800 25510.82350 25160.45900 24658.65700 24308.64100 23956.51250 25084.69600 24734.68000 24382.55150 25512.59700 25162.58100 24810.45250
25429.62750 25081.39300 24731.02850 25858.03400 25509.79950 25159.43500 26288.28400 25940.04950 25589.68500 25083.16650 24733.15050 24381.02200 25511.57300 25161.55700 24809.42850 25941.82300 25591.80700 25239.67850 24734.91150 24383.13250 24029.25950 25163.31800 24811.53900 24457.66600 25593.56800 25241.78900 24887.91600
25510.05300 25160.03700 24807.90850 25940.80750 25590.79150 25238.66300 26373.38800 26023.37200 25671.24350 25161.79800 24810.01900 24456.14600 25592.55250 25240.77350 24886.90050 26025.13300 25673.35400 25319.48100 24811.76750 24458.24500 24102.64550 25242.52200 24888.99950 24533.40000 25675.10250 25321.58000 24965.98050
25591.04250 25239.26350 24885.39050 26024.12650 25672.34750 25318.47450 26459.01800 26107.23900 25753.36600 25241.01200 24887.48950 24531.89000 25674.09600 25320.57350 24964.97400 26108.98750 25755.46500 25399.86550 24889.22550 24533.97750 24176.67100 25322.30950 24967.06150 24609.75500 25757.20100 25401.95300 25044.64650
25672.59500 25319.07250 24963.47300 26107.98950 25754.46700 25398.86750 26545.17250 26191.65000 25836.05050 25320.80850 24965.56050 24608.25400 25756.20300 25400.95500 25043.64850 26193.38600 25838.13800 25480.83150 24967.28450 24610.33050 24251.33600 25402.67900 25045.72500 24686.73050 25839.86200 25482.90800 25123.91350
25754.71100 25399.46300 25042.15650 26192.39700 25837.14900 25479.84250 26631.85250 26276.60450 25919.29800 25401.18700 25044.23300 24685.23850 25838.87300 25481.91900 25122.92450 26278.32850 25921.37450 25562.38000 25045.94450 24687.30450 24326.64100 25483.63050 25124.99050 24764.32700 25923.08600 25564.44600 25203.78250
25837.39000 25480.43600 25121.44150 26277.34700 25920.39300 25561.39850 26719.05500 26362.10100 26003.10650 25482.14750 25123.50750 24762.84400 25922.10450 25563.46450 25202.80100 26363.81250 26005.17250 25644.50900 25125.20750 24764.89950 24402.58650 25565.16450 25204.85650 24842.54350 26006.87250 25646.56450 25284.25150
25920.63050 25561.99050 25201.32700 26362.84050 26004.20050 25643.53700 26806.78100 26448.14100 26087.47750 25563.69050 25203.38250 24841.06950 26005.90050 25645.59250 25283.27950 26449.84100 26089.53300 25727.22000 25205.07100 24843.11500 24479.17200 25647.28100 25285.32500 24921.38200 26091.22150 25729.26550 25365.32250
26004.43500 25644.12700 25281.81400 26448.87700 26088.56900 25726.25600 26895.03100 26534.72300 26172.41000 25645.81550 25283.85950 24919.91650 26090.25750 25728.30150 25364.35850 26536.41150 26174.45550 25810.51250 25285.53650 24921.95150 24556.39900 25729.97850 25366.39350 25000.84100 26176.13250 25812.54750 25446.99500
26088.80050 25726.84450 25362.90150 26535.45500 26173.49900 25809.55600 26983.80200 26621.84600 26257.90300 25728.52150 25364.93650 24999.38400 26175.17600 25811.59100 25446.03850 26623.52300 26259.93800 25894.38550 25366.60300 25001.40900 24634.26700 25813.25750 25448.06350 25080.92150 26261.60450 25896.41050 25529.26850
26173.72750 25810.14250 25444.59000 26622.57450 26258.98950 25893.43700 27073.09500 26709.51000 26343.95750 25811.80900 25446.61500 25079.47300 26260.65600 25895.46200 25528.32000 26711.17650 26345.98250 25978.84050 25448.27000 25081.48750 24712.77500 25897.11700 25530.33450 25161.62200 26347.63750 25980.85500 25612.14250
26259.21600 25894.02200 25526.88000 26710.23550 26345.04150 25977.89950 27162.90900 26797.71500 26430.57300 25895.67700 25528.89450 25160.18200 26346.69650 25979.91400 25611.20150 26799.37000 26432.58750 26063.87500 25530.53950 25162.18750 24791.92550 25981.55900 25613.20700 25242.94500 26434.23250 26065.88050 25695.61850
26345.26450 25978.48200 25609.76950 26798.43600 26431.65350 26062.94100 27253.24200 26886.45950 26517.74700 25980.12700 25611.77500 25241.51300 26433.29850 26064.94650 25694.68450 26888.10450 26519.75250 26149.49050 25613.40900 25243.50850 24871.71650 26066.58050 25696.68000 25324.88800 26521.38650 26151.48600 25779.69400
26431.87500 26063.52300 25693.26100 26887.17850 26518.82650 26148.56450 27344.09550 26975.74350 26605.48150 26065.15700 25695.25650 25323.46450 26520.46050 26150.56000 25778.76800 26977.37750 26607.47700 26235.68500 25696.88050 25325.45150 24952.15050 26152.18400 25780.75500 25407.45400 26609.10100 26237.67200 25864.37100
26519.04400 26149.14350 25777.35150 26976.45850 26606.55800 26234.76600 27435.46700 27065.56650 26693.77450 26150.76750 25779.33850 25406.03750 26608.18200 26236.75300 25863.45200 27067.19050 26695.76150 26322.46050 25780.95200 25408.01500 25033.22550 26238.36650 25865.42950 25490.64000 26697.37500 26324.43800 25949.64850
26606.77400 26235.34500 25862.04400 27066.27900 26694.85000 26321.54900 27527.35750 27155.92850 26782.62750 26236.95850 25864.02150 25489.23200 26696.46350 26323.52650 25948.73700 27157.54200 26784.60500 26409.81550 25865.62550 25491.20100 25114.94350 26325.13050 25950.70600 25574.44850 26786.20900 26411.78450 26035.52700
26695.06300 26322.12600 25947.33650 27156.63750 26783.70050 26408.91100 27619.76450 27246.82750 26872.03800 26323.73000 25949.30550 25573.04800 26785.30450 26410.88000 26034.62250 27248.43150 26874.00700 26497.74950 25950.89950 25575.00800 25197.30400 26412.47400 26036.58250 25658.87850 26875.60100 26499.70950 26122.00550
26783.91150 26409.48700 26033.22950 27247.53450 26873.11000 26496.85250 27712.69000 27338.26550 26962.00800 26411.08100 26035.18950 25657.48550 26874.70400 26498.81250 26121.10850 27339.85950 26963.96800 26586.26400 26036.77400 25659.43750 25280.30700 26500.39700 26123.06050 25743.93000 26965.55250 26588.21600 26209.08550
26873.31800 26497.42650 26119.72250 27338.96850 26963.07700 26585.37300 27806.13050 27430.23900 27052.53500 26499.01100 26121.67450 25742.54400 26964.66150 26587.32500 26208.19450 27431.82350 27054.48700 26675.35650 26123.24950 25744.48750 25363.95250 26588.90000 26210.13800 25829.60300 27056.06200 26677.30000 26296.76500
26963.28350 26585.94700 26206.81650 27430.94000 27053.60350 26674.47300 27900.08700 27522.75050 27143.62000 26587.52200 26208.76000 25828.22500 27055.17850 26676.41650 26295.88150 27524.32550 27145.56350 26765.02850 26210.32600 25830.16000 25448.24200 26677.98250 26297.81650 25915.89850 27147.12950 26766.96350 26385.04550
27053.80700 26675.04500 26294.51000 27523.44850 27144.68650 26764.15150 27994.55900 27615.79700 27235.26200 26676.61100 26296.44500 25914.52700 27146.25250 26766.08650 26384.16850 27617.36300 27237.19700 26855.27900 26298.00200 25916.45450 25533.17400 26767.64350 26386.09600 26002.81550 27238.75400 26857.20650 26473.92600
27144.88800 26764.72200 26382.80400 27616.49250 27236.32650 26854.40850 28089.54500 27709.37900 27327.46100 26766.27900 26384.73150 26001.45100 27237.88350 26856.33600 26473.05550 27710.93600 27329.38850 26946.10800 26386.27900 26003.37050 25618.75000 26857.88350 26474.97500 26090.35450 27330.93600 26948.02750 26563.40700
27236.52600 26854.97850 26471.69800 27710.07150 27328.52400 26945.24350 28185.04400 27803.49650 27420.21600 26856.52600 26473.61750 26088.99700 27330.07150 26947.16300 26562.54250 27805.04400 27422.13550 27037.51500 26475.15700 26090.90850 25704.97000 26948.70250 26564.45400 26178.51550 27423.67500 27039.42650 26653.48800
27328.72100 26945.81250 26561.19200 27804.18600 27421.27750 27036.65700 28281.05650 27898.14800 27513.52750 26947.35200 26563.10350 26177.16500 27422.81700 27038.56850 26652.63000 27899.68750 27515.43900 27129.50050 26564.63450 26179.06850 25791.83400 27040.09950 26654.53350 26267.29900 27516.97000 27131.40400 26744.16950
27421.47400 27037.22550 26651.28700 27898.83600 27514.58750 27128.64900 28377.58200 27993.33350 27607.39500 27038.75650 26653.19050 26265.95600 27516.11850 27130.55250 26743.31800 27994.86450 27609.29850 27222.06400 26654.71350 26267.85200 25879.34250 27132.07550 26745.21400 26356.70450 27610.82150 27223.96000 26835.45050
27514.78150 27129.21550 26741.98100 27994.01900 27608.45300 27221.21850 28474.61800 28089.05200 27701.81750 27130.73850 26743.87700 26355.36750 27609.97600 27223.11450 26834.60500 28090.57500 27703.71350 27315.20400 26745.39150 26357.25600 25967.49450 27224.62900 26836.49350 26446.73200 27705.22800 27317.09250 26927.33100
27608.64550 27221.78400 26833.27450 28089.73600 27702.87450 27314.36500 28572.16650 28185.30500 27796.79550 27223.29850 26835.16300 26445.40150 27704.38900 27316.25350 26926.49200 28186.81950 27798.68400 27408.92250 26836.66950 26447.28350 26056.29100 27317.76000 26928.37400 26537.38150 27800.19050 27410.80450 27019.81200
27703.06500 27314.92950 26925.16800 28185.98550 27797.85000 27408.08850 28670.22450 28282.08900 27892.32750 27316.43600 26927.05000 26536.05750 27799.35650 27409.97050 27018.97800 28283.59550 27894.20950 27503.21700 26928.54850 26537.93250 26145.73300 27411.46900 27020.85300 26628.65350 27895.70800 27505.09200 27112.89250
27798.03900 27408.65300 27017.66050 28282.76800 27893.38200 27502.38950 28768.79200 28379.40600 27988.41350 27410.15150 27019.53550 26627.33600 27894.88050 27504.26450 27112.06500 28380.90450 27990.28850 27598.08900 27021.02650 26629.20400 26235.81950 27505.75550 27113.93300 26720.54850 27991.77950 27599.95700 27206.57250
27893.56850 27502.95250 27110.75300 28380.08300 27989.46700 27597.26750 28867.86950 28477.25350 28085.05400 27504.44350 27112.62100 26719.23650 27990.95800 27599.13550 27205.75100 28478.74450 28086.92200 27693.53750 27114.10500 26721.09800 26326.55150 27600.61950 27207.61250 26813.06600 28088.40600 27695.39900 27300.85250
27989.65200 27597.82950 27204.44500 28477.92850 28086.10600 27692.72150 28967.45450 28575.63200 28182.24750 27599.31350 27206.30650 26811.76000 28087.59000 27694.58300 27300.03650 28577.11600 28184.10900 27789.56250 27207.78250 26813.61450 26417.92900 27696.05900 27301.89100 26906.20550 28185.58500 27791.41700 27395.73150
28086.29050 27693.28350 27298.73700 28576.30600 28183.29900 27788.75250 29067.54850 28674.54150 28279.99500 27694.75950 27300.59150 26904.90600 28184.77500 27790.60700 27394.92150 28676.01750 28281.84950 27886.16400 27302.06100 26906.75400 26509.95200 27792.07650 27396.76950 26999.96750 28283.31900 27888.01200 27491.21000
28183.48100 27789.31300 27393.62750 28675.21250 28281.04450 27885.35900 29168.14850 28773.98050 28378.29500 27790.78250 27395.47550 26998.67350 28282.51400 27887.20700 27490.40500 28775.45000 28380.14300 27983.34100 27396.93750 27000.51550 26602.62000 27888.66900 27492.24700 27094.35150 28381.60500 27985.18300 27587.28750
28281.22600 27885.91900 27489.11700 28774.65050 28379.34350 27982.54150 29269.25600 28873.94900 28477.14700 27887.38100 27490.95900 27093.06350 28380.80550 27984.38350 27586.48800 28875.41100 28478.98900 28081.09350 27492.41400 27094.89950 26695.93500 27985.83850 27588.32400 27189.35950 28480.44400 28082.92950 27683.96500
28379.52300 27983.10100 27585.20550 28874.61650 28478.19450 28080.29900 29370.86800 28974.44600 28576.55050 27984.55600 27587.04150 27188.07700 28479.64950 28082.13500 27683.17050 28975.90100 28578.38650 28179.42200 27588.49000 27189.90700 26789.89600 28083.58350 27685.00050 27284.98950 28579.83500 28181.25200 27781.24100
28478.37300 28080.85850 27681.89400 28975.11200 28577.59750 28178.63300 29472.98550 29075.47100 28676.50650 28082.30700 27683.72400 27283.71300 28579.04600 28180.46300 27780.45200 29076.91950 28678.33650 28278.32550 27685.16550 27285.53700 26884.50300 28181.90450 27782.27600 27381.24200 28679.77800 28280.14950 27879.11550
28577.77500 28179.19200 27779.18100 29076.13600 28677.55300 28277.54200 29575.60800 29177.02500 28777.01400 28180.63350 27781.00500 27379.97100 28678.99450 28279.36600 27878.33200 29178.46650 28778.83800 28377.80400 27782.44050 27381.78950 26979.75700 28280.80150 27880.15050 27478.11800 28780.27350 28379.62250 27977.59000
28677.72850 28278.10000 27877.06600 29177.68700 28778.05850 28377.02450 29678.73400 29279.10550 28878.07150 28279.53550 27878.88450 27476.85200 28779.49400 28378.84300 27976.81050 29280.54100 28879.89000 28477.85750 27880.31400 27478.66500 27075.65700 28380.27250 27978.62350 27575.61550 28881.31950 28479.67050 28076.66250
28778.23400 28377.58300 27975.55050 29279.76700 28879.11600 28477.08350 29782.36350 29381.71250 28979.68000 28379.01250 27977.36350 27574.35550 28880.54550 28478.89650 28075.88850 29383.14200 28981.49300 28578.48500        nan        nan        nan        nan        nan        nan        nan        nan        nan
